"issue_key","sp_change","type","t0","t1","t2","t3","t4","t5","t6","t7"
"DM-15831",False,"train",0.0,0.0,0.0,0.0,0.3157743811607361,0.0,0.0,0.6596136689186096
"DM-3504",False,"train",0.025108983740210533,0.025099683552980423,0.025104666128754616,0.8241080641746521,0.025113144889473915,0.025105608627200127,0.025104975327849388,0.025254851207137108
"DM-1305",False,"train",0.0,0.03323611989617348,0.1652187556028366,0.7726659774780273,0.0,0.0,0.026921965181827545,0.0
"DM-4373",False,"train",0.014558765105903149,0.0,0.0,0.5024653077125549,0.0,0.25131672620773315,0.0,0.2270781546831131
"DM-15311",True,"train",0.0,0.0,0.0,0.08818252384662628,0.8925089836120605,0.0,0.0,0.0
"DM-3194",False,"train",0.010424040257930756,0.927012026309967,0.01042439229786396,0.010424035601317883,0.010432643815875053,0.010428188368678093,0.010426525957882404,0.010428165085613728
"DM-8674",True,"train",0.0,0.0,0.0,0.9372462034225464,0.0,0.0,0.0,0.0
"DM-7785",False,"train",0.0,0.0,0.0,0.0,0.0,0.9634358286857605,0.0,0.0
"DM-4862",False,"train",0.0,0.0,0.0,0.0,0.6688316464424133,0.2892952859401703,0.0,0.0
"DM-2243",False,"train",0.4128623902797699,0.010032185353338718,0.010036412626504898,0.010033432394266129,0.5269256234169006,0.010037684813141823,0.010030386969447136,0.010041836649179459
"DM-15417",False,"train",0.0,0.0,0.0,0.0,0.9762569069862366,0.0,0.0,0.0
"DM-14134",False,"train",0.010438070632517338,0.010437012650072575,0.010438332334160805,0.010438799858093262,0.9269194602966309,0.010450776666402817,0.010435109958052635,0.010442415252327919
"DM-7519",False,"train",0.0,0.0,0.0,0.9763208627700806,0.0,0.0,0.0,0.0
"DM-17310",True,"train",0.0,0.0,0.0,0.0,0.18187493085861206,0.7924932837486267,0.0,0.0
"DM-6491",False,"train",0.08732396364212036,0.0,0.0,0.7673014998435974,0.14111673831939697,0.0,0.0,0.0
"DM-9098",False,"train",0.0,0.4722544550895691,0.0,0.0,0.0,0.49717429280281067,0.0,0.0
"DM-3540",False,"train",0.0,0.0,0.43714001774787903,0.2588697373867035,0.29667872190475464,0.0,0.0,0.0
"DM-16415",False,"train",0.5053655505180359,0.0,0.0,0.0,0.32299572229385376,0.0,0.1544475555419922,0.0
"DM-16386",False,"train",0.0,0.0,0.0,0.0,0.0,0.0468788668513298,0.9492235779762268,0.0
"DM-10842",False,"train",0.0,0.0,0.0,0.0,0.11433253437280655,0.0,0.0,0.8433887362480164
"DM-8593",True,"train",0.6507577300071716,0.0,0.0,0.0,0.10682101547718048,0.0,0.0,0.2005538046360016
"DM-7563",False,"train",0.0,0.0,0.0,0.0,0.9767637848854065,0.0,0.0,0.0
"DM-17395",True,"train",0.0,0.5838408470153809,0.0,0.17172522842884064,0.0,0.22274616360664368,0.0,0.0
"DM-14161",False,"train",0.0,0.0,0.0,0.0,0.0,0.936176061630249,0.0,0.0
"DM-14042",False,"train",0.0,0.09775304049253464,0.0,0.8664039373397827,0.0,0.0,0.0,0.0
"DM-12615",False,"train",0.0,0.0,0.0,0.0,0.8078540563583374,0.0,0.0,0.17544132471084595
"DM-2599",False,"train",0.0,0.0,0.0,0.9794248938560486,0.0,0.0,0.0,0.0
"DM-8877",False,"train",0.010448331013321877,0.010424179956316948,0.01042498555034399,0.010439668782055378,0.010448858141899109,0.9269559979438782,0.010431095957756042,0.010426817461848259
"DM-3245",True,"train",0.0,0.9601773023605347,0.0,0.0,0.0,0.0,0.0,0.0
"DM-11452",False,"train",0.0,0.0,0.0,0.09196988493204117,0.0,0.8934509754180908,0.0,0.0
"DM-15889",False,"train",0.6726870536804199,0.0,0.0,0.0,0.0,0.293034166097641,0.0,0.0
"DM-7519",False,"train",0.0,0.0,0.0,0.9763208627700806,0.0,0.0,0.0,0.0
"DM-18292",False,"train",0.0,0.0,0.9478968977928162,0.0,0.0,0.0,0.0,0.0
"DM-11887",False,"train",0.0,0.2550589144229889,0.20870628952980042,0.0,0.1684226244688034,0.0,0.3502265214920044,0.0
"DM-11494",False,"train",0.1672375500202179,0.0,0.13387277722358704,0.0,0.6883460879325867,0.0,0.0,0.0
"DM-16873",True,"train",0.01790345460176468,0.017901618033647537,0.017898645251989365,0.01791723258793354,0.017920520156621933,0.20278306305408478,0.01790592446923256,0.6897695660591125
"DM-7833",False,"train",0.0,0.0,0.0,0.970396876335144,0.0,0.0,0.0,0.0
"DM-17811",False,"train",0.0,0.31434234976768494,0.0,0.0,0.0,0.6496661305427551,0.0,0.0
"DM-1658",False,"train",0.0,0.9890300631523132,0.0,0.0,0.0,0.0,0.0,0.0
"DM-3366",False,"train",0.18181665241718292,0.012352763675153255,0.012345490045845509,0.01234580297023058,0.7440664768218994,0.012358692474663258,0.012349267490208149,0.012364904396235943
"DM-17344",True,"train",0.0,0.0,0.0,0.7029623985290527,0.0,0.252861350774765,0.0,0.0
"DM-11350",False,"train",0.0,0.0,0.0,0.0,0.0,0.4288960099220276,0.0,0.5468779802322388
"DM-5035",True,"train",0.019009433686733246,0.01898600533604622,0.2584594190120697,0.01898154430091381,0.6275753974914551,0.019001372158527374,0.01898871548473835,0.018998071551322937
"DM-7596",False,"train",0.2670850157737732,0.02506980672478676,0.025067772716283798,0.025073517113924026,0.5824978947639465,0.025067776441574097,0.02506701461970806,0.025071172043681145
"DM-4487",False,"train",0.031258199363946915,0.031256675720214844,0.0312592089176178,0.03132542222738266,0.03129320964217186,0.03125889599323273,0.03126640245318413,0.781082034111023
"DM-12587",False,"train",0.03670298680663109,0.0367315448820591,0.03670307621359825,0.7430153489112854,0.03671880066394806,0.03671421855688095,0.03670830652117729,0.036705780774354935
"DM-11036",False,"train",0.0,0.0,0.0,0.1676521897315979,0.6133155226707458,0.11043810844421387,0.0,0.094752237200737
"DM-18330",False,"train",0.0,0.0,0.0,0.029806578531861305,0.0,0.0,0.0,0.952668309211731
"DM-11371",False,"train",0.0,0.0,0.0,0.0,0.5877629518508911,0.23817561566829681,0.0,0.13480891287326813
"DM-622",True,"train",0.0,0.1289786845445633,0.0,0.0,0.6654257774353027,0.19052879512310028,0.0,0.0
"DM-7860",False,"train",0.0,0.0,0.0,0.0,0.9775171875953674,0.0,0.0,0.0
"DM-13746",False,"train",0.0,0.0,0.0,0.7439398765563965,0.0,0.0,0.0,0.21365530788898468
"DM-2858",False,"train",0.0,0.0,0.0,0.0,0.46198534965515137,0.0,0.5223411321640015,0.0
"DM-8809",False,"train",0.0,0.0,0.0,0.3328000009059906,0.6330094933509827,0.0,0.0,0.0
"DM-9743",False,"train",0.0,0.0,0.0,0.3795665204524994,0.06743703037500381,0.3295566737651825,0.0,0.21278908848762512
"DM-5676",False,"train",0.013713289983570576,0.013711624778807163,0.013715090230107307,0.6593453884124756,0.01372161041945219,0.01372550055384636,0.01371437031775713,0.258353054523468
"DM-13450",False,"train",0.0,0.0,0.0,0.0,0.3193090558052063,0.6474135518074036,0.0,0.0
"DM-7134",False,"train",0.0,0.0,0.0,0.9452119469642639,0.0,0.0,0.0,0.0
"DM-5296",False,"train",0.015910902991890907,0.6038566827774048,0.015908321365714073,0.3006162941455841,0.015936577692627907,0.015940504148602486,0.015917766839265823,0.015912961214780807
"DM-16483",False,"train",0.0,0.23634767532348633,0.08102695643901825,0.31736963987350464,0.35750800371170044,0.0,0.0,0.0
"DM-8122",False,"train",0.0,0.20945027470588684,0.0,0.7775501012802124,0.0,0.0,0.0,0.0
"DM-1571",False,"train",0.06890171021223068,0.16436566412448883,0.0,0.0,0.7402189373970032,0.0,0.0,0.0
"DM-1658",False,"train",0.0,0.9890300631523132,0.0,0.0,0.0,0.0,0.0,0.0
"DM-7040",False,"train",0.0,0.0,0.0,0.9149152636528015,0.019417716190218925,0.06211566925048828,0.0,0.0
"DM-18389",False,"train",0.016225025057792664,0.016223175451159477,0.016221681609749794,0.016238538548350334,0.016245631501078606,0.20949941873550415,0.6931156516075134,0.016230864450335503
"DM-11378",False,"train",0.0,0.0,0.0,0.8965305089950562,0.0,0.0,0.08401916176080704,0.0
"DM-5517",True,"train",0.031274452805519104,0.03126537799835205,0.7808955907821655,0.03129320591688156,0.03129676356911659,0.0312865674495697,0.03141070157289505,0.031277310103178024
"DM-10241",False,"train",0.0,0.0,0.11511828005313873,0.0,0.0,0.06108245998620987,0.0,0.8050109148025513
"DM-19188",False,"train",0.0,0.0,0.0,0.0,0.3748997747898102,0.4598349332809448,0.0,0.15601904690265656
"DM-13914",False,"train",0.0,0.0,0.0,0.0,0.3665284216403961,0.5760345458984375,0.0,0.0
"DM-10235",False,"train",0.0,0.0,0.0,0.9828111529350281,0.0,0.0,0.0,0.0
"DM-17442",False,"train",0.0,0.0,0.0,0.0,0.0,0.980940580368042,0.0,0.0
"DM-18327",False,"train",0.22368912398815155,0.0,0.0,0.0,0.19038988649845123,0.0,0.0,0.5633437037467957
"DM-4570",False,"train",0.0,0.0,0.10684164613485336,0.0,0.7155165672302246,0.1511395424604416,0.0,0.0
"DM-7596",False,"train",0.2670850157737732,0.02506980672478676,0.025067772716283798,0.025073517113924026,0.5824978947639465,0.025067776441574097,0.02506701461970806,0.025071172043681145
"DM-13477",False,"train",0.0,0.0,0.0,0.0,0.0,0.8916700482368469,0.0,0.06656108051538467
"DM-12211",True,"train",0.0,0.0,0.0,0.0,0.0,0.0,0.0,0.9821019172668457
"DM-11603",False,"train",0.010829253122210503,0.010828926227986813,0.010828549973666668,0.010834864340722561,0.010834278538823128,0.010837927460670471,0.010830407030880451,0.9241757988929749
"DM-9867",False,"train",0.0,0.5490241050720215,0.0,0.0,0.2580142617225647,0.14484991133213043,0.0,0.030210604891180992
"DM-10562",False,"train",0.0,0.9325757622718811,0.0,0.0,0.0,0.0,0.0,0.0
"DM-17347",False,"train",0.014549301005899906,0.014556747861206532,0.014550969004631042,0.014558212831616402,0.8981238603591919,0.014556249603629112,0.014548178762197495,0.014556470327079296
"DM-207",True,"train",0.017874721437692642,0.017889829352498055,0.01790069416165352,0.01787428930401802,0.0178961344063282,0.874814510345459,0.01788288727402687,0.017866937443614006
"DM-5131",False,"train",0.017887193709611893,0.01787569560110569,0.017885589972138405,0.2744961380958557,0.017888709902763367,0.017882274463772774,0.017872540280222893,0.6182118654251099
"DM-16184",False,"train",0.8205256462097168,0.025648009032011032,0.02564358524978161,0.02563432790338993,0.025655755773186684,0.02562934160232544,0.025625284761190414,0.025638088583946228
"DM-18039",False,"train",0.0,0.0,0.23185771703720093,0.0,0.7211430668830872,0.0,0.0,0.0
"DM-8007",False,"train",0.0,0.0,0.0,0.0,0.0,0.0,0.0,0.9503893852233887
"DM-10947",False,"train",0.7924561500549316,0.0,0.0,0.0,0.13040415942668915,0.0,0.0,0.06108125299215317
"DM-7830",False,"train",0.0,0.0,0.0,0.9667965173721313,0.0,0.0,0.0,0.0
"DM-13045",True,"train",0.0,0.0,0.0,0.0,0.3806922733783722,0.589102566242218,0.0,0.0
"DM-18418",True,"train",0.011382452212274075,0.011385652236640453,0.011383592151105404,0.011387153528630733,0.011389849707484245,0.011398700065910816,0.9202811121940613,0.01139154564589262
"DM-6151",False,"train",0.0,0.0,0.7651447653770447,0.2214122712612152,0.0,0.0,0.0,0.0
"DM-15646",True,"train",0.15998943150043488,0.0,0.0,0.0,0.4943128526210785,0.0,0.0,0.3320639133453369
"DM-18167",False,"train",0.0,0.0,0.0,0.9584176540374756,0.0,0.0,0.0,0.024115610867738724
"DM-1217",False,"train",0.0,0.0,0.0,0.28617534041404724,0.7058806419372559,0.0,0.0,0.0
"DM-17021",False,"train",0.0,0.0,0.326434850692749,0.0,0.1292615830898285,0.21163566410541534,0.0,0.3183569014072418
"DM-7448",False,"train",0.0,0.0,0.501501202583313,0.0,0.47762325406074524,0.0,0.0,0.0
"DM-11315",False,"train",0.014623438939452171,0.014624493196606636,0.014624587260186672,0.014656317420303822,0.8975694179534912,0.01463168766349554,0.01462642289698124,0.014643621630966663
"DM-2387",False,"train",0.012588372454047203,0.14092804491519928,0.012592884711921215,0.7835087180137634,0.01260735560208559,0.012594603933393955,0.012588742189109325,0.012591301463544369
"DM-4958",True,"train",0.0,0.0,0.0,0.0,0.0,0.7358074188232422,0.0,0.21687109768390656
"DM-5529",False,"train",0.0,0.039175331592559814,0.35458335280418396,0.0,0.4089486598968506,0.0,0.0,0.19022002816200256
"DM-2804",False,"train",0.46398624777793884,0.0,0.0,0.0,0.0,0.0,0.4964725375175476,0.0
"DM-10860",False,"train",0.2626720368862152,0.0,0.0,0.0,0.0,0.20835009217262268,0.0,0.5070394277572632
"DM-3022",False,"train",0.015636146068572998,0.01564253307878971,0.01566474512219429,0.501539409160614,0.01565023697912693,0.015670187771320343,0.015635231509804726,0.40456151962280273
"DM-17965",False,"train",0.0,0.0,0.0,0.0,0.23885251581668854,0.0,0.7322587966918945,0.0
"DM-783",False,"train",0.0,0.562623918056488,0.0,0.390299916267395,0.0,0.0,0.0,0.0
"DM-10287",False,"train",0.0,0.0,0.0,0.7788089513778687,0.19335626065731049,0.0,0.0,0.0
"DM-10600",False,"train",0.02360391430556774,0.023571060970425606,0.02357122115790844,0.023576242849230766,0.023581363260746002,0.023614872246980667,0.023577885702252388,0.8349034190177917
"DM-1530",True,"train",0.0,0.0,0.0,0.14988933503627777,0.5789650082588196,0.24839770793914795,0.0,0.0
"DM-787",False,"train",0.015646765008568764,0.01566185988485813,0.01564766839146614,0.5512730479240417,0.3548068404197693,0.015653332695364952,0.01565713807940483,0.015653308480978012
"DM-1464",False,"train",0.01138618029654026,0.01138817798346281,0.011385730467736721,0.8724208474159241,0.011411277577280998,0.011396121233701706,0.01139206625521183,0.05921962112188339
"DM-1473",False,"train",0.13147012889385223,0.8501303195953369,0.0,0.0,0.01236959919333458,0.0,0.0,0.0
"DM-14024",False,"train",0.0,0.9312354326248169,0.0,0.0,0.0,0.0,0.0,0.0
"DM-70",False,"train",0.0,0.10763074457645416,0.0,0.2657995820045471,0.4888075292110443,0.11789235472679138,0.0,0.0
"DM-1744",False,"train",0.44291460514068604,0.09445258975028992,0.0,0.0,0.0,0.2991631329059601,0.16160573065280914,0.0
"DM-14377",False,"train",0.0,0.0,0.0,0.0,0.3009084463119507,0.6567087769508362,0.0,0.0
"DM-4835",True,"train",0.0,0.18122290074825287,0.0,0.0,0.35139548778533936,0.44782307744026184,0.0,0.0
"DM-3983",False,"train",0.0,0.0,0.0,0.0,0.9840348362922668,0.0,0.0,0.0
"DM-12117",False,"train",0.995737612247467,0.0,0.0,0.0,0.0,0.0,0.0,0.0
"DM-16016",False,"train",0.056768998503685,0.04547195881605148,0.0,0.05225016921758652,0.5191148519515991,0.09626743942499161,0.03029090352356434,0.19702409207820892
"DM-10562",False,"train",0.0,0.9325757622718811,0.0,0.0,0.0,0.0,0.0,0.0
"DM-13884",False,"train",0.0,0.0,0.9479520320892334,0.0,0.0,0.0,0.0,0.0
"DM-3261",True,"train",0.015634162351489067,0.7443476319313049,0.015641508623957634,0.015638181939721107,0.01563907600939274,0.16183000802993774,0.015635346993803978,0.015634119510650635
"DM-1974",False,"train",0.0,0.0,0.0,0.0,0.0,0.6625150442123413,0.0,0.3106098473072052
"DM-8284",False,"train",0.17001749575138092,0.0,0.0,0.0,0.383748322725296,0.42922428250312805,0.0,0.0
"DM-13869",False,"train",0.0,0.8326017260551453,0.0,0.0,0.0,0.11640240252017975,0.0,0.0
"DM-2675",False,"train",0.015871040523052216,0.015872567892074585,0.01587110385298729,0.015880512073636055,0.8888059854507446,0.01587076298892498,0.015921087935566902,0.015906954184174538
"DM-8533",False,"train",0.0,0.0,0.0,0.23155558109283447,0.2222917377948761,0.0,0.5308645963668823,0.0
"DM-12110",False,"train",0.0,0.0,0.0,0.0,0.0,0.20643731951713562,0.0,0.7434847354888916
"DM-6969",False,"train",0.01561727561056614,0.0156166460365057,0.015615998767316341,0.015623913146555424,0.015625763684511185,0.8906593918800354,0.015619413927197456,0.015621664933860302
"DM-778",False,"train",0.0,0.0,0.0,0.0,0.951440691947937,0.0,0.0,0.0
"DM-1998",False,"train",0.0,0.0,0.08283000439405441,0.16776852309703827,0.7150030136108398,0.0,0.0,0.0
"DM-4998",False,"train",0.0,0.0,0.07104617357254028,0.9216281175613403,0.0,0.0,0.0,0.0
"DM-3894",False,"train",0.0,0.0,0.0,0.0,0.0,0.49462267756462097,0.0,0.47406861186027527
"DM-441",False,"train",0.0,0.08559758216142654,0.0,0.5485576391220093,0.35887688398361206,0.0,0.0,0.0
"DM-4831",False,"train",0.0,0.0,0.0,0.4968026280403137,0.484335720539093,0.0,0.0,0.0
"DM-1388",False,"train",0.013100509531795979,0.013094093650579453,0.6588008403778076,0.262633353471756,0.013094525784254074,0.01308746263384819,0.01308679860085249,0.013102357275784016
"DM-11126",False,"train",0.0,0.37218722701072693,0.0,0.0,0.5978803634643555,0.0,0.0,0.0
"DM-16707",False,"train",0.0,0.0,0.0,0.0,0.6937647461891174,0.0,0.0,0.2588546574115753
"DM-17919",False,"train",0.08001010119915009,0.0,0.0,0.2944677174091339,0.5704190135002136,0.03969874233007431,0.0,0.0
"DM-9455",False,"train",0.015815990045666695,0.015808653086423874,0.015818117186427116,0.01581784337759018,0.3762935400009155,0.4573986828327179,0.015817856416106224,0.08722930401563644
"DM-3450",False,"train",0.0,0.0,0.0,0.982764482498169,0.0,0.0,0.0,0.0
"DM-9864",False,"train",0.6082963943481445,0.24157972633838654,0.02502167597413063,0.02502727322280407,0.025018837302923203,0.02501453459262848,0.025026192888617516,0.02501533553004265
"DM-14597",False,"train",0.3628078103065491,0.0,0.0,0.2351551502943039,0.3810740113258362,0.0,0.0,0.0
"DM-8179",False,"train",0.0,0.0,0.0,0.0,0.0,0.0,0.4455530047416687,0.530373752117157
"DM-12403",False,"train",0.37926068902015686,0.0,0.0,0.0,0.0,0.5763675570487976,0.0,0.0
"DM-7987",False,"train",0.0,0.0,0.7681493163108826,0.0,0.0,0.21793133020401,0.0,0.0
"DM-16502",False,"train",0.0,0.10714779049158096,0.0,0.0,0.22910289466381073,0.1132294312119484,0.0,0.5327565670013428
"DM-9171",False,"train",0.0,0.0,0.0,0.086736761033535,0.6969642043113708,0.20113609731197357,0.0,0.0
"DM-9329",True,"train",0.0,0.1453302800655365,0.0,0.0,0.0,0.8243042230606079,0.0,0.0
"DM-17985",False,"train",0.0,0.0,0.0,0.0,0.0,0.0,0.0,0.9512915015220642
"DM-1632",False,"train",0.0,0.3436283767223358,0.0,0.0,0.646894097328186,0.0,0.0,0.0
"DM-754",True,"train",0.0,0.0,0.0,0.0,0.9415199756622314,0.0,0.0,0.0
"DM-12382",False,"train",0.02517860382795334,0.025172842666506767,0.31995806097984314,0.02520701475441456,0.5288887023925781,0.025196649134159088,0.025203708559274673,0.025194408372044563
"DM-8264",False,"train",0.0,0.0,0.26395976543426514,0.7135451436042786,0.0,0.0,0.0,0.0
"DM-7492",False,"train",0.0,0.0,0.0,0.0,0.9581203460693359,0.0,0.0,0.0
"DM-13654",False,"train",0.0,0.0,0.0,0.0,0.9686585664749146,0.0,0.0,0.0
"DM-13371",False,"train",0.01129782572388649,0.5938096046447754,0.011283371597528458,0.011296325363218784,0.33842727541923523,0.011303509585559368,0.01128365471959114,0.0112984087318182
"DM-9206",False,"train",0.0,0.0,0.0,0.692527711391449,0.0,0.06657157093286514,0.0,0.22997045516967773
"DM-13554",False,"train",0.0,0.0,0.0,0.0,0.0,0.0,0.0,0.9511981010437012
"DM-545",True,"train",0.0,0.0,0.0,0.0,0.9876412749290466,0.0,0.0,0.0
"DM-1331",False,"train",0.0,0.0,0.9675384759902954,0.0,0.0,0.0,0.0,0.0
"DM-6134",False,"train",0.01042994949966669,0.010437637567520142,0.010431662201881409,0.010443304665386677,0.010450450703501701,0.010453133843839169,0.010453050024807453,0.9269008040428162
"DM-11718",True,"train",0.0,0.0,0.0,0.0,0.28781071305274963,0.698729395866394,0.0,0.0
"DM-15812",False,"train",0.025060931220650673,0.025023041293025017,0.025023089721798897,0.4888153374195099,0.025052236393094063,0.36086878180503845,0.025131195783615112,0.02502536214888096
"DM-14282",False,"train",0.7126080393791199,0.03631429001688957,0.0,0.22068147361278534,0.012860293500125408,0.016725612804293633,0.0,0.0
"DM-16957",True,"train",0.42129385471343994,0.5323814153671265,0.0,0.044147130101919174,0.0,0.0,0.0,0.0
"DM-10880",False,"train",0.015644676983356476,0.015643460676074028,0.015677595511078835,0.8904283046722412,0.01564626395702362,0.015660377219319344,0.01565675623714924,0.015642570331692696
"DM-18169",True,"train",0.015655286610126495,0.015659432858228683,0.015655267983675003,0.01565851829946041,0.01566459611058235,0.8903465270996094,0.015692146494984627,0.015668204054236412
"DM-1916",True,"train",0.0,0.0,0.0,0.0,0.9948577880859375,0.0,0.0,0.0
"DM-836",True,"train",0.0,0.0,0.0,0.0,0.9266884922981262,0.0,0.0,0.056981101632118225
"DM-1710",False,"train",0.3330386281013489,0.0,0.6558066010475159,0.0,0.0,0.0,0.0,0.0
"DM-16844",False,"train",0.0,0.0,0.0,0.3879176378250122,0.0,0.5815807580947876,0.0,0.0
"DM-12890",False,"train",0.0,0.0,0.0,0.0647813156247139,0.15027816593647003,0.0,0.0,0.7670325636863708
"DM-13155",False,"train",0.0,0.20562784373760223,0.0,0.0,0.0,0.7428821921348572,0.0,0.0
"DM-2421",False,"train",0.0,0.0,0.6956530213356018,0.0,0.2742365002632141,0.0,0.0,0.0
"DM-17317",False,"train",0.0,0.0,0.0,0.0,0.0,0.6177213788032532,0.0,0.3595154285430908
"DM-11329",True,"train",0.01795564405620098,0.01790834404528141,0.017906082794070244,0.017901821061968803,0.8746713995933533,0.017902826890349388,0.017881207168102264,0.017872687429189682
"DM-10212",False,"train",0.015417377464473248,0.015419501811265945,0.21212437748908997,0.01541680283844471,0.6953325271606445,0.015436206012964249,0.015416587702929974,0.015436632558703423
"DM-18377",False,"train",0.022249458357691765,0.4831363260746002,0.022252358496189117,0.022284969687461853,0.02230192720890045,0.1972491443157196,0.20823851227760315,0.022287290543317795
"DM-5040",False,"train",0.0182005874812603,0.018181758001446724,0.018183359876275063,0.018192268908023834,0.8726846575737,0.01818736083805561,0.018184635788202286,0.018185410648584366
"DM-16151",False,"train",0.0,0.13681697845458984,0.0,0.0,0.4230993986129761,0.0,0.0,0.4251318573951721
"DM-9186",True,"train",0.0,0.0,0.0,0.0,0.26320046186447144,0.7113164663314819,0.0,0.0
"DM-5084",False,"train",0.0,0.0,0.0,0.0,0.9853432178497314,0.0,0.0,0.0
"DM-6253",False,"train",0.010527711361646652,0.010524400509893894,0.010522003285586834,0.9263237118721008,0.010525891557335854,0.010523892007768154,0.01052106823772192,0.01053130254149437
"DM-11766",False,"train",0.011640520766377449,0.011628665030002594,0.24020124971866608,0.011629285290837288,0.01164441928267479,0.690001368522644,0.01162600889801979,0.011628479696810246
"DM-14536",False,"train",0.0,0.9634190797805786,0.0,0.0,0.0,0.0,0.0,0.0
"DM-9041",False,"train",0.0,0.0,0.0,0.0,0.9755641222000122,0.0,0.0,0.0
"DM-16312",False,"train",0.0,0.0,0.0,0.0,0.9423520565032959,0.0,0.0,0.0
"DM-17",False,"train",0.0,0.0,0.0,0.9449978470802307,0.0,0.0,0.0,0.0
"DM-4850",False,"train",0.0,0.0,0.0,0.0,0.0,0.8875405788421631,0.07984650880098343,0.0
"DM-11987",False,"train",0.0,0.0,0.0,0.0,0.977510392665863,0.0,0.0,0.0
"DM-6029",False,"train",0.011387106962502003,0.011384344659745693,0.920259416103363,0.01138940267264843,0.01139730866998434,0.011393390595912933,0.011387343518435955,0.011401703581213951
"DM-8868",False,"train",0.22329768538475037,0.010425828397274017,0.010425785556435585,0.01044267974793911,0.010440943762660027,0.714113175868988,0.010426088236272335,0.010427789762616158
"DM-8293",True,"train",0.0,0.0,0.0,0.0,0.0,0.48257771134376526,0.45939701795578003,0.0
"DM-12371",True,"train",0.04535578563809395,0.204196959733963,0.08517007529735565,0.0,0.6378616094589233,0.0,0.0,0.0
"DM-13577",False,"train",0.8398560285568237,0.0,0.0,0.0,0.12850983440876007,0.0,0.0,0.0
"DM-4616",False,"train",0.0,0.0,0.5320788621902466,0.0,0.0,0.37313511967658997,0.0836636871099472,0.0
"DM-5782",False,"train",0.057066746056079865,0.0,0.0,0.0,0.9052526354789734,0.0,0.0,0.0
"DM-6788",False,"train",0.0,0.0,0.29532572627067566,0.0,0.4662206768989563,0.0,0.0,0.21110236644744873
"DM-14218",False,"train",0.018424665555357933,0.01842721737921238,0.01842394471168518,0.018433503806591034,0.018425170332193375,0.018424661830067635,0.01843961328268051,0.8710011839866638
"DM-17482",False,"train",0.015629909932613373,0.01562979631125927,0.015629511326551437,0.015631716698408127,0.015633512288331985,0.015638593584299088,0.015639416873455048,0.8905675411224365
"DM-18031",False,"train",0.0,0.020352069288492203,0.0,0.0,0.5596891641616821,0.06233164668083191,0.0,0.35157549381256104
"DM-17380",False,"train",0.0,0.13802172243595123,0.0,0.0,0.8458373546600342,0.0,0.0,0.0
"DM-1844",False,"train",0.0141779575496912,0.9007269144058228,0.014178644865751266,0.014177162200212479,0.014195576310157776,0.014186644926667213,0.01417773962020874,0.014179368503391743
"DM-10926",False,"train",0.2707015872001648,0.4786360263824463,0.0,0.2427660971879959,0.0,0.0,0.0,0.0
"DM-12610",False,"train",0.0,0.6124784350395203,0.0,0.0,0.0,0.29634103178977966,0.06362013518810272,0.0
"DM-2205",True,"train",0.0,0.0,0.0,0.0,0.9176043272018433,0.0,0.06626562029123306,0.0
"DM-11397",False,"train",0.0,0.04991431161761284,0.0,0.0,0.14532504975795746,0.7806183099746704,0.017767824232578278,0.0
"DM-10842",False,"train",0.0,0.0,0.0,0.0,0.11433253437280655,0.0,0.0,0.8433887362480164
"DM-10528",False,"train",0.012509983964264393,0.012510949745774269,0.012511895038187504,0.012511355802416801,0.012519688345491886,0.012511440552771091,0.012509244494140148,0.9124155044555664
"DM-8439",False,"train",0.0,0.0,0.0,0.9582642316818237,0.0,0.0,0.0,0.0
"DM-17876",False,"train",0.0,0.0,0.0,0.08391845226287842,0.0,0.3612767159938812,0.0,0.5315353274345398
"DM-15926",True,"train",0.3563750088214874,0.0,0.0,0.0,0.0,0.41469284892082214,0.0,0.20443858206272125
"DM-4225",False,"train",0.0,0.12417144328355789,0.0,0.0,0.835249125957489,0.0,0.0,0.0
"DM-10765",True,"train",0.010441450402140617,0.010438823141157627,0.010444513522088528,0.010449792258441448,0.010461442172527313,0.010451806709170341,0.6083478927612305,0.3289642930030823
"DM-11883",True,"train",0.0,0.0,0.0,0.0,0.0,0.0,0.0,0.9415798187255859
"DM-4917",False,"train",0.0,0.0,0.0,0.5448768734931946,0.0,0.0,0.0,0.43433743715286255
"DM-6077",False,"train",0.0,0.1151081994175911,0.0,0.0,0.0,0.8422555923461914,0.0,0.0
"DM-13712",False,"train",0.0,0.0,0.03235364705324173,0.0,0.7750291228294373,0.0,0.15352798998355865,0.02225864678621292
"DM-13536",False,"train",0.0,0.0,0.0,0.0,0.20917657017707825,0.6514015197753906,0.0,0.12966753542423248
"DM-9852",False,"train",0.0,0.0,0.0,0.8038128614425659,0.0,0.18200728297233582,0.0,0.0
"DM-9168",False,"train",0.06428918987512589,0.0,0.0,0.5604279637336731,0.35804641246795654,0.0,0.0,0.0
"DM-8363",False,"train",0.0,0.0,0.0,0.5738902688026428,0.10903964936733246,0.24570412933826447,0.0,0.06274724006652832
"DM-2511",False,"train",0.0,0.0,0.0,0.34813857078552246,0.33845385909080505,0.0,0.0,0.2820877134799957
"DM-9282",True,"train",0.0,0.0,0.0,0.17056438326835632,0.0,0.0,0.0,0.8128980994224548
"DM-3371",True,"train",0.0,0.0,0.0,0.31223058700561523,0.07521898299455643,0.2702716290950775,0.32938358187675476,0.0
"DM-17281",False,"train",0.0,0.0,0.0,0.0,0.0,0.9707731604576111,0.0,0.0
"DM-7535",False,"train",0.0,0.0,0.0,0.0,0.0,0.9708385467529297,0.0,0.0
"DM-9089",False,"train",0.0,0.03991119936108589,0.0,0.1268676072359085,0.3300619423389435,0.3460615873336792,0.1469963937997818,0.0
"DM-5688",False,"train",0.0,0.0,0.0,0.0,0.9601097106933594,0.0,0.0,0.0
"DM-9515",False,"train",0.020844046026468277,0.020849931985139847,0.18789133429527283,0.6870136857032776,0.020846517756581306,0.02084502950310707,0.020862950012087822,0.020846504718065262
"DM-8799",False,"train",0.0,0.0,0.0,0.06935882568359375,0.0,0.9055469036102295,0.0,0.0
"DM-6922",False,"train",0.0,0.528559684753418,0.0,0.0,0.0,0.4435836672782898,0.0,0.0
"DM-3447",False,"train",0.0,0.0,0.0,0.0,0.41705623269081116,0.568160355091095,0.0,0.0
"DM-2426",False,"train",0.1339726597070694,0.0,0.234916552901268,0.0,0.6198563575744629,0.0,0.0,0.0
"DM-1254",False,"train",0.0250419732183218,0.0250388290733099,0.025040173903107643,0.2669007182121277,0.02505018375813961,0.025044720619916916,0.02503831312060356,0.582845151424408
"DM-11678",False,"train",0.0,0.0,0.0,0.0,0.0,0.0,0.0,0.9813458919525146
"DM-241",False,"train",0.0,0.0,0.0,0.061901431530714035,0.11357817053794861,0.27188199758529663,0.4304443299770355,0.11652413755655289
"DM-5298",False,"train",0.0,0.0,0.0,0.0,0.9452198147773743,0.0,0.0,0.0
"DM-8242",False,"train",0.0,0.0,0.0,0.40699303150177,0.40172848105430603,0.0,0.0,0.17180539667606354
"DM-9328",False,"train",0.21580272912979126,0.0,0.0,0.1875189244747162,0.5464373230934143,0.0,0.03230857104063034,0.016937807202339172
"DM-4894",False,"train",0.3726700246334076,0.0,0.0,0.0,0.19952212274074554,0.4097282886505127,0.0,0.0
"DM-4997",False,"train",0.0,0.26246383786201477,0.04111654311418533,0.3084878921508789,0.0,0.3710896670818329,0.0,0.0
"DM-3896",True,"train",0.0,0.2969064712524414,0.0,0.0,0.0,0.3465301990509033,0.0,0.3304787874221802
"DM-13409",True,"train",0.0,0.30565550923347473,0.0,0.0,0.6553150415420532,0.0,0.0,0.0
"DM-14639",False,"train",0.0,0.0,0.0,0.9618573188781738,0.0,0.0,0.0,0.0
"DM-6290",False,"train",0.0,0.0,0.0,0.0,0.0,0.0,0.953824520111084,0.0
"DM-9245",False,"train",0.0,0.0,0.0,0.0,0.9371323585510254,0.0,0.0,0.0
"DM-4934",True,"train",0.010831748135387897,0.01082581840455532,0.010823529213666916,0.01082598976790905,0.010834058746695518,0.32056117057800293,0.6144385933876038,0.010859069414436817
"DM-4830",False,"train",0.0,0.0,0.8058983683586121,0.0,0.0,0.0,0.0,0.1709297150373459
"DM-8872",True,"train",0.0,0.29825910925865173,0.3367270529270172,0.0,0.0,0.32483357191085815,0.0,0.0
"DM-2096",False,"train",0.9269514083862305,0.01044369861483574,0.010423732921481133,0.0104370703920722,0.010442226193845272,0.010436847805976868,0.010434645228087902,0.01043037511408329
"DM-4398",False,"train",0.0,0.0,0.0,0.0,0.0,0.0,0.0,0.9634531736373901
"DM-16173",False,"train",0.0,0.0,0.0,0.47983190417289734,0.2587054669857025,0.09226351976394653,0.1546878069639206,0.0
"DM-15887",False,"train",0.0,0.0,0.0,0.0,0.6289684772491455,0.0,0.0,0.35749194025993347
"DM-9192",False,"train",0.0,0.0,0.0,0.5712594985961914,0.38347071409225464,0.0,0.0,0.0
"DM-12697",False,"train",0.0,0.0,0.0,0.9156473278999329,0.0,0.0,0.05979587882757187,0.0
"DM-10440",False,"train",0.43386608362197876,0.0,0.0,0.10509888082742691,0.4336642026901245,0.0,0.0,0.0
"DM-8641",False,"train",0.0,0.0,0.0,0.0,0.0,0.9749411940574646,0.0,0.0
"DM-3380",True,"train",0.0,0.0,0.0,0.44743654131889343,0.37964823842048645,0.0,0.15420153737068176,0.0
"DM-8336",False,"train",0.0,0.0,0.0,0.0,0.9717322587966919,0.0,0.0,0.0
"DM-14139",False,"train",0.0,0.0,0.0,0.0,0.958004891872406,0.0,0.0,0.0
"DM-7948",False,"train",0.0,0.0,0.0,0.0,0.0,0.5971265435218811,0.0,0.34716489911079407
"DM-18513",False,"train",0.0,0.3307926654815674,0.0,0.0,0.6346421837806702,0.0,0.0,0.0
"DM-4493",False,"train",0.020839901641011238,0.02083747461438179,0.020838558673858643,0.020847691223025322,0.020851004868745804,0.020848669111728668,0.020847946405410767,0.8540887832641602
"DM-778",False,"train",0.0,0.0,0.0,0.0,0.951440691947937,0.0,0.0,0.0
"DM-5502",False,"train",0.0,0.0,0.0,0.265060693025589,0.0,0.0,0.0,0.7128250002861023
"DM-15109",False,"train",0.0,0.0,0.0,0.0,0.9648849964141846,0.0,0.0,0.0
"DM-3891",True,"train",0.0,0.38622739911079407,0.43169504404067993,0.0,0.0,0.0,0.14891602098941803,0.0
"DM-1294",False,"train",0.0,0.0,0.0,0.0,0.0,0.9626863598823547,0.0,0.0
"DM-1580",False,"train",0.0,0.16797366738319397,0.0,0.0,0.7602010369300842,0.0,0.0,0.05393049865961075
"DM-4992",False,"train",0.0,0.0,0.0,0.0,0.0,0.6439480185508728,0.0,0.31747254729270935
"DM-10558",False,"train",0.0,0.12972833216190338,0.0,0.14577420055866241,0.5035746693611145,0.0,0.0,0.20714981853961945
"DM-766",False,"train",0.0,0.0,0.7350986003875732,0.0,0.0,0.0,0.0,0.21334527432918549
"DM-13342",False,"train",0.0,0.0,0.0,0.0,0.0,0.22920331358909607,0.7171312570571899,0.0
"DM-14065",False,"train",0.019704286009073257,0.5139513611793518,0.01969836838543415,0.019726300612092018,0.019710613414645195,0.019723929464817047,0.019702192395925522,0.36778292059898376
"DM-14828",False,"train",0.0,0.0,0.0,0.7987784743309021,0.0,0.0,0.16162016987800598,0.0
"DM-4584",False,"train",0.0,0.0,0.0,0.1874074786901474,0.1452046036720276,0.0,0.0,0.6254332065582275
"DM-7897",False,"train",0.0,0.0,0.0,0.9194256067276001,0.0,0.0,0.0,0.05736548453569412
"DM-14847",False,"train",0.0,0.0,0.0,0.0,0.9661241173744202,0.0,0.0,0.0
"DM-4806",False,"train",0.0,0.0,0.0,0.0,0.9556550979614258,0.0,0.0,0.0
"DM-9134",False,"train",0.0,0.0,0.0,0.0,0.0,0.9508964419364929,0.0,0.0
"DM-10974",False,"train",0.0,0.0,0.0,0.0,0.0,0.7415122389793396,0.0,0.21778005361557007
"DM-6473",True,"train",0.0,0.0,0.02009645104408264,0.22835884988307953,0.46989762783050537,0.0,0.0,0.2738329768180847
"DM-2094",False,"train",0.26103857159614563,0.0,0.0,0.0,0.0,0.5951501727104187,0.0,0.11924262344837189
"DM-17956",False,"train",0.0,0.0821278989315033,0.0,0.053110335022211075,0.18513056635856628,0.6594341993331909,0.0,0.017265379428863525
"DM-11555",False,"train",0.0,0.0,0.3475058376789093,0.6023110151290894,0.0,0.0,0.0,0.0
"DM-18438",False,"train",0.0,0.3046817183494568,0.0,0.0,0.17991900444030762,0.2688973844051361,0.0,0.22857123613357544
"DM-10044",False,"train",0.0,0.0,0.0,0.0,0.0,0.9619039297103882,0.0,0.0
"DM-8458",True,"train",0.0250045545399189,0.025005660951137543,0.025007594376802444,0.8249540328979492,0.025008393451571465,0.025011640042066574,0.02500319480895996,0.025004953145980835
"DM-12635",True,"train",0.0,0.0,0.0,0.0,0.28923192620277405,0.6973145008087158,0.0,0.0
"DM-13952",False,"train",0.0,0.0,0.0,0.8914287090301514,0.0,0.0,0.0,0.09432294964790344
"DM-4840",False,"train",0.15519563853740692,0.0,0.0,0.8144772052764893,0.0,0.0,0.0,0.0
"DM-6627",False,"train",0.0,0.0,0.0,0.0,0.9725425839424133,0.0,0.0,0.0
"DM-7543",False,"train",0.0,0.0,0.0,0.5656503438949585,0.2848793566226959,0.0,0.0,0.1345609724521637
"DM-7464",False,"train",0.05115075781941414,0.0,0.0,0.0,0.340124249458313,0.0,0.0,0.6005940437316895
"DM-4202",True,"train",0.0,0.0,0.0,0.3688541054725647,0.1905842274427414,0.427589476108551,0.0,0.0
"DM-17909",False,"train",0.6358357667922974,0.3283153176307678,0.0,0.0,0.0,0.0,0.0,0.0
"DM-5165",True,"train",0.011388944461941719,0.011388582177460194,0.011394747532904148,0.011390691623091698,0.011395287699997425,0.9202645421028137,0.011383980512619019,0.011393178254365921
"DM-9871",False,"train",0.0,0.0,0.0,0.37006834149360657,0.0,0.5648496150970459,0.0,0.04667701572179794
"DM-1598",False,"train",0.0,0.0,0.0,0.0,0.96329265832901,0.0,0.0,0.0
"DM-8536",False,"train",0.715482234954834,0.0,0.0,0.0,0.0,0.0,0.0,0.2677559554576874
"DM-9002",False,"train",0.12060722708702087,0.0,0.0,0.0,0.0,0.867066502571106,0.0,0.0
"DM-6718",False,"train",0.0,0.0,0.0,0.0,0.22029979526996613,0.09640973806381226,0.0,0.6751412153244019
"DM-12310",False,"train",0.0,0.5593153238296509,0.0,0.23019589483737946,0.0,0.19968818128108978,0.0,0.0
"DM-12467",False,"train",0.0,0.0,0.08562644571065903,0.4189103841781616,0.0,0.28803807497024536,0.0,0.18238326907157898
"DM-15134",False,"train",0.0,0.7675012350082397,0.0,0.0,0.0,0.0,0.0,0.18820546567440033
"DM-3259",False,"train",0.0,0.0,0.0,0.32770222425460815,0.0794462040066719,0.0,0.5778117775917053,0.0
"DM-10032",True,"train",0.0,0.0,0.0,0.0,0.7505460381507874,0.20133453607559204,0.0,0.035716407001018524
"DM-13307",False,"train",0.0,0.0,0.0,0.0,0.6401104927062988,0.15312719345092773,0.0,0.16307304799556732
"DM-8873",False,"train",0.010443257167935371,0.01042802631855011,0.010428503155708313,0.01044202409684658,0.010446269065141678,0.9269533157348633,0.010428342036902905,0.010430226102471352
"DM-10258",False,"train",0.019729668274521828,0.019728831946849823,0.019729802384972572,0.019735349342226982,0.8618595600128174,0.019730718806385994,0.019735349342226982,0.019750693812966347
"DM-1658",False,"train",0.0,0.9890300631523132,0.0,0.0,0.0,0.0,0.0,0.0
"DM-12085",False,"train",0.0,0.0,0.0,0.0,0.46730807423591614,0.4826146066188812,0.0,0.0
"DM-10764",False,"train",0.0,0.0,0.0,0.9851071834564209,0.0,0.0,0.0,0.0
"DM-12310",False,"train",0.0,0.5593153238296509,0.0,0.23019589483737946,0.0,0.19968818128108978,0.0,0.0
"DM-15350",False,"train",0.0,0.0,0.5556096434593201,0.42827028036117554,0.0,0.0,0.0,0.0
"DM-5362",True,"train",0.0,0.0,0.0,0.14736443758010864,0.8212748765945435,0.0,0.0,0.0
"DM-11283",False,"train",0.0,0.0,0.0,0.0,0.0,0.7256089448928833,0.0,0.24380642175674438
"DM-10375",False,"train",0.0,0.0,0.0,0.0,0.0,0.0,0.0,0.9618397951126099
"DM-14659",True,"train",0.017878931015729904,0.017902621999382973,0.017917383462190628,0.017891472205519676,0.2612137794494629,0.017901787534356117,0.01788215897977352,0.6314119100570679
"DM-8500",False,"train",0.0,0.0,0.0,0.910834550857544,0.0,0.07698936015367508,0.0,0.0
"DM-15152",False,"train",0.0,0.0,0.0,0.0,0.0,0.9904679656028748,0.0,0.0
"DM-9276",True,"train",0.017868738621473312,0.01786290854215622,0.017864977940917015,0.8749061226844788,0.01787591353058815,0.017881739884614944,0.01786138489842415,0.017878204584121704
"DM-5540",False,"train",0.025047142058610916,0.02501986362040043,0.8247173428535461,0.025032954290509224,0.025054125115275383,0.02503146417438984,0.02504771761596203,0.025049403309822083
"DM-6591",False,"train",0.5445817708969116,0.0,0.0,0.4345199763774872,0.0,0.0,0.0,0.0
"DM-2729",False,"train",0.0,0.0,0.5932890176773071,0.15775659680366516,0.23083049058914185,0.0,0.0,0.0
"DM-13054",True,"train",0.0,0.0,0.0,0.8845902681350708,0.09538989514112473,0.0,0.0,0.0
"DM-2854",False,"train",0.0,0.0,0.6763548254966736,0.0,0.11611093580722809,0.18506082892417908,0.0,0.0
"DM-1305",False,"train",0.0,0.03323611989617348,0.1652187556028366,0.7726659774780273,0.0,0.0,0.026921965181827545,0.0
"DM-11885",True,"train",0.0,0.0,0.7684007883071899,0.0,0.0,0.0,0.0,0.18987706303596497
"DM-2551",False,"train",0.0,0.0,0.1546289473772049,0.817994236946106,0.0,0.0,0.0,0.0
"DM-6533",False,"train",0.19740156829357147,0.3163744807243347,0.0,0.0,0.11815659701824188,0.0,0.3330894112586975,0.0
"DM-13219",False,"train",0.9582691192626953,0.0,0.0,0.0,0.0,0.0,0.0,0.0
"DM-768",False,"train",0.0,0.0,0.0,0.0,0.0,0.9618510603904724,0.0,0.0
"DM-13341",False,"train",0.021009862422943115,0.5228968858718872,0.020993297919631004,0.020993197336792946,0.02099367044866085,0.02099364995956421,0.35112568736076355,0.020993705838918686
"DM-1070",False,"train",0.0,0.0,0.0,0.0,0.1663515567779541,0.0,0.0,0.8057814836502075
"DM-1926",False,"train",0.017893726006150246,0.017946939915418625,0.017893793061375618,0.017893699929118156,0.017902005463838577,0.8746727705001831,0.01788988523185253,0.017907187342643738
"DM-11677",False,"train",0.0,0.7092759013175964,0.21815669536590576,0.0,0.0,0.0,0.0,0.04823550581932068
"DM-7108",False,"train",0.17907282710075378,0.01295064389705658,0.0,0.0,0.7850455641746521,0.0,0.0,0.0
"DM-10821",False,"train",0.02209581807255745,0.02210654690861702,0.022094957530498505,0.02213679999113083,0.02218962460756302,0.8451588153839111,0.022105222567915916,0.02211223915219307
"DM-4682",False,"train",0.02508985437452793,0.025085577741265297,0.025070084258913994,0.025088751688599586,0.02508567087352276,0.40747737884521484,0.02507064864039421,0.4420320391654968
"DM-10336",False,"train",0.026448940858244896,0.039861246943473816,0.8783406615257263,0.0,0.0,0.05117422714829445,0.0,0.0
"DM-18532",False,"train",0.0,0.0,0.0,0.0,0.0,0.6306847929954529,0.0,0.34708917140960693
"DM-6858",True,"train",0.0,0.0,0.0,0.2667333483695984,0.0,0.7132577300071716,0.0,0.0
"DM-1461",False,"train",0.0,0.0,0.0,0.9373769164085388,0.0,0.0,0.0,0.0
"DM-1573",False,"train",0.0,0.0,0.0,0.0,0.0,0.9415730237960815,0.0,0.0
"DM-13631",False,"train",0.0,0.0,0.0,0.0,0.9581689834594727,0.0,0.0,0.0
"DM-14648",False,"train",0.0,0.0,0.0,0.0,0.0,0.0,0.0,0.9675328731536865
"DM-14770",False,"train",0.0,0.0,0.0,0.9580153226852417,0.0,0.0,0.0,0.0
"DM-17348",False,"train",0.0,0.0,0.0,0.5141746401786804,0.0,0.4671509265899658,0.0,0.0
"DM-4903",True,"train",0.0,0.0,0.0,0.07799170911312103,0.82881098985672,0.0,0.0,0.07873402535915375
"DM-1161",True,"train",0.0,0.0,0.0,0.28302955627441406,0.0,0.0,0.438388466835022,0.24855613708496094
"DM-6256",False,"train",0.012534355744719505,0.01254061609506607,0.012537773698568344,0.43535616993904114,0.01254340261220932,0.012552606873214245,0.48940223455429077,0.012532854452729225
"DM-18439",False,"train",0.01790773868560791,0.017877912148833275,0.017881300300359726,0.8746753334999084,0.017952313646674156,0.0178790632635355,0.01794886402785778,0.017877530306577682
"DM-370",True,"train",0.0,0.0,0.0,0.0,0.25147318840026855,0.5903856158256531,0.1450832486152649,0.0
"DM-13941",False,"train",0.0,0.0,0.0,0.0,0.7386607527732849,0.23000088334083557,0.019748356193304062,0.0
"DM-4227",False,"train",0.0,0.08313128352165222,0.0,0.0,0.35020095109939575,0.4982677400112152,0.05812842398881912,0.0
"DM-15588",True,"train",0.0,0.053001418709754944,0.0,0.0,0.9109375476837158,0.0,0.0,0.0
"DM-2841",False,"train",0.0,0.0,0.0,0.0,0.5124378800392151,0.0,0.0,0.4433329701423645
"DM-7558",False,"train",0.0,0.33087924122810364,0.0,0.0,0.6333585977554321,0.0,0.0,0.0
"DM-14563",False,"train",0.3213452994823456,0.0,0.0,0.14391295611858368,0.0,0.5020459890365601,0.0,0.0
"DM-1692",False,"train",0.017756154760718346,0.0,0.0,0.02575427107512951,0.4764299690723419,0.25473037362098694,0.22117844223976135,0.0
"DM-1462",False,"train",0.0,0.0,0.0,0.9373461604118347,0.0,0.0,0.0,0.0
"DM-5532",True,"train",0.0,0.0,0.0,0.0,0.9879906177520752,0.0,0.0,0.0
"DM-9803",False,"train",0.0,0.0,0.0,0.0,0.13297687470912933,0.0,0.0,0.8381224274635315
"DM-11751",False,"train",0.0,0.0,0.0,0.0,0.9768785834312439,0.0,0.0,0.0
"DM-3985",False,"train",0.0,0.5578913688659668,0.0,0.0,0.36494284868240356,0.0,0.05165185034275055,0.0
"DM-6236",False,"train",0.01390222180634737,0.013909717090427876,0.01390411239117384,0.013902644626796246,0.01390257477760315,0.013907932676374912,0.9026655554771423,0.013905254192650318
"DM-6029",False,"train",0.011387106962502003,0.011384344659745693,0.920259416103363,0.01138940267264843,0.01139730866998434,0.011393390595912933,0.011387343518435955,0.011401703581213951
"DM-1314",False,"train",0.0,0.42034417390823364,0.0,0.4895697236061096,0.07549981027841568,0.0,0.0,0.0
"DM-11981",True,"train",0.0,0.0,0.0,0.39853715896606445,0.40758439898490906,0.18343724310398102,0.0,0.0
"DM-17197",False,"train",0.0,0.7228009700775146,0.0,0.0,0.0,0.258394330739975,0.0,0.0
"DM-2630",False,"train",0.020100172609090805,0.4059988260269165,0.0,0.0,0.26029881834983826,0.295154869556427,0.015201876871287823,0.0
"DM-6569",False,"train",0.0,0.0,0.0,0.9795095920562744,0.0,0.0,0.0,0.0
"DM-1135",False,"train",0.0,0.0,0.0,0.0,0.0,0.9742253422737122,0.0,0.0
"DM-3936",False,"train",0.017870072275400162,0.8748974800109863,0.017895301803946495,0.017867213115096092,0.017875179648399353,0.01786366105079651,0.017869234085083008,0.01786184310913086
"DM-17722",False,"train",0.0,0.0,0.0,0.0,0.0,0.45011740922927856,0.5120918154716492,0.0
"DM-8425",False,"train",0.0,0.0,0.0,0.0,0.22383542358875275,0.13304556906223297,0.0,0.6155499219894409
"DM-11517",False,"train",0.0,0.6694334745407104,0.0,0.0,0.2982286810874939,0.0,0.0,0.0
"DM-6542",False,"train",0.0,0.0,0.0,0.31703290343284607,0.1576962172985077,0.0,0.4959813058376312,0.0
"DM-17641",False,"train",0.0,0.0,0.0,0.0,0.0,0.0,0.0,0.9451795816421509
"DM-1363",False,"train",0.2158147096633911,0.0,0.0,0.10838259011507034,0.658790647983551,0.0,0.0,0.0
"DM-9199",False,"train",0.03132951259613037,0.031293850392103195,0.7808857560157776,0.0312938392162323,0.03131233528256416,0.031294334679841995,0.03129555657505989,0.031294822692871094
"DM-13219",False,"train",0.9582691192626953,0.0,0.0,0.0,0.0,0.0,0.0,0.0
"DM-9490",False,"train",0.0,0.0,0.0,0.718165397644043,0.25760823488235474,0.0,0.0,0.0
"DM-6966",False,"train",0.43505245447158813,0.2730674147605896,0.0,0.0,0.10904582589864731,0.0,0.0,0.15642650425434113
"DM-334",False,"train",0.0,0.49648937582969666,0.0,0.0,0.4655510187149048,0.0,0.0,0.0
"DM-9420",False,"train",0.0,0.0,0.0,0.2996809482574463,0.5430892705917358,0.13552454113960266,0.0,0.0
"DM-5432",False,"train",0.05390071123838425,0.0,0.0,0.16662108898162842,0.6235002875328064,0.13956521451473236,0.0,0.0
"DM-8717",False,"train",0.0,0.0,0.0,0.0,0.5643749237060547,0.400734543800354,0.0,0.0
"DM-2740",False,"train",0.0,0.0,0.0,0.0,0.6591470837593079,0.3160470426082611,0.0,0.0
"DM-976",False,"train",0.0,0.0,0.0,0.0,0.9325792789459229,0.0,0.0,0.0
"DM-11817",False,"train",0.017996719107031822,0.018002478405833244,0.01799768954515457,0.018006805330514908,0.018018480390310287,0.7047687768936157,0.017995454370975494,0.18721362948417664
"DM-2468",False,"train",0.06090046465396881,0.06094493344426155,0.06089422479271889,0.060899537056684494,0.5734171271324158,0.06094477325677872,0.060963694006204605,0.06103520840406418
"DM-3182",True,"train",0.0,0.0,0.0,0.07098707556724548,0.3307884633541107,0.5822285413742065,0.0,0.0
"DM-13452",True,"train",0.5021618604660034,0.0,0.0,0.0,0.0,0.0,0.0,0.46076852083206177
"DM-16418",False,"train",0.0,0.0,0.0,0.0,0.0,0.0,0.9374269843101501,0.0
"DM-4129",False,"train",0.0,0.0,0.5666276216506958,0.1142951175570488,0.1524249017238617,0.1488146185874939,0.0,0.0
"DM-9500",True,"train",0.0,0.0,0.0,0.0,0.49762287735939026,0.0,0.26710087060928345,0.2258956879377365
"DM-11010",False,"train",0.0,0.0,0.6957122683525085,0.1652759462594986,0.0,0.13021765649318695,0.0,0.0
"DM-827",False,"train",0.9851431250572205,0.0,0.0,0.0,0.0,0.0,0.0,0.0
"DM-9258",False,"train",0.0,0.0,0.0,0.4423632025718689,0.5387908220291138,0.0,0.0,0.0
"DM-16743",False,"train",0.0,0.8035305738449097,0.0,0.16227009892463684,0.0,0.0,0.0,0.0
"DM-9937",False,"train",0.0,0.0,0.5041623711585999,0.0,0.0,0.0,0.0,0.4931751787662506
"DM-14910",False,"train",0.17418159544467926,0.0,0.0,0.0,0.0,0.043013930320739746,0.7760210037231445,0.0
"DM-9076",False,"train",0.0,0.48538824915885925,0.0,0.0,0.0,0.34753894805908203,0.0,0.14200904965400696
"DM-11096",False,"train",0.1035064160823822,0.0,0.036663301289081573,0.12531715631484985,0.22245852649211884,0.03662183880805969,0.1450585126876831,0.32960179448127747
"DM-5247",False,"train",0.0,0.0,0.9670879244804382,0.029371431097388268,0.0,0.0,0.0,0.0
"DM-7791",False,"train",0.020764410495758057,0.0,0.0,0.0,0.0,0.739233672618866,0.0,0.2316775768995285
"DM-2309",False,"train",0.0,0.0,0.0,0.33831140398979187,0.0,0.3866039216518402,0.0,0.24480950832366943
"DM-7900",False,"train",0.0,0.012308928184211254,0.0,0.0,0.9608359336853027,0.0,0.0,0.0
"DM-215",True,"train",0.02506876364350319,0.5712161660194397,0.02502475492656231,0.02501405030488968,0.2786213159561157,0.02501862309873104,0.025021659210324287,0.02501465566456318
"DM-841",False,"train",0.0,0.4853358566761017,0.0,0.0,0.0,0.48572152853012085,0.0,0.0
"DM-5910",False,"train",0.0,0.0,0.0,0.0,0.0,0.19988009333610535,0.7605478763580322,0.0
"DM-3492",False,"train",0.0,0.0,0.0,0.0,0.9604483842849731,0.0,0.0,0.0
"DM-2510",False,"train",0.41752609610557556,0.0,0.0,0.2360658198595047,0.0,0.17134177684783936,0.13746125996112823,0.0
"DM-10092",False,"train",0.0,0.0,0.0,0.0,0.614678144454956,0.3685608208179474,0.0,0.0
"DM-8242",False,"train",0.0,0.0,0.0,0.40699303150177,0.40172848105430603,0.0,0.0,0.17180539667606354
"DM-10329",False,"train",0.0,0.0,0.0,0.3463170826435089,0.10322866588830948,0.3418218791484833,0.0,0.18941102921962738
"DM-7446",False,"train",0.0,0.0,0.0,0.0,0.5595491528511047,0.4294062852859497,0.0,0.0
"DM-2001",False,"train",0.0,0.0,0.0,0.0,0.0,0.0,0.0,0.9662712812423706
"DM-11313",False,"train",0.8748074769973755,0.01789853908121586,0.01787322759628296,0.01788521185517311,0.017892878502607346,0.017898429185152054,0.01787627674639225,0.01786794140934944
"DM-15611",False,"train",0.0137525275349617,0.4742797613143921,0.013746351934969425,0.013754532672464848,0.01376768946647644,0.44320595264434814,0.013745356351137161,0.013747875578701496
"DM-15610",False,"train",0.06194746494293213,0.17051638662815094,0.12361152470111847,0.0,0.0,0.4379652738571167,0.0,0.19668026268482208
"DM-8542",False,"train",0.0,0.0,0.0,0.7479279041290283,0.0,0.0,0.0,0.2332092672586441
"DM-17038",False,"train",0.0,0.0,0.0,0.0,0.13387759029865265,0.15955865383148193,0.6804669499397278,0.0
"DM-10233",False,"train",0.0,0.0,0.953858494758606,0.0,0.0,0.0,0.0,0.0
"DM-5088",False,"train",0.0,0.13891126215457916,0.0,0.0,0.8429893851280212,0.0,0.0,0.0
"DM-10488",False,"train",0.0,0.0,0.0,0.0,0.0,0.0,0.0,0.9559833407402039
"DM-9162",False,"train",0.0,0.0,0.0,0.9648647904396057,0.0,0.0,0.0,0.0
"DM-12430",False,"train",0.0,0.0,0.0,0.0591135248541832,0.7599944472312927,0.0,0.16557636857032776,0.0
"DM-3962",True,"train",0.06258340179920197,0.561916172504425,0.06258340179920197,0.06258339434862137,0.06258339434862137,0.06258340179920197,0.06258343160152435,0.06258340924978256
"DM-14505",False,"train",0.0,0.0,0.0,0.0,0.2478025257587433,0.0,0.0,0.7313536405563354
"DM-5190",True,"train",0.020913921296596527,0.020859790965914726,0.020857511088252068,0.020859891548752785,0.020871758460998535,0.020879114046692848,0.8538658022880554,0.020892255008220673
"DM-2190",False,"train",0.0,0.0,0.0,0.0,0.9756940007209778,0.0,0.0,0.0
"DM-5545",False,"train",0.019597897306084633,0.019591527059674263,0.019589034840464592,0.01959197409451008,0.8628050684928894,0.01964513771235943,0.01958734169602394,0.019592005759477615
"DM-9652",False,"train",0.0,0.0,0.0,0.4512087106704712,0.0,0.5183970928192139,0.0,0.0
"DM-14259",True,"train",0.01668453961610794,0.7159193158149719,0.016677478328347206,0.016677821055054665,0.016698962077498436,0.016707392409443855,0.18395037949085236,0.01668412983417511
"DM-4214",False,"train",0.0,0.0,0.0,0.49235799908638,0.0,0.4999648630619049,0.0,0.0
"DM-17437",False,"train",0.0,0.0,0.0,0.0,0.0,0.0,0.0,0.9600903391838074
"DM-10008",False,"train",0.0,0.0,0.06532033532857895,0.0,0.9104123115539551,0.0,0.0,0.0
"DM-2385",False,"train",0.0,0.0,0.0,0.0,0.9617705345153809,0.0,0.0,0.0
"DM-7745",False,"train",0.0,0.0,0.0,0.9891715049743652,0.0,0.0,0.0,0.0
"DM-7862",False,"train",0.43304362893104553,0.0,0.0,0.0,0.0,0.4889478385448456,0.0,0.05635813623666763
"DM-5249",False,"train",0.016340896487236023,0.7274604439735413,0.016339503228664398,0.17444366216659546,0.01635981723666191,0.01635577715933323,0.016343487426638603,0.0163564495742321
"DM-14363",True,"train",0.0,0.0,0.0,0.0,0.1366892009973526,0.0,0.0,0.8469697833061218
"DM-12159",False,"train",0.890409529209137,0.015656081959605217,0.015645930543541908,0.015647748485207558,0.015658875927329063,0.015667159110307693,0.015655536204576492,0.01565912924706936
"DM-359",False,"train",0.0,0.049500562250614166,0.0,0.0,0.0,0.0,0.0,0.9363280534744263
"DM-836",True,"train",0.0,0.0,0.0,0.0,0.9266884922981262,0.0,0.0,0.056981101632118225
"DM-14560",True,"train",0.010974301025271416,0.010987039655447006,0.14187049865722656,0.010979130864143372,0.7922465205192566,0.010981258004903793,0.010989661328494549,0.010971602983772755
"DM-17943",False,"train",0.6003819108009338,0.010473329573869705,0.01046842336654663,0.010477066971361637,0.010474998503923416,0.33676570653915405,0.010473721660673618,0.010484859347343445
"DM-13870",False,"train",0.0,0.0,0.0,0.0,0.0,0.6657311320304871,0.0,0.3082250654697418
"DM-10332",True,"train",0.0,0.0,0.0,0.2693330645561218,0.0,0.6688177585601807,0.0,0.05166646093130112
"DM-10485",False,"train",0.0,0.0,0.0,0.0,0.525795578956604,0.0,0.0,0.4601701498031616
"DM-12429",True,"train",0.0,0.0,0.0,0.6969076991081238,0.0,0.28617405891418457,0.0,0.0
"DM-8352",False,"train",0.14134472608566284,0.0,0.0,0.6619159579277039,0.0,0.16291646659374237,0.0,0.0
"DM-3966",False,"train",0.3196324408054352,0.01811404898762703,0.01806732453405857,0.018102938309311867,0.01806693524122238,0.01807447150349617,0.01806649938225746,0.5718753337860107
"DM-11542",False,"train",0.0,0.0,0.0,0.0,0.0,0.7781595587730408,0.20987774431705475,0.0
"DM-3688",False,"train",0.0,0.8433713316917419,0.0,0.0,0.13997270166873932,0.0,0.0,0.0
"DM-10818",False,"train",0.0,0.0,0.0,0.0,0.0,0.0,0.0,0.942514181137085
"DM-11948",False,"train",0.12889401614665985,0.0,0.0,0.0,0.0,0.3466937243938446,0.0,0.4967261850833893
"DM-1252",False,"train",0.3063768148422241,0.14804589748382568,0.017879467457532883,0.017871210351586342,0.45616549253463745,0.017877068370580673,0.017873259261250496,0.01791074313223362
"DM-10765",True,"train",0.010441450402140617,0.010438823141157627,0.010444513522088528,0.010449792258441448,0.010461442172527313,0.010451806709170341,0.6083478927612305,0.3289642930030823
"DM-14334",True,"train",0.5232846736907959,0.02946719154715538,0.2997640073299408,0.029484810307621956,0.02953617461025715,0.029484126716852188,0.029474493116140366,0.029504552483558655
"DM-1258",True,"train",0.0,0.25430068373680115,0.0,0.16908101737499237,0.5492763519287109,0.0,0.0,0.0
"DM-4683",False,"train",0.025045063346624374,0.025047404691576958,0.025032702833414078,0.025049174204468727,0.025047121569514275,0.8246862292289734,0.025033213198184967,0.025059059262275696
"DM-7802",True,"train",0.5700806975364685,0.01045480091124773,0.010439268313348293,0.3672434687614441,0.010440981015563011,0.010449410416185856,0.010436980985105038,0.010454393923282623
"DM-14103",False,"train",0.0,0.0,0.0,0.38090837001800537,0.3272656202316284,0.0,0.0,0.27508360147476196
"DM-16947",False,"train",0.01569734327495098,0.25804197788238525,0.015699870884418488,0.6477671265602112,0.015695488080382347,0.015698127448558807,0.015707122161984444,0.015693001449108124
"DM-17929",False,"train",0.0,0.0,0.0,0.0,0.0,0.9102712273597717,0.0,0.06162414327263832
"DM-9888",False,"train",0.0,0.0,0.46123719215393066,0.0,0.0,0.0,0.0,0.5166210532188416
"DM-9939",False,"train",0.0,0.0,0.029974348843097687,0.0,0.24587750434875488,0.4342329502105713,0.0,0.2782149016857147
"DM-16808",False,"train",0.0,0.24607431888580322,0.0,0.2652195990085602,0.47055402398109436,0.0,0.0,0.0
"DM-5869",False,"train",0.0,0.0,0.0,0.0,0.9779137969017029,0.0,0.0,0.0
"DM-10046",False,"train",0.0,0.0,0.0,0.0,0.6626275181770325,0.0,0.0,0.31489357352256775
"DM-11278",False,"train",0.020868618041276932,0.020863153040409088,0.020862041041254997,0.8539031147956848,0.02089742384850979,0.020857203751802444,0.02088415063917637,0.020864253863692284
"DM-14849",False,"train",0.30892032384872437,0.0,0.0,0.0,0.0,0.37265095114707947,0.0,0.29729607701301575
"DM-12973",False,"train",0.10298231244087219,0.0,0.0,0.0,0.0,0.0,0.0,0.83766770362854
"DM-16218",False,"train",0.0,0.0,0.19376976788043976,0.7891077995300293,0.0,0.0,0.0,0.0
"DM-4295",False,"train",0.0,0.8077340126037598,0.0,0.0,0.0,0.11319813132286072,0.053957194089889526,0.0
"DM-9752",False,"train",0.0,0.0,0.0,0.5050117373466492,0.30680954456329346,0.12852969765663147,0.047098662704229355,0.0
"DM-11547",False,"train",0.0,0.9437875151634216,0.0,0.0,0.0,0.0,0.0,0.0
"DM-5544",False,"train",0.025018932297825813,0.025014149025082588,0.8247448801994324,0.025034550577402115,0.025080658495426178,0.025046784430742264,0.02503165975213051,0.02502836100757122
"DM-9775",False,"train",0.0,0.0,0.0,0.0,0.9414862394332886,0.0,0.0,0.0
"DM-1331",False,"train",0.0,0.0,0.9675384759902954,0.0,0.0,0.0,0.0,0.0
"DM-11026",True,"train",0.0,0.0,0.057448260486125946,0.2958361506462097,0.0,0.0,0.0,0.6282219886779785
"DM-11329",True,"train",0.01795564405620098,0.01790834404528141,0.017906082794070244,0.017901821061968803,0.8746713995933533,0.017902826890349388,0.017881207168102264,0.017872687429189682
"DM-4155",True,"train",0.08119349181652069,0.0,0.0,0.0,0.286760538816452,0.0,0.0,0.6149526238441467
"DM-13397",True,"train",0.0,0.5101796984672546,0.0,0.3807693421840668,0.0,0.0,0.0,0.08998944610357285
"DM-4486",True,"train",0.020840005949139595,0.020840145647525787,0.02084159106016159,0.020848514512181282,0.020849350839853287,0.2102586030960083,0.020853765308856964,0.6646680235862732
"DM-4218",False,"train",0.0,0.0,0.305560827255249,0.6089367270469666,0.06438899785280228,0.0,0.0,0.0
"DM-8387",False,"train",0.0,0.351404070854187,0.0,0.0,0.0,0.0,0.0,0.5949339270591736
"DM-16475",False,"train",0.0,0.0,0.0,0.07047343999147415,0.07144536823034286,0.15795646607875824,0.0,0.6855393052101135
"DM-8229",False,"train",0.30563220381736755,0.012176351621747017,0.012167247012257576,0.01217470783740282,0.012176436372101307,0.0121707022190094,0.012163680978119373,0.6213386654853821
"DM-12090",False,"train",0.7466909885406494,0.0,0.0,0.0,0.0,0.0,0.19960978627204895,0.0
"DM-9939",False,"train",0.0,0.0,0.029974348843097687,0.0,0.24587750434875488,0.4342329502105713,0.0,0.2782149016857147
"DM-2435",False,"train",0.02716335467994213,0.0,0.5222786664962769,0.30352625250816345,0.14236398041248322,0.0,0.0,0.0
"DM-1161",True,"train",0.0,0.0,0.0,0.28302955627441406,0.0,0.0,0.438388466835022,0.24855613708496094
"DM-9419",False,"train",0.0,0.0,0.0,0.0,0.37639084458351135,0.0,0.0,0.6008026599884033
"DM-710",False,"train",0.0,0.0,0.0,0.20697571337223053,0.0,0.7669500112533569,0.0,0.0
"DM-9969",False,"train",0.0,0.0,0.0,0.0,0.0,0.0,0.9325418472290039,0.0
"DM-309",False,"train",0.0,0.0,0.0,0.0,0.9686494469642639,0.0,0.0,0.0
"DM-7547",False,"train",0.0,0.0,0.0,0.0,0.0,0.17636722326278687,0.0,0.7965090870857239
"DM-3888",False,"train",0.0,0.0,0.19218710064888,0.0,0.5065552592277527,0.0,0.26965081691741943,0.0
"DM-9302",False,"train",0.26500773429870605,0.0,0.23075751960277557,0.0,0.0,0.4780675768852234,0.0,0.0
"DM-15910",False,"train",0.0,0.0,0.0,0.0,0.0,0.9634850025177002,0.0,0.0
"DM-12029",False,"train",0.0,0.0,0.0,0.25088196992874146,0.0,0.3658376932144165,0.0,0.3755760192871094
"DM-13276",True,"train",0.0,0.0,0.0,0.0,0.0,0.0,0.5189708471298218,0.4393669068813324
"DM-7833",False,"train",0.0,0.0,0.0,0.970396876335144,0.0,0.0,0.0,0.0
"DM-13381",False,"train",0.0,0.0,0.09972288459539413,0.0,0.1329747587442398,0.5748218894004822,0.0,0.17971840500831604
"DM-1607",False,"train",0.0,0.0,0.0,0.37147337198257446,0.28435689210891724,0.0,0.2107391506433487,0.10851337015628815
"DM-12406",False,"train",0.013902398757636547,0.013904343359172344,0.013898721896111965,0.013944542035460472,0.01391857210546732,0.01392950490117073,0.9025948643684387,0.01390698179602623
"DM-15126",False,"train",0.0,0.0,0.0,0.5668669939041138,0.0,0.09992609173059464,0.15527088940143585,0.1536097228527069
"DM-13693",False,"train",0.0,0.0,0.0,0.6348258256912231,0.0,0.0,0.16830158233642578,0.17005105316638947
"DM-5932",True,"train",0.0,0.0,0.0,0.0,0.9600642323493958,0.0,0.0,0.0
"DM-2506",False,"train",0.9512276649475098,0.0,0.0,0.0,0.0,0.0,0.0,0.0
"DM-7477",True,"train",0.0,0.0,0.0,0.9579359292984009,0.0,0.0,0.0,0.0
"DM-631",False,"train",0.03505438566207886,0.03505227714776993,0.03504793345928192,0.0350516252219677,0.7545527815818787,0.035085152834653854,0.03505831956863403,0.03509749099612236
"DM-8652",False,"train",0.0,0.0,0.0,0.9439865350723267,0.0,0.0,0.0,0.0
"DM-13690",False,"train",0.0,0.0,0.0,0.0,0.9618775248527527,0.0,0.0,0.0
"DM-15734",False,"train",0.010522068478167057,0.010527116246521473,0.010523296892642975,0.9263197183609009,0.010532920248806477,0.010529311373829842,0.010519970208406448,0.010525576770305634
"DM-15507",False,"train",0.0,0.0,0.0,0.0,0.0,0.945828914642334,0.0,0.0
"DM-6465",False,"train",0.9510008096694946,0.0,0.0,0.0,0.0,0.0,0.0,0.0
"DM-10740",False,"train",0.020891714841127396,0.020885685458779335,0.020894531160593033,0.020892217755317688,0.020902708172798157,0.020889602601528168,0.02088581956923008,0.8537577390670776
"DM-840",False,"train",0.0,0.0,0.0,0.9820870161056519,0.0,0.0,0.0,0.0
"DM-4348",False,"train",0.09674110263586044,0.0,0.0,0.0,0.22746868431568146,0.3098783493041992,0.34894877672195435,0.0
"DM-9645",False,"train",0.0,0.0,0.0,0.0,0.807182788848877,0.1535433530807495,0.0,0.0
"DM-9486",False,"train",0.03126459941267967,0.5281582474708557,0.03126208484172821,0.03132082521915436,0.03126136586070061,0.2842050790786743,0.03127023205161095,0.03125760704278946
"DM-8589",True,"train",0.0,0.0,0.0,0.7725330591201782,0.20379208028316498,0.0,0.0,0.0
"DM-6139",False,"train",0.0,0.0,0.0,0.0,0.0,0.9657211899757385,0.0,0.0
"DM-13680",False,"train",0.0,0.910999059677124,0.05319381132721901,0.0,0.0,0.0,0.0,0.0
"DM-4567",True,"train",0.0,0.0,0.0,0.0,0.9791163802146912,0.0,0.0,0.0
"DM-8197",False,"train",0.0,0.0,0.0,0.5742464661598206,0.383931428194046,0.0,0.0,0.0
"DM-12052",False,"train",0.0,0.32828280329704285,0.28427818417549133,0.0,0.0,0.0,0.09821052849292755,0.27522513270378113
"DM-14671",False,"train",0.07661128789186478,0.0,0.0,0.18572449684143066,0.7267647385597229,0.0,0.0,0.0
"DM-8565",True,"train",0.0,0.0,0.0,0.0,0.983927845954895,0.0,0.0,0.0
"DM-5932",True,"train",0.0,0.0,0.0,0.0,0.9600642323493958,0.0,0.0,0.0
"DM-11536",False,"train",0.010929504409432411,0.010934301652014256,0.010924376547336578,0.010931923985481262,0.5213145017623901,0.010950641706585884,0.41308000683784485,0.010934763588011265
"DM-7225",False,"train",0.0,0.0,0.0,0.696890652179718,0.0,0.0,0.0,0.27963992953300476
"DM-9514",False,"train",0.020840901881456375,0.020841829478740692,0.02084195241332054,0.8540946245193481,0.02084217220544815,0.020841406658291817,0.02085561491549015,0.02084146812558174
"DM-2280",False,"train",0.0,0.0,0.0,0.7437828183174133,0.1709144115447998,0.0,0.0,0.07453028857707977
"DM-14891",False,"train",0.0,0.0,0.0,0.0,0.0,0.0,0.9756651520729065,0.0
"DM-5336",False,"train",0.0,0.20375564694404602,0.0,0.0,0.13917535543441772,0.0,0.10388825833797455,0.5190143585205078
"DM-17565",True,"train",0.0,0.35164305567741394,0.0,0.07660626620054245,0.44721898436546326,0.0,0.09607505798339844,0.0
"DM-18339",False,"train",0.0,0.0,0.0,0.0,0.34140101075172424,0.0,0.0,0.6105774641036987
"DM-1615",False,"train",0.0,0.0,0.0,0.0,0.976320207118988,0.0,0.0,0.0
"DM-14894",False,"train",0.0,0.0,0.0,0.0,0.2663426697254181,0.6969950199127197,0.0,0.0
"DM-16835",False,"train",0.0,0.3446449637413025,0.0,0.284008651971817,0.360286682844162,0.0,0.0,0.0
"DM-11350",False,"train",0.0,0.0,0.0,0.0,0.0,0.4288960099220276,0.0,0.5468779802322388
"DM-14932",True,"train",0.0,0.0,0.28622177243232727,0.2539491057395935,0.45277565717697144,0.0,0.0,0.0
"DM-13851",False,"train",0.0,0.10244263708591461,0.0353248231112957,0.5733335614204407,0.0,0.27824729681015015,0.0,0.0
"DM-11507",False,"train",0.0,0.533172607421875,0.0,0.09859934449195862,0.0,0.33841612935066223,0.0,0.0
"DM-2699",True,"train",0.11718297749757767,0.0,0.0,0.1215292364358902,0.2981099784374237,0.3243555724620819,0.13398738205432892,0.0
"DM-8556",False,"train",0.0,0.09682647138834,0.0,0.0,0.0,0.29167652130126953,0.0,0.5906111001968384
"DM-12257",False,"train",0.3381342589855194,0.0,0.0,0.0,0.0,0.6304765343666077,0.0,0.0
"DM-11723",False,"train",0.013911058194935322,0.013901674188673496,0.013901046477258205,0.013901876285672188,0.013917051255702972,0.37689536809921265,0.2655276656150818,0.2880442440509796
"DM-15895",False,"train",0.36820024251937866,0.0,0.06486503779888153,0.17649565637111664,0.27201607823371887,0.0,0.10643387585878372,0.0
"DM-8796",False,"train",0.0,0.0,0.10279738157987595,0.6769077777862549,0.1984783262014389,0.0,0.0,0.0
"DM-18671",False,"train",0.0,0.7652264833450317,0.0,0.20792388916015625,0.0,0.0,0.0,0.0
"DM-6255",True,"train",0.0,0.19094045460224152,0.39753013849258423,0.0,0.14136232435703278,0.24623453617095947,0.0,0.0
"DM-11191",True,"train",0.020968155935406685,0.02097291871905327,0.8532231450080872,0.02095671184360981,0.02097644843161106,0.020965319126844406,0.020967399701476097,0.020969891920685768
"DM-15190",False,"train",0.0,0.27561286091804504,0.0,0.4945617914199829,0.0,0.21687550842761993,0.0,0.0
"DM-14293",False,"train",0.013910094276070595,0.01389788743108511,0.9026073217391968,0.013918903656303883,0.013919464312493801,0.013931557536125183,0.013906429521739483,0.013908366672694683
"DM-10876",False,"train",0.020851057022809982,0.020851286128163338,0.02085261419415474,0.8540214896202087,0.02085385099053383,0.020850863307714462,0.020865049213171005,0.020853806287050247
"DM-5532",True,"train",0.0,0.0,0.0,0.0,0.9879906177520752,0.0,0.0,0.0
"DM-8808",False,"train",0.0,0.0,0.0,0.38698050379753113,0.0,0.5803650617599487,0.0,0.0
"DM-10225",False,"train",0.0,0.0,0.0,0.15351946651935577,0.2966703772544861,0.0,0.0,0.5029658675193787
"DM-1709",False,"train",0.0,0.0,0.7181240916252136,0.0,0.0,0.26868847012519836,0.0,0.0
"DM-2469",False,"train",0.026038696989417076,0.026051558554172516,0.02605339325964451,0.2006303071975708,0.6431006789207458,0.026052134111523628,0.026038281619548798,0.026034925132989883
"DM-1693",True,"train",0.0,0.0,0.5559240579605103,0.0,0.0,0.4212453365325928,0.0,0.0
"DM-8646",False,"train",0.28425347805023193,0.0,0.03379826620221138,0.0,0.0,0.0,0.0,0.6664127707481384
"DM-13335",True,"train",0.0,0.0,0.0,0.5409173369407654,0.3133120536804199,0.0,0.0,0.1338520497083664
"DM-1058",False,"train",0.0,0.0,0.0,0.0,0.7249737977981567,0.23727494478225708,0.0,0.0
"DM-10849",False,"train",0.562809407711029,0.0,0.0,0.0,0.273132860660553,0.1483338326215744,0.0,0.0
"DM-3460",False,"train",0.6466169953346252,0.0,0.0,0.0,0.3221453130245209,0.0,0.0,0.0
"DM-10537",False,"train",0.0217785332351923,0.021789520978927612,0.021780336275696754,0.22943486273288727,0.021776586771011353,0.021770408377051353,0.6399000287055969,0.021769728511571884
"DM-12700",False,"train",0.9325111508369446,0.0,0.0,0.0,0.0,0.0,0.0,0.0
"DM-5693",False,"train",0.18789592385292053,0.0,0.0,0.0,0.7891581654548645,0.0,0.0,0.0
"DM-17666",False,"train",0.010426257736980915,0.010427514091134071,0.010441924445331097,0.4035446345806122,0.5338454842567444,0.0104405228048563,0.010429360903799534,0.010444290935993195
"DM-18573",True,"train",0.0,0.0,0.0,0.0,0.0,0.9582321047782898,0.0,0.0
"DM-11723",False,"train",0.013911058194935322,0.013901674188673496,0.013901046477258205,0.013901876285672188,0.013917051255702972,0.37689536809921265,0.2655276656150818,0.2880442440509796
"DM-8288",False,"train",0.8538081049919128,0.02085155062377453,0.020885266363620758,0.020916545763611794,0.020893622189760208,0.020865224301815033,0.02084818296134472,0.020931553095579147
"DM-17252",False,"train",0.0,0.0,0.0,0.7745832204818726,0.0,0.1877657026052475,0.0,0.0
"DM-991",False,"train",0.0,0.19218693673610687,0.0,0.0,0.0,0.7765029668807983,0.0,0.0
"DM-16831",False,"train",0.2566795349121094,0.7234635353088379,0.0,0.018781010061502457,0.0,0.0,0.0,0.0
"DM-15808",False,"train",0.015900233760476112,0.015882058069109917,0.015873810276389122,0.015876132994890213,0.8887779712677002,0.015887193381786346,0.015914181247353554,0.015888400375843048
"DM-9564",False,"train",0.0,0.012862504459917545,0.0,0.9772127866744995,0.0,0.0,0.0,0.0
"DM-18401",True,"train",0.0,0.0,0.3297721743583679,0.285611629486084,0.3526606857776642,0.0,0.0,0.0
"DM-9205",False,"train",0.013645261526107788,0.013632655143737793,0.013642647303640842,0.01364091970026493,0.5687536001205444,0.013649997301399708,0.34940165281295776,0.013633322902023792
"DM-14012",False,"train",0.0,0.0,0.0,0.0,0.0,0.960010290145874,0.0,0.0
"DM-5829",False,"train",0.01254320703446865,0.012543871998786926,0.01254764199256897,0.012548360042273998,0.012551451101899147,0.012546011246740818,0.0125419357791543,0.912177562713623
"DM-17521",False,"train",0.0,0.0,0.0,0.0,0.0,0.7902501225471497,0.18743935227394104,0.0
"DM-17521",False,"train",0.0,0.0,0.0,0.0,0.0,0.7902501225471497,0.18743935227394104,0.0
"DM-13402",False,"train",0.0,0.0,0.0,0.08490358293056488,0.40813836455345154,0.0,0.4837307929992676,0.0
"DM-447",False,"train",0.0,0.0,0.0,0.42178642749786377,0.5491500496864319,0.0,0.0,0.0
"DM-3373",False,"train",0.0,0.0,0.0,0.0,0.31122010946273804,0.6445950269699097,0.0,0.0
"DM-5086",False,"train",0.0,0.0,0.0,0.0,0.19155074656009674,0.7509316802024841,0.0,0.0
"DM-8665",False,"train",0.0,0.0,0.0,0.0,0.0,0.0,0.0,0.9484513998031616
"DM-5364",False,"train",0.0,0.0,0.0,0.0,0.08929102122783661,0.0,0.0,0.8667739033699036
"DM-9932",True,"train",0.053065672516822815,0.0,0.3307088315486908,0.347059965133667,0.1332852989435196,0.0,0.0,0.13081395626068115
"DM-11155",True,"train",0.0,0.0,0.0,0.04665545001626015,0.346549928188324,0.23905782401561737,0.03517422825098038,0.32661500573158264
"DM-11538",False,"train",0.0,0.0,0.4360944926738739,0.21424128115177155,0.0,0.0,0.3148723840713501,0.0
"DM-17543",False,"train",0.021743033081293106,0.2357940971851349,0.0,0.0,0.41745367646217346,0.0,0.0,0.3162905275821686
"DM-10758",False,"train",0.0,0.0,0.4997045695781708,0.0804230198264122,0.05296030640602112,0.0,0.0,0.35686174035072327
"DM-2097",False,"train",0.0,0.0,0.0,0.0,0.7237862944602966,0.2305259108543396,0.0,0.0
"DM-10502",True,"train",0.0,0.0,0.0,0.0,0.9780896306037903,0.0,0.0,0.0
"DM-11397",False,"train",0.0,0.04991431161761284,0.0,0.0,0.14532504975795746,0.7806183099746704,0.017767824232578278,0.0
"DM-15073",True,"train",0.0,0.0,0.0,0.0,0.9558268189430237,0.0,0.0,0.0
"DM-9803",False,"train",0.0,0.0,0.0,0.0,0.13297687470912933,0.0,0.0,0.8381224274635315
"DM-4999",False,"train",0.0,0.3422990143299103,0.0,0.0,0.613349974155426,0.0,0.0,0.0
"DM-15224",False,"train",0.0,0.0,0.0,0.1869189739227295,0.4186035394668579,0.2679734528064728,0.0,0.11864162981510162
"DM-12475",False,"train",0.0,0.0,0.0,0.4954197406768799,0.0,0.4777293801307678,0.0,0.0
"DM-8212",False,"train",0.0,0.0,0.0,0.0,0.0,0.0,0.0,0.9697670936584473
"DM-2804",False,"train",0.46398624777793884,0.0,0.0,0.0,0.0,0.0,0.4964725375175476,0.0
"DM-15245",False,"train",0.0,0.0,0.0,0.0,0.0,0.9769182801246643,0.0,0.0
"DM-12553",True,"train",0.0,0.0,0.0,0.3389698266983032,0.3942362666130066,0.0,0.0,0.21901893615722656
"DM-18864",False,"train",0.0,0.0,0.0,0.0,0.0,0.5935068130493164,0.0,0.37052538990974426
"DM-13144",False,"train",0.6068738698959351,0.3247528374195099,0.011387155391275883,0.011398372240364552,0.011398658156394958,0.011397228576242924,0.011389626190066338,0.011402187868952751
"DM-10733",False,"train",0.0,0.0,0.0,0.0,0.0,0.9763163924217224,0.0,0.0
"DM-3791",False,"train",0.0,0.0,0.0,0.0,0.0,0.38653385639190674,0.5844836235046387,0.0
"DM-16256",False,"train",0.0,0.0,0.0,0.0,0.0,0.9324604868888855,0.0,0.0
"DM-10877",False,"train",0.020854024216532707,0.020855527371168137,0.020855706185102463,0.6814873218536377,0.19336451590061188,0.020855000242590904,0.020872844383120537,0.020855098962783813
"DM-2715",False,"train",0.018005862832069397,0.017932111397385597,0.017949627712368965,0.01794196292757988,0.017945509403944016,0.017933622002601624,0.017949746921658516,0.8743415474891663
"DM-13286",False,"train",0.0,0.0,0.0,0.3280803859233856,0.6417625546455383,0.0,0.0,0.0
"DM-13536",False,"train",0.0,0.0,0.0,0.0,0.20917657017707825,0.6514015197753906,0.0,0.12966753542423248
"DM-11571",False,"train",0.0,0.0,0.0,0.0,0.0,0.9851188659667969,0.0,0.0
"DM-18125",False,"train",0.0,0.0,0.0,0.8426741361618042,0.0,0.12148337811231613,0.0,0.0
"DM-6561",False,"train",0.2410508394241333,0.0,0.0,0.0,0.6996890902519226,0.0,0.0,0.0
"DM-11324",False,"train",0.0,0.0,0.0,0.0,0.0,0.9480211734771729,0.0,0.0
"DM-5699",False,"train",0.0,0.0,0.0,0.8200663328170776,0.0,0.16515059769153595,0.0,0.0
"DM-8007",False,"train",0.0,0.0,0.0,0.0,0.0,0.0,0.0,0.9503893852233887
"DM-527",False,"train",0.0,0.0,0.0,0.9634761214256287,0.0,0.0,0.0,0.0
"DM-2190",False,"train",0.0,0.0,0.0,0.0,0.9756940007209778,0.0,0.0,0.0
"DM-16409",False,"train",0.0,0.0,0.0,0.0,0.9900467395782471,0.0,0.0,0.0
"DM-7422",False,"train",0.30809295177459717,0.1233440563082695,0.0,0.0,0.36335816979408264,0.0,0.0,0.1830679327249527
"DM-7458",False,"train",0.0,0.0,0.0,0.0,0.18486064672470093,0.0,0.0,0.7998032569885254
"DM-4500",False,"train",0.025018198415637016,0.025018293410539627,0.025019008666276932,0.025026271119713783,0.02503199875354767,0.025022342801094055,0.34658199548721313,0.5032818913459778
"DM-11389",False,"train",0.0,0.0,0.0,0.0,0.0,0.6488739252090454,0.09420999884605408,0.2339020073413849
"DM-6043",False,"train",0.0,0.0,0.0,0.0,0.0,0.31532520055770874,0.0,0.6656386256217957
"DM-9564",False,"train",0.0,0.012862504459917545,0.0,0.9772127866744995,0.0,0.0,0.0,0.0
"DM-4202",True,"train",0.0,0.0,0.0,0.3688541054725647,0.1905842274427414,0.427589476108551,0.0,0.0
"DM-13980",False,"train",0.016694294288754463,0.16003942489624023,0.3603438436985016,0.0166780948638916,0.016670379787683487,0.01667538844048977,0.016667036339640617,0.3962315320968628
"DM-18196",False,"train",0.0,0.776199460029602,0.0,0.0,0.0,0.0748368576169014,0.0,0.12809690833091736
"DM-15617",False,"train",0.0,0.0,0.25950348377227783,0.0,0.0,0.697921633720398,0.0,0.0
"DM-10093",False,"train",0.23032113909721375,0.018930956721305847,0.0,0.15394271910190582,0.21456076204776764,0.06269529461860657,0.3163418769836426,0.0
"DM-782",False,"train",0.0,0.0,0.0,0.0,0.9843435287475586,0.0,0.0,0.0
"DM-6516",False,"train",0.5935570597648621,0.015864906832575798,0.015863511711359024,0.015874406322836876,0.3111894130706787,0.01589563675224781,0.01586337387561798,0.015891700983047485
"DM-597",False,"train",0.0,0.2192714959383011,0.0,0.0,0.7008352875709534,0.0,0.04378243163228035,0.0
"DM-17813",False,"train",0.0,0.0,0.0,0.0,0.0,0.9813458919525146,0.0,0.0
"DM-10252",False,"train",0.0,0.0,0.0,0.0,0.0,0.9726052284240723,0.0,0.0
"DM-788",False,"train",0.02127462439239025,0.021269256249070168,0.021315623074769974,0.44664156436920166,0.021275347098708153,0.4256342351436615,0.02127360738813877,0.021315742284059525
"DM-17741",False,"train",0.0,0.41719987988471985,0.24027763307094574,0.05126031115651131,0.0,0.2804534435272217,0.0,0.0
"DM-1813",False,"train",0.0,0.19033360481262207,0.2780689299106598,0.4923989474773407,0.0,0.0,0.0,0.0
"DM-998",True,"train",0.0,0.36109459400177,0.0,0.0,0.3707011342048645,0.24766004085540771,0.0,0.0
"DM-8606",False,"train",0.0,0.0,0.2852107584476471,0.20437273383140564,0.5004608631134033,0.0,0.0,0.0
"DM-10360",False,"train",0.0,0.0,0.0,0.0,0.16053898632526398,0.0,0.0,0.8065425157546997
"DM-933",False,"train",0.0,0.0,0.0,0.0,0.3924299478530884,0.44313594698905945,0.15157215297222137,0.0
"DM-9711",False,"train",0.0,0.0,0.0,0.8253294229507446,0.0,0.0,0.0,0.13493305444717407
"DM-3253",False,"train",0.19917254149913788,0.0,0.0,0.0,0.7589903473854065,0.0,0.0,0.0
"DM-8212",False,"train",0.0,0.0,0.0,0.0,0.0,0.0,0.0,0.9697670936584473
"DM-2720",False,"train",0.0,0.11904008686542511,0.46522849798202515,0.0,0.0,0.0,0.0,0.3853923976421356
"DM-3490",False,"train",0.0,0.0,0.0,0.9741659760475159,0.0,0.0,0.0,0.0
"DM-3677",True,"train",0.0,0.0,0.0,0.0,0.9323570728302002,0.0,0.0,0.0
"DM-3104",False,"train",0.11145985126495361,0.0,0.3380359709262848,0.0,0.0,0.38727647066116333,0.15002834796905518,0.0
"DM-8801",True,"train",0.0,0.05744857341051102,0.0,0.1650240272283554,0.0,0.7582315802574158,0.0,0.0
"DM-12376",False,"train",0.0,0.0,0.0,0.0,0.0,0.9749098420143127,0.0,0.0
"DM-7343",False,"train",0.0,0.5179144144058228,0.0,0.43193572759628296,0.0,0.0,0.0,0.0
"DM-15071",False,"train",0.0,0.0,0.0,0.0,0.3823840022087097,0.0,0.0,0.5807397365570068
"DM-7411",False,"train",0.013899208977818489,0.013904997147619724,0.013901225291192532,0.013905041851103306,0.013900862075388432,0.013898398727178574,0.9026916027069092,0.013898605480790138
"DM-912",False,"train",0.01258167251944542,0.0125822052359581,0.012586338445544243,0.01258828490972519,0.012586266733705997,0.911893367767334,0.012591960839927197,0.012589863501489162
"DM-12019",True,"train",0.5556390881538391,0.3939306437969208,0.0,0.0,0.0,0.0,0.0,0.0
"DM-14082",False,"train",0.0,0.0,0.0,0.0,0.0,0.0,0.0,0.9601374268531799
"DM-4841",False,"train",0.0,0.0,0.0,0.0,0.7750369906425476,0.0,0.0,0.20305342972278595
"DM-2777",False,"train",0.0,0.0,0.5540751218795776,0.0,0.1990116983652115,0.22445133328437805,0.0,0.0
"DM-5989",True,"train",0.0,0.0,0.0,0.0,0.0,0.9730020761489868,0.0,0.0
"DM-15222",False,"train",0.0,0.0,0.4167584776878357,0.0,0.0,0.19248755276203156,0.0,0.3733573853969574
"DM-3910",False,"train",0.04084232077002525,0.5562455058097839,0.0,0.0,0.0,0.3474436104297638,0.04182523488998413,0.0
"DM-16374",False,"train",0.0,0.0,0.0,0.3991282284259796,0.14388614892959595,0.0,0.0,0.4357784390449524
"DM-5308",False,"train",0.011430618353188038,0.011436626315116882,0.011431781575083733,0.011421110481023788,0.011431146413087845,0.9200050830841064,0.0114186592400074,0.011424959637224674
"DM-16015",False,"train",0.013904566876590252,0.013899165205657482,0.01390740368515253,0.01390351913869381,0.01390891894698143,0.013907748274505138,0.5684284567832947,0.34814023971557617
"DM-1128",False,"train",0.3951694369316101,0.0,0.0,0.0,0.16806796193122864,0.39988118410110474,0.0,0.0
"DM-15245",False,"train",0.0,0.0,0.0,0.0,0.0,0.9769182801246643,0.0,0.0
"DM-16844",False,"train",0.0,0.0,0.0,0.3879176378250122,0.0,0.5815807580947876,0.0,0.0
"DM-17521",False,"train",0.0,0.0,0.0,0.0,0.0,0.7902501225471497,0.18743935227394104,0.0
"DM-17975",False,"train",0.0,0.0,0.0,0.0,0.2982323169708252,0.0,0.4863171875476837,0.19215312600135803
"DM-1428",False,"train",0.5299844741821289,0.02567470446228981,0.025700854137539864,0.025689056143164635,0.025676244869828224,0.025681965053081512,0.3159158527851105,0.025676878169178963
"DM-16902",False,"train",0.0,0.0,0.0,0.5216888785362244,0.4345691204071045,0.0,0.0,0.0
"DM-5584",False,"train",0.0,0.0,0.0,0.0,0.0,0.9611137509346008,0.0,0.0
"DM-4826",True,"train",0.02513747662305832,0.8239927887916565,0.025138795375823975,0.025128362700343132,0.025225603953003883,0.025117790326476097,0.02513609267771244,0.02512304298579693
"DM-10263",False,"train",0.0,0.0,0.0,0.0,0.747381329536438,0.0,0.24318884313106537,0.0
"DM-3779",False,"train",0.0,0.0,0.3546794652938843,0.0,0.22879430651664734,0.0,0.0,0.39490267634391785
"DM-9195",True,"train",0.0,0.0,0.0,0.0,0.0,0.9788291454315186,0.0,0.0
"DM-5161",False,"train",0.0,0.0,0.0,0.5918911099433899,0.1910935938358307,0.0,0.20731307566165924,0.0
"DM-17604",False,"train",0.0,0.0,0.28243619203567505,0.15802444517612457,0.5337940454483032,0.012632418423891068,0.0,0.0
"DM-8199",True,"train",0.0,0.0,0.0,0.9660730361938477,0.0,0.0,0.0,0.0
"DM-16253",True,"train",0.0,0.0,0.0,0.0,0.0,0.9408329725265503,0.0,0.0
"DM-4867",False,"train",0.0,0.6275573372840881,0.0,0.0,0.34509071707725525,0.0,0.0,0.0
"DM-11048",False,"train",0.014059537090361118,0.014090142212808132,0.014057297259569168,0.33930492401123047,0.5762998461723328,0.014058521017432213,0.014075207524001598,0.014054483734071255
"DM-2430",False,"train",0.0,0.11846011132001877,0.0,0.08381476253271103,0.2696051597595215,0.5216006636619568,0.0,0.0
"DM-3162",False,"train",0.571546196937561,0.0,0.07920081168413162,0.0,0.0,0.0,0.0,0.3118445873260498
"DM-12457",False,"train",0.0,0.0,0.0,0.0,0.0,0.18911924958229065,0.0,0.7840189933776855
"DM-5638",False,"train",0.013902775011956692,0.01389879547059536,0.013901717029511929,0.9026734828948975,0.01392019260674715,0.013903566636145115,0.013900191523134708,0.013899230398237705
"DM-3387",False,"train",0.0,0.7135829329490662,0.0,0.2573513686656952,0.0,0.0,0.0,0.0
"DM-17195",False,"train",0.5506663918495178,0.14001399278640747,0.05092931166291237,0.25704169273376465,0.0,0.0,0.0,0.0
"DM-12619",False,"train",0.0,0.0,0.0,0.0,0.7534394264221191,0.22127200663089752,0.0,0.0
"DM-8459",False,"train",0.025005890056490898,0.025004960596561432,0.025006718933582306,0.8249489665031433,0.02500605396926403,0.02501671388745308,0.025004439055919647,0.025006290525197983
"DM-12377",False,"train",0.2621982991695404,0.0,0.0,0.0,0.0,0.39288315176963806,0.0,0.3107331097126007
"DM-10426",True,"train",0.0,0.9562238454818726,0.0,0.0,0.0,0.0,0.0,0.0
"DM-17866",False,"train",0.0,0.0,0.0,0.0,0.0,0.9802617430686951,0.0,0.0
"DM-16558",False,"train",0.06263983994722366,0.0,0.0,0.9285705089569092,0.0,0.0,0.0,0.0
"DM-1076",False,"train",0.0,0.0,0.0,0.0,0.0,0.0,0.0,0.9582654237747192
"DM-14645",False,"train",0.04170886427164078,0.041708867996931076,0.04171591252088547,0.04170885682106018,0.04170885682106018,0.041752662509679794,0.7079114317893982,0.04178449884057045
"DM-1716",False,"train",0.9120668768882751,0.012558184564113617,0.012557415291666985,0.01256021298468113,0.012572589330375195,0.012563680298626423,0.0125586511567235,0.012562450021505356
"DM-8646",False,"train",0.28425347805023193,0.0,0.03379826620221138,0.0,0.0,0.0,0.0,0.6664127707481384
"DM-7469",False,"train",0.011404840275645256,0.011393685825169086,0.01138987671583891,0.01139782927930355,0.9202109575271606,0.011412623338401318,0.01139210257679224,0.011398034170269966
"DM-19139",False,"train",0.4259028732776642,0.0,0.0,0.5425353050231934,0.0,0.0,0.0,0.0
"DM-7524",False,"train",0.0,0.0,0.8212111592292786,0.1625562310218811,0.0,0.0,0.0,0.012909571640193462
"DM-10384",True,"train",0.0,0.0,0.0,0.9512801170349121,0.0,0.0,0.0,0.0
"DM-14864",False,"train",0.0,0.0,0.0,0.9826415777206421,0.0,0.0,0.0,0.0
"DM-2279",False,"train",0.02502959594130516,0.8247349858283997,0.025023365393280983,0.025018956512212753,0.025128399953246117,0.025035163387656212,0.025011863559484482,0.02501773089170456
"DM-18377",False,"train",0.022249458357691765,0.4831363260746002,0.022252358496189117,0.022284969687461853,0.02230192720890045,0.1972491443157196,0.20823851227760315,0.022287290543317795
"DM-2625",False,"train",0.5896438956260681,0.0,0.0,0.0,0.37621477246284485,0.0,0.0,0.0
"DM-13754",True,"train",0.15033969283103943,0.0,0.0,0.428587406873703,0.0,0.0,0.0,0.3899787664413452
"DM-12523",False,"train",0.0,0.0,0.0,0.0,0.9774850010871887,0.0,0.0,0.0
"DM-16797",False,"train",0.0,0.0,0.0,0.0,0.37474164366722107,0.41804757714271545,0.05258297547698021,0.1339336335659027
"DM-2805",False,"train",0.8742905259132385,0.017952775582671165,0.017958369106054306,0.01795041561126709,0.01797080785036087,0.01794883795082569,0.017965489998459816,0.017962759360671043
"DM-5699",False,"train",0.0,0.0,0.0,0.8200663328170776,0.0,0.16515059769153595,0.0,0.0
"DM-6444",False,"train",0.012675915844738483,0.2561953365802765,0.012672937475144863,0.01268327608704567,0.012674163095653057,0.012680543586611748,0.012669314630329609,0.6677485108375549
"DM-14496",False,"train",0.0,0.17522934079170227,0.0,0.08256548643112183,0.0,0.7207314372062683,0.0,0.0
"DM-9001",False,"train",0.64738929271698,0.03978494927287102,0.0,0.11617067456245422,0.0,0.18378345668315887,0.0,0.0
"DM-12423",False,"train",0.05422032251954079,0.0,0.0,0.708076000213623,0.0,0.21761319041252136,0.0,0.0
"DM-765",False,"train",0.0,0.0,0.12584148347377777,0.8202704191207886,0.0,0.0,0.0,0.0
"DM-2314",False,"train",0.0,0.3667495846748352,0.0,0.0,0.6089128851890564,0.0,0.0,0.0
"DM-2915",True,"train",0.0,0.0,0.0,0.7910597324371338,0.1672428399324417,0.0,0.0,0.03140448033809662
"DM-928",False,"train",0.02093316987156868,0.020945364609360695,0.020930947735905647,0.020946264266967773,0.0209603663533926,0.02095414139330387,0.8533868789672852,0.020942872390151024
"DM-12257",False,"train",0.3381342589855194,0.0,0.0,0.0,0.0,0.6304765343666077,0.0,0.0
"DM-8694",False,"train",0.0,0.0,0.0,0.0,0.6013545393943787,0.38567519187927246,0.0,0.0
"DM-14049",False,"train",0.17482469975948334,0.7805801033973694,0.0,0.0,0.0,0.0,0.0,0.0
"DM-7987",False,"train",0.0,0.0,0.7681493163108826,0.0,0.0,0.21793133020401,0.0,0.0
"DM-211",True,"train",0.0,0.0,0.3969748914241791,0.0,0.5490411520004272,0.0,0.0,0.0
"DM-10880",False,"train",0.015644676983356476,0.015643460676074028,0.015677595511078835,0.8904283046722412,0.01564626395702362,0.015660377219319344,0.01565675623714924,0.015642570331692696
"DM-1716",False,"train",0.9120668768882751,0.012558184564113617,0.012557415291666985,0.01256021298468113,0.012572589330375195,0.012563680298626423,0.0125586511567235,0.012562450021505356
"DM-9188",False,"train",0.0,0.0,0.0,0.7656684517860413,0.0,0.0,0.0,0.2121901959180832
"DM-8230",False,"train",0.12276918441057205,0.0,0.0,0.0,0.2976977825164795,0.5765634775161743,0.0,0.0
"DM-16801",False,"train",0.0,0.0,0.0,0.0,0.958213746547699,0.0,0.0,0.0
"DM-16864",False,"train",0.0,0.0,0.0,0.573418915271759,0.24028542637825012,0.12084825336933136,0.0,0.05563616752624512
"DM-7083",False,"train",0.1385900229215622,0.29003626108169556,0.0,0.0,0.23038063943386078,0.32959359884262085,0.0,0.0
"DM-4153",False,"train",0.07457383722066879,0.0,0.0,0.7305091619491577,0.11227118968963623,0.0,0.0,0.07666043937206268
"DM-1973",False,"train",0.018207907676696777,0.40412598848342896,0.018210500478744507,0.0182099100202322,0.4866137206554413,0.018211061134934425,0.018214846029877663,0.01820608414709568
"DM-5288",False,"train",0.4158928692340851,0.0,0.0,0.4227907657623291,0.0,0.0,0.0,0.15058687329292297
"DM-16034",True,"train",0.0,0.0,0.0,0.0,0.0,0.9725741744041443,0.0,0.0
"DM-9993",False,"train",0.0,0.0,0.8068563938140869,0.0,0.0,0.1555265337228775,0.0,0.0
"DM-5400",False,"train",0.0,0.13782991468906403,0.0,0.1573459953069687,0.0,0.6613886952400208,0.0,0.0
"DM-637",False,"train",0.7857123017311096,0.0,0.0,0.0,0.20682792365550995,0.0,0.0,0.0
"DM-1376",False,"train",0.0,0.08943333476781845,0.0,0.0,0.25704577565193176,0.0,0.2868305444717407,0.358377069234848
"DM-5462",True,"train",0.0,0.0,0.0,0.0,0.6431853175163269,0.3412119448184967,0.0,0.0
"DM-14149",False,"train",0.0,0.0,0.0,0.9851201176643372,0.0,0.0,0.0,0.0
"DM-14554",True,"train",0.0,0.334383100271225,0.0,0.0,0.3451518416404724,0.30400848388671875,0.0,0.0
"DM-12535",False,"train",0.0,0.0,0.0,0.07645741105079651,0.0,0.9024755954742432,0.0,0.0
"DM-7114",False,"train",0.0,0.0,0.7092534303665161,0.1425778865814209,0.0,0.0,0.0,0.1391121745109558
"DM-7829",False,"train",0.0,0.0,0.0,0.0,0.0,0.5489455461502075,0.0,0.41882452368736267
"DM-13530",False,"train",0.05738002806901932,0.0,0.0,0.0,0.5939679741859436,0.32598331570625305,0.0,0.0
"DM-11790",False,"train",0.0,0.0,0.0,0.12724626064300537,0.0,0.1924561858177185,0.5112234950065613,0.141798734664917
"DM-11905",False,"train",0.0,0.0,0.0,0.0,0.0,0.21164897084236145,0.0,0.7753453254699707
"DM-2243",False,"train",0.4128623902797699,0.010032185353338718,0.010036412626504898,0.010033432394266129,0.5269256234169006,0.010037684813141823,0.010030386969447136,0.010041836649179459
"DM-3638",False,"train",0.0,0.03368843346834183,0.0,0.1968332827091217,0.0,0.0,0.7605089545249939,0.0
"DM-6785",False,"train",0.0,0.10106586664915085,0.0,0.0,0.8780468106269836,0.0,0.0,0.0
"DM-13625",False,"train",0.0,0.0,0.0,0.0,0.0,0.0,0.0,0.9848949313163757
"DM-13562",False,"train",0.0,0.10368126630783081,0.4906558692455292,0.0,0.0,0.0,0.06396577507257462,0.3230014443397522
"DM-13571",False,"train",0.0,0.0,0.0,0.0,0.7183822989463806,0.23694033920764923,0.0,0.0
"DM-9743",False,"train",0.0,0.0,0.0,0.3795665204524994,0.06743703037500381,0.3295566737651825,0.0,0.21278908848762512
"DM-9380",False,"train",0.698775053024292,0.2541922330856323,0.0,0.0,0.0,0.0,0.0,0.0
"DM-4136",False,"train",0.0,0.0,0.0,0.0,0.0,0.9663023948669434,0.0,0.0
"DM-4454",False,"train",0.0,0.0,0.0,0.25594401359558105,0.0,0.7316119074821472,0.0,0.0
"DM-20",False,"train",0.013948280364274979,0.7825793623924255,0.013944686390459538,0.013944701291620731,0.13374212384223938,0.013946314342319965,0.01394765917211771,0.013946869410574436
"DM-3257",True,"train",0.0,0.0,0.0,0.0,0.0,0.9627398252487183,0.0,0.0
"DM-12421",False,"train",0.0,0.0,0.0,0.029475290328264236,0.6857712864875793,0.24337652325630188,0.0,0.0
"DM-8002",False,"train",0.0,0.0,0.0,0.5672582387924194,0.0,0.3222687840461731,0.09834495186805725,0.0
"DM-9574",False,"train",0.0,0.0,0.29209381341934204,0.0,0.6905564665794373,0.0,0.0,0.0
"DM-13297",True,"train",0.0,0.14935076236724854,0.0,0.0,0.0,0.0,0.0,0.8109151721000671
"DM-12211",True,"train",0.0,0.0,0.0,0.0,0.0,0.0,0.0,0.9821019172668457
"DM-15806",False,"train",0.0,0.06970235705375671,0.0,0.0,0.9056391716003418,0.0,0.0,0.0
"DM-11000",False,"train",0.0,0.3311678469181061,0.0,0.0,0.0,0.1609964668750763,0.0,0.4935937523841858
"DM-10105",False,"train",0.756458044052124,0.0,0.0,0.23056486248970032,0.0,0.0,0.011804559268057346,0.0
"DM-203",True,"train",0.0,0.963458776473999,0.0,0.0,0.0,0.0,0.0,0.0
"DM-12378",False,"train",0.0,0.0,0.0,0.4424021542072296,0.46482154726982117,0.08107214421033859,0.0,0.0
"DM-5132",False,"train",0.6182581782341003,0.1370754837989807,0.0,0.2409241497516632,0.0,0.0,0.0,0.0
"DM-12068",False,"train",0.0,0.0,0.0,0.3516950309276581,0.6039621829986572,0.0,0.0,0.0
"DM-7452",False,"train",0.9662744998931885,0.0,0.0,0.0,0.0,0.0,0.0,0.0
"DM-15800",False,"train",0.0,0.27497947216033936,0.0,0.0,0.0,0.0,0.0,0.6949718594551086
"DM-1579",False,"train",0.0,0.16973979771137238,0.0,0.0,0.2510952949523926,0.5592366456985474,0.0,0.0
"DM-3571",False,"train",0.0,0.0,0.0,0.0,0.9736215472221375,0.0,0.0,0.0
"DM-13349",False,"train",0.0,0.0,0.0,0.0,0.30468931794166565,0.0,0.0,0.6511222124099731
"DM-8644",True,"train",0.0,0.0,0.0,0.46370092034339905,0.5116724371910095,0.0,0.0,0.0
"DM-15794",False,"train",0.0,0.7744803428649902,0.05579260364174843,0.0,0.13479281961917877,0.0,0.0,0.0
"DM-14397",False,"train",0.0,0.9324453473091125,0.0,0.0,0.0,0.0,0.0,0.0
"DM-4692",False,"train",0.720282256603241,0.0,0.0,0.0,0.25610893964767456,0.0,0.0,0.0
"DM-5266",False,"train",0.19869820773601532,0.29506081342697144,0.0,0.30313625931739807,0.0,0.1812327653169632,0.0,0.0
"DM-5688",False,"train",0.0,0.0,0.0,0.0,0.9601097106933594,0.0,0.0,0.0
"DM-9282",True,"train",0.0,0.0,0.0,0.17056438326835632,0.0,0.0,0.0,0.8128980994224548
"DM-2139",False,"train",0.42412376403808594,0.07145475596189499,0.049021314829587936,0.0,0.0,0.0,0.0,0.4378414750099182
"DM-15355",False,"train",0.0,0.49894630908966064,0.49230560660362244,0.0,0.0,0.0,0.0,0.0
"DM-11628",False,"train",0.0,0.0,0.0,0.0,0.0,0.988451361656189,0.0,0.0
"DM-7781",False,"train",0.0,0.0,0.0,0.8579654693603516,0.0,0.0,0.0,0.10477787256240845
"DM-17813",False,"train",0.0,0.0,0.0,0.0,0.0,0.9813458919525146,0.0,0.0
"DM-8606",False,"train",0.0,0.0,0.2852107584476471,0.20437273383140564,0.5004608631134033,0.0,0.0,0.0
"DM-7924",True,"train",0.01380348950624466,0.013799532316625118,0.013803442008793354,0.903348445892334,0.013817076571285725,0.013806537725031376,0.013800655491650105,0.013820831663906574
"DM-7945",False,"train",0.0,0.0,0.0,0.3545439839363098,0.5229599475860596,0.0,0.0,0.11550765484571457
"DM-3632",True,"train",0.0,0.2668837904930115,0.0,0.0,0.0,0.0,0.0,0.6934717297554016
"DM-9107",False,"train",0.9422399997711182,0.0,0.0,0.0,0.0,0.0,0.0,0.0
"DM-13250",False,"train",0.0,0.0,0.3341447710990906,0.0,0.1905750185251236,0.0,0.0,0.4335269629955292
"DM-2253",False,"train",0.0,0.0,0.0,0.0,0.9774877429008484,0.0,0.0,0.0
"DM-12476",True,"train",0.31060323119163513,0.0,0.07302702963352203,0.23768284916877747,0.0,0.11505351215600967,0.0,0.24815517663955688
"DM-6726",False,"train",0.0,0.0,0.0,0.0891103744506836,0.057845089584589005,0.33362382650375366,0.0,0.5119911432266235
"DM-8355",False,"train",0.0,0.0,0.0,0.6534448862075806,0.0,0.3415167033672333,0.0,0.0
"DM-7346",False,"train",0.0,0.9326010942459106,0.0,0.0,0.0,0.0,0.0,0.0
"DM-3213",True,"train",0.0,0.5814030170440674,0.0,0.38720399141311646,0.0,0.0,0.0,0.0
"DM-12940",False,"train",0.0,0.0,0.0,0.0,0.07375432550907135,0.5150142312049866,0.0,0.39037221670150757
"DM-5363",True,"train",0.0,0.0,0.0,0.0,0.0,0.0,0.0,0.9581039547920227
"DM-7363",False,"train",0.0,0.0,0.0,0.7106699347496033,0.0,0.25925302505493164,0.0,0.0
"DM-11609",False,"train",0.0,0.0,0.0,0.0,0.9726194739341736,0.0,0.0,0.0
"DM-10953",False,"train",0.0,0.0,0.0,0.9960181713104248,0.0,0.0,0.0,0.0
"DM-335",True,"train",0.0,0.0,0.6453148126602173,0.0,0.3379352390766144,0.0,0.0,0.0
"DM-11871",False,"train",0.012529493309557438,0.012532307766377926,0.012529286555945873,0.012539593502879143,0.4333938658237457,0.012535086832940578,0.4913984537124634,0.012541953474283218
"DM-16291",False,"train",0.0,0.4622202515602112,0.0,0.0,0.0,0.52725750207901,0.0,0.0
"DM-10304",True,"train",0.0,0.0,0.0,0.17962031066417694,0.7923980951309204,0.0,0.0,0.0
"DM-17044",False,"train",0.0,0.0,0.0,0.0,0.6111482381820679,0.3005425035953522,0.0,0.07576622068881989
"DM-13770",False,"train",0.0,0.0,0.0,0.0,0.0,0.9821178317070007,0.0,0.0
"DM-1725",False,"train",0.0,0.0,0.49920737743377686,0.13601069152355194,0.0,0.0,0.0,0.35661861300468445
"DM-8985",False,"train",0.0,0.0,0.0,0.13713541626930237,0.4670338034629822,0.0,0.0,0.3844618499279022
"DM-1013",False,"train",0.010428916662931442,0.5480272173881531,0.010434837080538273,0.010433465242385864,0.261396199464798,0.13841068744659424,0.010435844771564007,0.010432844050228596
"DM-1924",True,"train",0.025706006214022636,0.02570359595119953,0.025706516578793526,0.025732940062880516,0.8200400471687317,0.02570418082177639,0.02570342645049095,0.025703297927975655
"DM-6030",True,"train",0.0,0.0,0.0,0.0940338522195816,0.0,0.740757942199707,0.13047772645950317,0.0314432829618454
"DM-7107",False,"train",0.0,0.0,0.09934284538030624,0.0,0.480835884809494,0.0,0.3894164264202118,0.0
"DM-7808",False,"train",0.0,0.6338925957679749,0.0,0.0,0.030647089704871178,0.0,0.04584809020161629,0.27794349193573
"DM-13333",False,"train",0.0,0.0,0.0,0.3082612156867981,0.6798133850097656,0.0,0.0,0.0
"DM-3936",False,"train",0.017870072275400162,0.8748974800109863,0.017895301803946495,0.017867213115096092,0.017875179648399353,0.01786366105079651,0.017869234085083008,0.01786184310913086
"DM-11817",False,"train",0.017996719107031822,0.018002478405833244,0.01799768954515457,0.018006805330514908,0.018018480390310287,0.7047687768936157,0.017995454370975494,0.18721362948417664
"DM-11804",False,"train",0.3141483962535858,0.5994182229042053,0.014396567828953266,0.014418824575841427,0.01440512202680111,0.014405755326151848,0.014397729188203812,0.01440938375890255
"DM-1350",True,"train",0.0,0.022772129625082016,0.0,0.0,0.1797861009836197,0.0,0.0,0.7691110968589783
"DM-7829",False,"train",0.0,0.0,0.0,0.0,0.0,0.5489455461502075,0.0,0.41882452368736267
"DM-9828",False,"train",0.0,0.0,0.0,0.7590690851211548,0.0,0.21691516041755676,0.0,0.0
"DM-2666",False,"train",0.10437816381454468,0.0,0.0,0.3954183757305145,0.0,0.47695860266685486,0.0,0.0
"DM-5406",False,"train",0.0,0.0,0.0,0.0,0.9777310490608215,0.0,0.0,0.0
"DM-17552",False,"train",0.0,0.0,0.0,0.19078680872917175,0.2842821180820465,0.24721652269363403,0.0,0.2620686888694763
"DM-13323",True,"train",0.0,0.0,0.0,0.0,0.6839763522148132,0.2020762711763382,0.0,0.1024080216884613
"DM-7115",False,"train",0.0,0.0,0.5645190477371216,0.3922218382358551,0.033055905252695084,0.0,0.0,0.0
"DM-7460",False,"train",0.0,0.0,0.0,0.0,0.0,0.0,0.0,0.9731653332710266
"DM-17858",False,"train",0.0,0.0,0.0,0.0,0.0,0.9769465923309326,0.0,0.0
"DM-9991",False,"train",0.0,0.0,0.0,0.0,0.9468635320663452,0.0,0.0,0.0
"DM-11405",False,"train",0.0,0.0,0.0,0.0,0.0,0.24718275666236877,0.0,0.7352832555770874
"DM-7019",False,"train",0.0,0.24094821512699127,0.0,0.0,0.0,0.0,0.0,0.7231722474098206
"DM-13513",True,"train",0.0,0.2869264483451843,0.34063705801963806,0.0,0.3305876553058624,0.0,0.0,0.0
"DM-12031",False,"train",0.0,0.0,0.0,0.0,0.9616134166717529,0.0,0.0,0.0
"DM-7293",False,"train",0.25290897488594055,0.03138500824570656,0.0314042754471302,0.03139009326696396,0.03137395903468132,0.03137020766735077,0.5587931275367737,0.03137439116835594
"DM-7974",False,"train",0.0,0.0,0.0,0.0,0.0,0.9883032441139221,0.0,0.0
"DM-13788",False,"train",0.7845593094825745,0.03075879067182541,0.030758051201701164,0.030764780938625336,0.030859746038913727,0.0307774618268013,0.030760154128074646,0.03076169826090336
"DM-17207",False,"train",0.0,0.4497651159763336,0.0,0.3776552379131317,0.0,0.14541073143482208,0.0,0.0
"DM-4856",False,"train",0.0,0.0,0.0,0.0,0.0,0.0,0.0,0.951310396194458
"DM-3472",True,"train",0.9320929050445557,0.0,0.0,0.0,0.0,0.0,0.0,0.0
"DM-3564",False,"train",0.023072808980941772,0.023064667358994484,0.02308937907218933,0.02305431105196476,0.02306493930518627,0.02305500954389572,0.8385514616966248,0.023047475144267082
"DM-10236",False,"train",0.0,0.0,0.0,0.7114468216896057,0.0,0.2748563587665558,0.0,0.0
"DM-17564",True,"train",0.0,0.0,0.029677724465727806,0.7982238531112671,0.15923748910427094,0.0,0.0,0.0
"DM-7551",False,"train",0.012270873412489891,0.012311745434999466,0.012273475527763367,0.012272978201508522,0.9140271544456482,0.012275501154363155,0.012288079597055912,0.012280183844268322
"DM-3502",False,"train",0.010580033995211124,0.010578816756606102,0.010581712238490582,0.010578530840575695,0.9259203672409058,0.01058129221200943,0.010582135990262032,0.010597066953778267
"DM-15789",False,"train",0.0,0.0,0.7573429942131042,0.23628969490528107,0.0,0.0,0.0,0.0
"DM-9380",False,"train",0.698775053024292,0.2541922330856323,0.0,0.0,0.0,0.0,0.0,0.0
"DM-18171",True,"train",0.21201081573963165,0.0,0.0,0.711392879486084,0.0,0.0,0.051037855446338654,0.0
"DM-2057",False,"train",0.9633785486221313,0.0,0.0,0.0,0.0,0.0,0.0,0.0
"DM-5729",False,"train",0.0,0.0,0.2515132427215576,0.0,0.7190381288528442,0.0,0.0,0.0
"DM-14760",True,"train",0.0,0.0,0.0,0.0,0.0,0.40553009510040283,0.0,0.562675952911377
"DM-4800",False,"train",0.0,0.0,0.0,0.0,0.7535011172294617,0.0,0.0,0.20855362713336945
"DM-11887",False,"train",0.0,0.2550589144229889,0.20870628952980042,0.0,0.1684226244688034,0.0,0.3502265214920044,0.0
"DM-14074",False,"train",0.0,0.0,0.0,0.4738938510417938,0.3467336893081665,0.0,0.0,0.1505918651819229
"DM-14366",False,"train",0.0,0.3373703062534332,0.0,0.6119269132614136,0.0,0.0,0.0,0.0
"DM-13972",False,"train",0.0,0.0,0.0,0.0,0.0,0.604962170124054,0.020731577649712563,0.3642050623893738
"DM-2748",False,"train",0.0,0.2907983958721161,0.6715611815452576,0.0,0.0,0.0,0.0,0.0
"DM-5323",False,"train",0.0,0.0,0.0,0.9507492184638977,0.0,0.0,0.0,0.0
"DM-4567",True,"train",0.0,0.0,0.0,0.0,0.9791163802146912,0.0,0.0,0.0
"DM-8091",False,"train",0.0,0.09182438254356384,0.3058716952800751,0.0,0.0,0.589504599571228,0.0,0.0
"DM-4214",False,"train",0.0,0.0,0.0,0.49235799908638,0.0,0.4999648630619049,0.0,0.0
"DM-7436",False,"train",0.0,0.0,0.0,0.0,0.9452582597732544,0.0,0.0,0.0
"DM-9909",False,"train",0.9203071594238281,0.0,0.0,0.012645089067518711,0.0,0.05879022926092148,0.0,0.0
"DM-16856",False,"train",0.0,0.0,0.0,0.0,0.0,0.9415308833122253,0.0,0.0
"DM-5521",False,"train",0.01796049252152443,0.017958033829927444,0.01797359623014927,0.018010219559073448,0.8741850256919861,0.01795971766114235,0.01797652803361416,0.017976364120841026
"DM-12420",True,"train",0.0,0.0,0.08511266857385635,0.7287133932113647,0.0,0.0,0.0,0.15318603813648224
"DM-12473",False,"train",0.0,0.0,0.2534243166446686,0.0,0.0,0.7290871739387512,0.0,0.0
"DM-10508",False,"train",0.0,0.0,0.0,0.0,0.0,0.738518476486206,0.21915973722934723,0.0
"DM-14836",False,"train",0.2252296656370163,0.0,0.0,0.0,0.029308440163731575,0.0,0.019163673743605614,0.7196630835533142
"DM-16603",False,"train",0.0,0.0,0.08529330044984818,0.8736320734024048,0.0,0.0,0.0,0.0
"DM-2779",False,"train",0.0,0.0,0.42921528220176697,0.0,0.5398775339126587,0.0,0.0,0.0
"DM-10890",False,"train",0.0,0.23728671669960022,0.0,0.0,0.7157859206199646,0.0,0.0,0.0
"DM-8358",False,"train",0.012512543238699436,0.012511830776929855,0.012520912103354931,0.012517290189862251,0.012529446743428707,0.6099033951759338,0.012512877583503723,0.31499165296554565
"DM-7687",False,"train",0.11987162381410599,0.0,0.0,0.19188342988491058,0.0,0.6575959920883179,0.0,0.0
"DM-7884",False,"train",0.0,0.0,0.0,0.0,0.678949236869812,0.28738152980804443,0.0,0.0
"DM-17747",False,"train",0.0,0.0,0.0,0.37323272228240967,0.0,0.5078269839286804,0.08911500126123428,0.0
"DM-18421",False,"train",0.0,0.0,0.0,0.0,0.0,0.7669057250022888,0.0,0.2085207849740982
"DM-15447",False,"train",0.0,0.0,0.0,0.0,0.0,0.6639071106910706,0.0,0.30152440071105957
"DM-9925",False,"train",0.02956243045628071,0.0,0.0,0.0503181517124176,0.8899962306022644,0.0,0.021471304818987846,0.0
"DM-7321",True,"train",0.0,0.13187983632087708,0.0,0.0,0.0,0.0,0.0,0.8412867188453674
"DM-10364",False,"train",0.01402182038873434,0.013986193574965,0.014007159508764744,0.9019986391067505,0.01400798000395298,0.013988303020596504,0.013995368033647537,0.013994465582072735
"DM-15162",False,"train",0.0,0.0,0.0,0.1761624664068222,0.7998202443122864,0.0,0.0,0.0
"DM-11606",False,"train",0.01764542981982231,0.01763603836297989,0.01763222925364971,0.017633339390158653,0.017642714083194733,0.017662417143583298,0.01763666421175003,0.8765111565589905
"DM-10820",False,"train",0.0,0.0,0.0751672238111496,0.0,0.7300503849983215,0.15963521599769592,0.0,0.0
"DM-14533",False,"train",0.0,0.30695363879203796,0.0,0.0,0.0,0.0,0.0,0.6553474068641663
"DM-9617",False,"train",0.0,0.0,0.17701080441474915,0.19327412545681,0.0,0.597078800201416,0.0,0.0
"DM-2843",True,"train",0.025515103712677956,0.02551049180328846,0.02554374933242798,0.02551702782511711,0.02554786391556263,0.8212604522705078,0.025519579648971558,0.025585703551769257
"DM-4845",False,"train",0.0,0.0,0.0,0.4986407160758972,0.0,0.39829888939857483,0.0851968377828598,0.0
"DM-10895",False,"train",0.0,0.0,0.0,0.43214431405067444,0.0,0.5092411637306213,0.04110494256019592,0.0
"DM-12627",False,"train",0.0,0.0,0.055785369127988815,0.0,0.7223353981971741,0.19922110438346863,0.0,0.0
"DM-7317",False,"train",0.01608472317457199,0.0,0.0,0.8610155582427979,0.0,0.06798861175775528,0.0,0.048236798495054245
"DM-4486",True,"train",0.020840005949139595,0.020840145647525787,0.02084159106016159,0.020848514512181282,0.020849350839853287,0.2102586030960083,0.020853765308856964,0.6646680235862732
"DM-15776",False,"train",0.14372389018535614,0.0,0.0,0.0,0.0,0.8341270685195923,0.0,0.0
"DM-9004",False,"train",0.0,0.0,0.09357451647520065,0.7449584007263184,0.14059284329414368,0.0,0.0,0.0
"DM-18063",False,"train",0.011043490841984749,0.13315950334072113,0.011048692278563976,0.5622108578681946,0.011053786613047123,0.011058222502470016,0.2493753284215927,0.011050119996070862
"DM-5334",False,"train",0.0,0.0,0.0,0.0,0.4549018144607544,0.520012378692627,0.0,0.0
"DM-8869",False,"train",0.010541105642914772,0.010533316060900688,0.01053398847579956,0.010555085726082325,0.4140443503856659,0.5227230787277222,0.010533442720770836,0.010535637848079205
"DM-7324",False,"train",0.9102770686149597,0.014614591374993324,0.012516848742961884,0.012515813112258911,0.012519105337560177,0.012528316117823124,0.012511061504483223,0.012517213821411133
"DM-7048",False,"train",0.19921132922172546,0.0,0.0,0.0,0.0,0.7763679623603821,0.0,0.0
"DM-10268",False,"train",0.8656557202339172,0.0,0.0,0.13003085553646088,0.0,0.0,0.0,0.0
"DM-2581",False,"train",0.0,0.0,0.0,0.0,0.9618632197380066,0.0,0.0,0.0
"DM-4920",False,"train",0.0,0.0,0.0,0.0,0.9756594896316528,0.0,0.0,0.0
"DM-5835",False,"train",0.0,0.948259174823761,0.0,0.0,0.0,0.0,0.0,0.0
"DM-8028",False,"train",0.0,0.0,0.3559897541999817,0.601608395576477,0.0,0.0,0.0,0.0
"DM-15208",False,"train",0.0,0.0,0.0,0.0,0.0,0.0,0.0,0.9414075016975403
"DM-5734",False,"train",0.0,0.0,0.0,0.06623881310224533,0.0,0.9173482656478882,0.0,0.0
"DM-18668",False,"train",0.12816780805587769,0.011402271687984467,0.011369637213647366,0.011375240981578827,0.011380007490515709,0.4434000849723816,0.37152984738349915,0.011375139467418194
"DM-17264",True,"train",0.0,0.0,0.0,0.0,0.0,0.9538565278053284,0.0,0.0
"DM-15801",False,"train",0.0,0.0,0.0,0.2344706654548645,0.0,0.7456949353218079,0.0,0.0
"DM-11433",False,"train",0.0,0.3496376574039459,0.0,0.0,0.0,0.4966699481010437,0.13781145215034485,0.0
"DM-3501",False,"train",0.017880817875266075,0.6365429759025574,0.017874417826533318,0.017873041331768036,0.017896244302392006,0.25614503026008606,0.0178842656314373,0.017903150990605354
"DM-2139",False,"train",0.42412376403808594,0.07145475596189499,0.049021314829587936,0.0,0.0,0.0,0.0,0.4378414750099182
"DM-1126",True,"train",0.0,0.0,0.09261920303106308,0.05030672997236252,0.7643316388130188,0.06223321333527565,0.0,0.025276988744735718
"DM-17316",False,"train",0.0,0.0,0.0,0.600843608379364,0.0,0.0,0.0,0.3621579110622406
"DM-6378",False,"train",0.0,0.0,0.0,0.4825560748577118,0.4834519028663635,0.0,0.0,0.0
"DM-19220",False,"train",0.0,0.0,0.0,0.0,0.0,0.0,0.0,0.9513055086135864
"DM-11873",True,"train",0.0,0.0,0.0,0.8262539505958557,0.0,0.0,0.0,0.158384308218956
"DM-14135",True,"train",0.7166163325309753,0.0104373162612319,0.010464710183441639,0.010449444875121117,0.010443754494190216,0.22067983448505402,0.010456206277012825,0.010452380403876305
"DM-13449",True,"train",0.0,0.0,0.0,0.0,0.0,0.9834532141685486,0.0,0.0
"DM-3894",False,"train",0.0,0.0,0.0,0.0,0.0,0.49462267756462097,0.0,0.47406861186027527
"DM-15109",False,"train",0.0,0.0,0.0,0.0,0.9648849964141846,0.0,0.0,0.0
"DM-10619",False,"train",0.0,0.0,0.0,0.0,0.11062363535165787,0.621071994304657,0.0,0.2520391345024109
"DM-5552",False,"train",0.0,0.0,0.0,0.13196752965450287,0.0,0.29124945402145386,0.0,0.5509779453277588
"DM-9957",True,"train",0.0,0.0,0.0,0.0,0.6827877163887024,0.0,0.2930830717086792,0.0
"DM-11884",False,"train",0.06205153837800026,0.062054991722106934,0.062051352113485336,0.06213277205824852,0.5655457973480225,0.06205008178949356,0.06205993890762329,0.06205355003476143
"DM-8761",False,"train",0.0,0.0,0.0,0.9619061946868896,0.0,0.0,0.0,0.0
"DM-11678",False,"train",0.0,0.0,0.0,0.0,0.0,0.0,0.0,0.9813458919525146
"DM-6162",False,"train",0.0,0.0,0.0,0.448652058839798,0.34705647826194763,0.16046519577503204,0.034327492117881775,0.0
"DM-2711",False,"train",0.0,0.0,0.948260486125946,0.0,0.0,0.0,0.0,0.0
"DM-6447",False,"train",0.2237471491098404,0.0,0.0,0.0,0.7488779425621033,0.0,0.0,0.0
"DM-5427",False,"train",0.0,0.22038236260414124,0.4793202877044678,0.14470258355140686,0.14914825558662415,0.0,0.0,0.0
"DM-3670",False,"train",0.0,0.0,0.0,0.0,0.0,0.9707480669021606,0.0,0.0
"DM-17368",False,"train",0.0,0.0,0.0,0.0,0.0,0.0,0.5272560715675354,0.4226206839084625
"DM-1733",False,"train",0.018183978274464607,0.01820394955575466,0.018186241388320923,0.018185725435614586,0.8726778626441956,0.018187550827860832,0.01819263957440853,0.018182002007961273
"DM-10754",False,"train",0.0,0.3370228707790375,0.0,0.0,0.46847617626190186,0.0,0.0,0.17536768317222595
"DM-18512",False,"train",0.0,0.0,0.34398743510246277,0.0,0.19508548080921173,0.44130322337150574,0.0,0.0
"DM-8761",False,"train",0.0,0.0,0.0,0.9619061946868896,0.0,0.0,0.0,0.0
"DM-17856",False,"train",0.0,0.0,0.0,0.0,0.0,0.0,0.6194689273834229,0.33044183254241943
"DM-7891",False,"train",0.0,0.0,0.20451869070529938,0.058739423751831055,0.6261305212974548,0.0,0.09895063936710358,0.0
"DM-8686",False,"train",0.0,0.0,0.0,0.0,0.9920317530632019,0.0,0.0,0.0
"DM-2433",False,"train",0.0,0.0,0.0,0.3999127447605133,0.08095221221446991,0.4867767095565796,0.0,0.025824377313256264
"DM-15160",False,"train",0.6031628847122192,0.36106544733047485,0.0,0.0,0.0,0.0,0.0,0.0
"DM-2299",True,"train",0.7354943156242371,0.0,0.0,0.0,0.24085208773612976,0.0,0.0,0.0
"DM-5037",False,"train",0.0,0.0,0.0,0.0,0.9373340010643005,0.0,0.0,0.0
"DM-18154",False,"train",0.04719756171107292,0.0,0.01524168998003006,0.14662794768810272,0.4590875804424286,0.0,0.0,0.32767120003700256
"DM-13269",False,"train",0.0,0.07778201252222061,0.3986800014972687,0.0,0.0,0.4994277060031891,0.0,0.0
"DM-8820",False,"train",0.0,0.0,0.0,0.0,0.514262855052948,0.0,0.0,0.4266919791698456
"DM-13476",False,"train",0.43876683712005615,0.0,0.0,0.14555582404136658,0.16885966062545776,0.2393079549074173,0.0,0.0
"DM-2625",False,"train",0.5896438956260681,0.0,0.0,0.0,0.37621477246284485,0.0,0.0,0.0
"DM-13397",True,"train",0.0,0.5101796984672546,0.0,0.3807693421840668,0.0,0.0,0.0,0.08998944610357285
"DM-15433",False,"train",0.0,0.0,0.0,0.0,0.0,0.7853525876998901,0.1970258504152298,0.0
"DM-14641",False,"train",0.03139721602201462,0.03126038983464241,0.03131185472011566,0.03132670372724533,0.031263817101716995,0.0312654934823513,0.780902624130249,0.03127192333340645
"DM-6538",False,"train",0.0,0.0,0.0,0.0,0.5639702677726746,0.0,0.4000660479068756,0.0
"DM-16069",False,"train",0.12701758742332458,0.0,0.0,0.8353968858718872,0.0,0.0,0.0,0.0
"DM-18453",False,"train",0.0,0.0,0.0,0.0,0.9511853456497192,0.0,0.0,0.0
"DM-13629",False,"train",0.0,0.41128164529800415,0.0,0.0,0.0,0.0,0.5417265892028809,0.0
"DM-9710",False,"train",0.0,0.0,0.1250186264514923,0.18583151698112488,0.0,0.5322021842002869,0.0,0.14760175347328186
"DM-4831",False,"train",0.0,0.0,0.0,0.4968026280403137,0.484335720539093,0.0,0.0,0.0
"DM-9515",False,"train",0.020844046026468277,0.020849931985139847,0.18789133429527283,0.6870136857032776,0.020846517756581306,0.02084502950310707,0.020862950012087822,0.020846504718065262
"DM-5881",False,"train",0.0,0.0,0.0,0.0,0.45707616209983826,0.5020353198051453,0.0,0.0
"DM-10423",True,"train",0.025344567373394966,0.02537558600306511,0.025350937619805336,0.02536259964108467,0.8224590420722961,0.025362467393279076,0.025396687909960747,0.025348113849759102
"DM-8005",False,"train",0.0,0.0,0.0,0.3569539785385132,0.0,0.5853217840194702,0.0,0.04745439440011978
"DM-3574",False,"train",0.02110309526324272,0.021001432090997696,0.021024206653237343,0.021004142239689827,0.8528257012367249,0.021010268479585648,0.02102377451956272,0.021007351577281952
"DM-13451",False,"train",0.0,0.0,0.0,0.0,0.0,0.974919855594635,0.0,0.0
"DM-4443",False,"train",0.0,0.0,0.0,0.9823106527328491,0.0,0.0,0.0,0.0
"DM-7030",True,"train",0.03126459941267967,0.5281592011451721,0.03126208484172821,0.03132127597928047,0.03126136586070061,0.2842036187648773,0.031270235776901245,0.03125761076807976
"DM-1282",False,"train",0.0,0.0,0.0,0.0,0.4548339247703552,0.0,0.0,0.49362707138061523
"DM-13246",False,"train",0.20202861726284027,0.0,0.16354148089885712,0.0,0.35318294167518616,0.1523500382900238,0.11431443691253662,0.0
"DM-211",True,"train",0.0,0.0,0.3969748914241791,0.0,0.5490411520004272,0.0,0.0,0.0
"DM-366",False,"train",0.0,0.24942512810230255,0.46359461545944214,0.0,0.2420727014541626,0.0,0.0,0.0
"DM-16830",False,"train",0.0,0.0,0.0,0.0,0.05155869945883751,0.0,0.0,0.9291563630104065
"DM-9583",False,"train",0.0,0.0,0.5350971817970276,0.3120378851890564,0.0,0.06401007622480392,0.0,0.07287909090518951
"DM-13904",False,"train",0.0,0.1415773630142212,0.0,0.6398658156394958,0.0,0.0,0.1855417639017105,0.0
"DM-9572",True,"train",0.0,0.0,0.0,0.0,0.46882906556129456,0.0,0.0,0.4898689091205597
"DM-18007",False,"train",0.1913978010416031,0.6145038604736328,0.0,0.0,0.0,0.0,0.0,0.17866085469722748
"DM-4160",False,"train",0.0,0.024750765413045883,0.31668877601623535,0.0,0.0,0.4681625962257385,0.18303759396076202,0.0
"DM-2674",True,"train",0.0,0.0,0.0,0.4066740572452545,0.15430286526679993,0.43103620409965515,0.0,0.0
"DM-11013",False,"train",0.0,0.0,0.07688950002193451,0.0,0.6991072297096252,0.0,0.0,0.21307405829429626
"DM-12403",False,"train",0.37926068902015686,0.0,0.0,0.0,0.0,0.5763675570487976,0.0,0.0
"DM-9929",True,"train",0.2029428333044052,0.0,0.0,0.0,0.0,0.466339111328125,0.0,0.32077473402023315
"DM-10043",False,"train",0.29379475116729736,0.0,0.0,0.0,0.0,0.6803051233291626,0.0,0.0
"DM-14593",False,"train",0.0,0.0,0.0,0.4308796226978302,0.35028672218322754,0.21057993173599243,0.0,0.0
"DM-958",True,"train",0.024797046557068825,0.0,0.0,0.0,0.557429850101471,0.0,0.0,0.4072290360927582
"DM-3259",False,"train",0.0,0.0,0.0,0.32770222425460815,0.0794462040066719,0.0,0.5778117775917053,0.0
"DM-10046",False,"train",0.0,0.0,0.0,0.0,0.6626275181770325,0.0,0.0,0.31489357352256775
"DM-15052",False,"train",0.8740847110748291,0.018003618344664574,0.01798182725906372,0.017971469089388847,0.01798102632164955,0.01797313243150711,0.018022453412413597,0.01798173226416111
"DM-4504",True,"train",0.01563103124499321,0.015630314126610756,0.01563866250216961,0.015657098963856697,0.01565364934504032,0.015636321157217026,0.015648722648620605,0.8905041813850403
"DM-12571",False,"train",0.0,0.0,0.27367985248565674,0.23493057489395142,0.10280339419841766,0.0,0.0,0.3859989643096924
"DM-17314",False,"train",0.011401607654988766,0.01140146516263485,0.688994824886322,0.01140875555574894,0.011411596089601517,0.24258702993392944,0.011398283764719963,0.011396423913538456
"DM-5803",False,"train",0.010570277459919453,0.7131815552711487,0.010565546341240406,0.010568524710834026,0.010571739636361599,0.010571455582976341,0.22338980436325073,0.010581067763268948
"DM-7311",False,"train",0.25082162022590637,0.031386468559503555,0.03143123537302017,0.031391143798828125,0.03138517960906029,0.03137124329805374,0.5608376264572144,0.031375475227832794
"DM-1615",False,"train",0.0,0.0,0.0,0.0,0.976320207118988,0.0,0.0,0.0
"DM-9428",False,"train",0.0,0.0,0.0,0.9538483619689941,0.0,0.0,0.0,0.0
"DM-6922",False,"train",0.0,0.528559684753418,0.0,0.0,0.0,0.4435836672782898,0.0,0.0
"DM-15617",False,"train",0.0,0.0,0.25950348377227783,0.0,0.0,0.697921633720398,0.0,0.0
"DM-13384",False,"train",0.0,0.649978518486023,0.0,0.0,0.0,0.0,0.31731945276260376,0.0
"DM-10818",False,"train",0.0,0.0,0.0,0.0,0.0,0.0,0.0,0.942514181137085
"DM-15585",False,"train",0.0,0.0,0.0,0.0,0.27848395705223083,0.18458062410354614,0.5057739615440369,0.0
"DM-16051",False,"train",0.0,0.09391377866268158,0.0,0.3123342990875244,0.5736676454544067,0.0,0.0,0.0
"DM-12640",True,"train",0.0,0.0,0.0,0.0,0.5742605328559875,0.0,0.0,0.41685497760772705
"DM-827",False,"train",0.9851431250572205,0.0,0.0,0.0,0.0,0.0,0.0,0.0
"DM-13710",False,"train",0.011270564049482346,0.011265994980931282,0.011263914406299591,0.6724051237106323,0.011274749413132668,0.2599727213382721,0.01126644853502512,0.011280501261353493
"DM-17837",False,"train",0.0,0.0,0.0,0.08221239596605301,0.0,0.8864138126373291,0.0,0.0
"DM-8164",False,"train",0.37585580348968506,0.0,0.0,0.4107253849506378,0.0,0.0,0.0,0.18196730315685272
"DM-11025",False,"train",0.13144400715827942,0.2784319221973419,0.0,0.0,0.0,0.5566241145133972,0.0,0.0
"DM-2675",False,"train",0.015871040523052216,0.015872567892074585,0.01587110385298729,0.015880512073636055,0.8888059854507446,0.01587076298892498,0.015921087935566902,0.015906954184174538
"DM-4387",False,"train",0.8014402389526367,0.0515800416469574,0.14244066178798676,0.0,0.0,0.0,0.0,0.0
"DM-9682",False,"train",0.9417394399642944,0.0,0.0,0.0,0.0,0.0,0.0,0.0
"DM-15588",True,"train",0.0,0.053001418709754944,0.0,0.0,0.9109375476837158,0.0,0.0,0.0
"DM-14012",False,"train",0.0,0.0,0.0,0.0,0.0,0.960010290145874,0.0,0.0
"DM-15775",False,"train",0.0,0.08325957506895065,0.0,0.09621395170688629,0.7260575890541077,0.0,0.08279650658369064,0.0
"DM-16550",False,"train",0.0,0.0,0.0,0.8652744293212891,0.016047921031713486,0.0,0.0,0.09394429624080658
"DM-3223",False,"train",0.0,0.0,0.6636291146278381,0.2941450774669647,0.0,0.0,0.0,0.0
"DM-7207",False,"train",0.0,0.7320346832275391,0.0,0.0,0.0,0.0,0.0,0.21434946358203888
"DM-7594",True,"train",0.0,0.0,0.0,0.9007264375686646,0.0,0.0,0.0,0.08001034706830978
"DM-16947",False,"train",0.01569734327495098,0.25804197788238525,0.015699870884418488,0.6477671265602112,0.015695488080382347,0.015698127448558807,0.015707122161984444,0.015693001449108124
"DM-4851",False,"train",0.014202577993273735,0.014203707687556744,0.014203262515366077,0.014208058826625347,0.9005389213562012,0.014224560931324959,0.014207187108695507,0.014211758971214294
"DM-509",False,"train",0.0,0.0,0.0,0.0,0.18630515038967133,0.0,0.0,0.7779085636138916
"DM-14350",False,"train",0.0,0.0,0.0,0.0,0.9760651588439941,0.0,0.0,0.0
"DM-14273",False,"train",0.0,0.09705694019794464,0.0,0.0,0.8493108749389648,0.0,0.0,0.0
"DM-1615",False,"train",0.0,0.0,0.0,0.0,0.976320207118988,0.0,0.0,0.0
"DM-11370",False,"train",0.7619773149490356,0.0,0.05490408092737198,0.0,0.16721563041210175,0.0,0.0,0.0
"DM-6437",False,"train",0.9538043141365051,0.0,0.0,0.0,0.0,0.0,0.0,0.0
"DM-928",False,"train",0.02093316987156868,0.020945364609360695,0.020930947735905647,0.020946264266967773,0.0209603663533926,0.02095414139330387,0.8533868789672852,0.020942872390151024
"DM-11368",False,"train",0.0,0.1849835366010666,0.0,0.0,0.6500692367553711,0.0,0.13878758251667023,0.0
"DM-10780",True,"train",0.010740016587078571,0.010737326927483082,0.010727720335125923,0.010732725262641907,0.010748479515314102,0.010738857090473175,0.26532089710235596,0.6702539920806885
"DM-8409",True,"train",0.0,0.0,0.0,0.879359245300293,0.0,0.08551877737045288,0.0,0.03195570781826973
"DM-15458",True,"train",0.0,0.0,0.9919348955154419,0.0,0.0,0.0,0.0,0.0
"DM-6294",False,"train",0.26555660367012024,0.0,0.0,0.43401220440864563,0.0,0.275372177362442,0.0,0.0
"DM-17067",False,"train",0.11024166643619537,0.0,0.0,0.0,0.1858697533607483,0.0,0.6780550479888916,0.0
"DM-1498",False,"train",0.0,0.686733067035675,0.2551991939544678,0.0,0.0,0.0,0.0,0.0
"DM-1812",False,"train",0.0,0.0,0.30548563599586487,0.0,0.13243241608142853,0.40493977069854736,0.13355132937431335,0.0
"DM-8818",False,"train",0.0,0.0,0.0,0.9619125723838806,0.0,0.0,0.0,0.0
"DM-17999",False,"train",0.0,0.0,0.0,0.9578081965446472,0.0,0.0,0.0,0.0
"DM-1794",True,"train",0.42761287093162537,0.0,0.0,0.0,0.5495812296867371,0.0,0.0,0.0
"DM-768",False,"train",0.0,0.0,0.0,0.0,0.0,0.9618510603904724,0.0,0.0
"DM-7208",False,"train",0.0,0.0,0.9370869994163513,0.0,0.0,0.0,0.0,0.0
"DM-5474",False,"train",0.0,0.0,0.0,0.0,0.0,0.9809143543243408,0.0,0.0
"DM-8221",False,"train",0.0,0.0,0.13978219032287598,0.0,0.0,0.8417947888374329,0.0,0.0
"DM-10516",False,"train",0.020442500710487366,0.0,0.20223653316497803,0.0,0.21815502643585205,0.5546026229858398,0.0,0.0
"DM-7532",False,"train",0.0,0.0,0.0,0.6256518363952637,0.09176497161388397,0.0,0.27741795778274536,0.0
"DM-11931",False,"train",0.0,0.0,0.0,0.8644030094146729,0.12218116968870163,0.0,0.0,0.0
"DM-8164",False,"train",0.37585580348968506,0.0,0.0,0.4107253849506378,0.0,0.0,0.0,0.18196730315685272
"DM-6139",False,"train",0.0,0.0,0.0,0.0,0.0,0.9657211899757385,0.0,0.0
"DM-11628",False,"train",0.0,0.0,0.0,0.0,0.0,0.988451361656189,0.0,0.0
"DM-4408",False,"train",0.04787850379943848,0.0,0.0,0.450359046459198,0.017007293179631233,0.0,0.0,0.48089632391929626
"DM-15241",False,"train",0.0,0.27604004740715027,0.0,0.0,0.39111828804016113,0.31744900345802307,0.0,0.0
"DM-6250",False,"train",0.01805756613612175,0.2298819124698639,0.01805216446518898,0.018104972317814827,0.01808861643075943,0.01805949956178665,0.01804937608540058,0.6617059111595154
"DM-9594",False,"train",0.0,0.0,0.0,0.0,0.2604858875274658,0.7218719124794006,0.0,0.0
"DM-4866",True,"train",0.0,0.0,0.0,0.7675189971923828,0.0,0.0,0.0,0.19857564568519592
"DM-13267",False,"train",0.0,0.0,0.0,0.0,0.9561634659767151,0.0,0.0,0.0
"DM-1920",False,"train",0.0,0.0,0.0,0.7307371497154236,0.20587776601314545,0.05339609831571579,0.0,0.0
"DM-1576",False,"train",0.0,0.0,0.0,0.0,0.980867326259613,0.0,0.0,0.0
"DM-7170",False,"train",0.09949550032615662,0.0,0.0,0.0,0.6165459752082825,0.0,0.0,0.25561702251434326
"DM-5447",False,"train",0.06417588144540787,0.0,0.0,0.06637316197156906,0.6488093137741089,0.0,0.2026756852865219,0.0
"DM-8358",False,"train",0.012512543238699436,0.012511830776929855,0.012520912103354931,0.012517290189862251,0.012529446743428707,0.6099033951759338,0.012512877583503723,0.31499165296554565
"DM-5785",False,"train",0.9755759239196777,0.0,0.0,0.0,0.0,0.0,0.0,0.0
"DM-10872",False,"train",0.020841781049966812,0.020843230187892914,0.020844098180532455,0.8540492057800293,0.020863397046923637,0.020852163434028625,0.02086004987359047,0.020846128463745117
"DM-3363",False,"train",0.10614007711410522,0.400905579328537,0.0,0.0,0.0,0.1254749745130539,0.35318008065223694,0.0
"DM-11981",True,"train",0.0,0.0,0.0,0.39853715896606445,0.40758439898490906,0.18343724310398102,0.0,0.0
"DM-17314",False,"train",0.011401607654988766,0.01140146516263485,0.688994824886322,0.01140875555574894,0.011411596089601517,0.24258702993392944,0.011398283764719963,0.011396423913538456
"DM-5205",True,"train",0.0,0.0,0.20979134738445282,0.0,0.0,0.0,0.0,0.761135458946228
"DM-8227",False,"train",0.4421197175979614,0.0,0.17632925510406494,0.05484751611948013,0.0,0.31285640597343445,0.0,0.0
"DM-11538",False,"train",0.0,0.0,0.4360944926738739,0.21424128115177155,0.0,0.0,0.3148723840713501,0.0
"DM-14694",False,"train",0.0,0.0,0.0,0.866316020488739,0.0,0.0,0.0,0.1257762759923935
"DM-208",False,"train",0.031888652592897415,0.03179968520998955,0.031825460493564606,0.777092456817627,0.031898874789476395,0.03179972618818283,0.03187800571322441,0.031817108392715454
"DM-11454",True,"train",0.0,0.3773331046104431,0.0,0.137115016579628,0.4760238528251648,0.0,0.0,0.0
"DM-8686",False,"train",0.0,0.0,0.0,0.0,0.9920317530632019,0.0,0.0,0.0
"DM-5424",False,"train",0.05152657628059387,0.0,0.0,0.0,0.8251432180404663,0.10324764251708984,0.0,0.0
"DM-2437",False,"train",0.0,0.0,0.07899338006973267,0.0,0.18195639550685883,0.7231081128120422,0.0,0.0
"DM-8577",False,"train",0.0,0.0,0.0,0.9631879925727844,0.0,0.0,0.0,0.0
"DM-16475",False,"train",0.0,0.0,0.0,0.07047343999147415,0.07144536823034286,0.15795646607875824,0.0,0.6855393052101135
"DM-870",False,"train",0.8205674886703491,0.025640390813350677,0.025637278333306313,0.025635085999965668,0.025632871314883232,0.02562842145562172,0.025625087320804596,0.025633424520492554
"DM-3372",True,"train",0.06527861207723618,0.09678787738084793,0.0,0.0,0.4865989089012146,0.3388301730155945,0.0,0.0
"DM-12440",False,"train",0.0,0.0,0.0,0.0,0.9512093663215637,0.0,0.0,0.0
"DM-17305",True,"train",0.0,0.0,0.0,0.9768964052200317,0.0,0.0,0.0,0.0
"DM-5088",False,"train",0.0,0.13891126215457916,0.0,0.0,0.8429893851280212,0.0,0.0,0.0
"DM-3160",False,"train",0.0,0.0,0.33634045720100403,0.0,0.6405243277549744,0.0,0.0,0.0
"DM-4833",False,"train",0.0,0.0,0.0,0.26273760199546814,0.0,0.6907951235771179,0.0,0.0
"DM-10905",False,"train",0.07562316954135895,0.0,0.0,0.0,0.0,0.8925248980522156,0.0,0.0
"DM-10831",False,"train",0.0,0.0,0.0,0.0,0.0,0.7121699452400208,0.0,0.27488210797309875
"DM-1659",False,"train",0.04549356922507286,0.0,0.0,0.45721063017845154,0.47689342498779297,0.0,0.0,0.0
"DM-8552",False,"train",0.0,0.0,0.0,0.07536686956882477,0.0,0.711620569229126,0.04872151464223862,0.14861394464969635
"DM-3945",False,"train",0.02448006346821785,0.024473590776324272,0.024486012756824493,0.352337509393692,0.024503039196133614,0.5007553100585938,0.024492455646395683,0.024472054094076157
"DM-1914",True,"train",0.015756871551275253,0.015792325139045715,0.01575285568833351,0.01576663926243782,0.8896109461784363,0.015765657648444176,0.015759866684675217,0.01579485833644867
"DM-13954",False,"train",0.0,0.0,0.0,0.6315707564353943,0.0,0.0,0.32027971744537354,0.0
"DM-5297",False,"train",0.0,0.0,0.0,0.0,0.0,0.9820566177368164,0.0,0.0
"DM-8723",False,"train",0.0,0.0,0.0,0.0639302209019661,0.4694322347640991,0.3803815543651581,0.07628179341554642,0.0
"DM-12700",False,"train",0.9325111508369446,0.0,0.0,0.0,0.0,0.0,0.0,0.0
"DM-11609",False,"train",0.0,0.0,0.0,0.0,0.9726194739341736,0.0,0.0,0.0
"DM-9765",False,"train",0.0,0.0,0.053913772106170654,0.6231996417045593,0.09473580121994019,0.06463056802749634,0.0,0.1571466624736786
"DM-8755",False,"train",0.01562776416540146,0.015628190711140633,0.015628615394234657,0.015631921589374542,0.015638228505849838,0.01563492976129055,0.890572190284729,0.015638191252946854
"DM-6783",True,"train",0.4147073030471802,0.0,0.0,0.57059645652771,0.0,0.0,0.0,0.0
"DM-9748",False,"train",0.012927012518048286,0.012954209931194782,0.29792317748069763,0.012925616465508938,0.6244839429855347,0.012931300327181816,0.01292747724801302,0.012927243486046791
"DM-14783",False,"train",0.0,0.0,0.0,0.0,0.48429548740386963,0.25360941886901855,0.09616623818874359,0.16147561371326447
"DM-6280",False,"train",0.0,0.0,0.0,0.0,0.0,0.37559646368026733,0.5825604796409607,0.0
"DM-10973",False,"train",0.0,0.0,0.6209928393363953,0.07420423626899719,0.2945527732372284,0.0,0.0,0.0
"DM-16535",False,"train",0.0,0.7939989566802979,0.0,0.0,0.18620382249355316,0.0,0.0,0.0
"DM-2923",True,"train",0.0,0.0,0.0,0.9491515159606934,0.0,0.0,0.0,0.0
"DM-9440",False,"train",0.2768456041812897,0.011515120044350624,0.011511757038533688,0.011514808051288128,0.011520568281412125,0.4965185225009918,0.01150902546942234,0.16906456649303436
"DM-3648",True,"train",0.013893145136535168,0.013895304873585701,0.01389329880475998,0.013893254101276398,0.013911759480834007,0.013895940035581589,0.013895612210035324,0.9027217626571655
"DM-5431",False,"train",0.0,0.0,0.0,0.6286078095436096,0.0,0.35871264338493347,0.0,0.0
"DM-10234",False,"train",0.0,0.0,0.0,0.0,0.24961301684379578,0.0,0.5561292171478271,0.17467080056667328
"DM-13409",True,"train",0.0,0.30565550923347473,0.0,0.0,0.6553150415420532,0.0,0.0,0.0
"DM-4840",False,"train",0.15519563853740692,0.0,0.0,0.8144772052764893,0.0,0.0,0.0,0.0
"DM-4801",False,"train",0.0,0.0,0.0,0.0,0.6470235586166382,0.3385394811630249,0.0,0.0
"DM-17187",False,"train",0.0,0.1756896674633026,0.0,0.0,0.48954254388809204,0.0,0.0,0.3118564486503601
"DM-18438",False,"train",0.0,0.3046817183494568,0.0,0.0,0.17991900444030762,0.2688973844051361,0.0,0.22857123613357544
"DM-1135",False,"train",0.0,0.0,0.0,0.0,0.0,0.9742253422737122,0.0,0.0
"DM-14628",False,"train",0.0,0.9203972816467285,0.0,0.061279796063899994,0.0,0.0,0.0,0.0
"DM-3102",False,"train",0.0,0.0,0.5804376602172852,0.1256900578737259,0.050398681312799454,0.22875022888183594,0.0,0.0
"DM-14659",True,"train",0.017878931015729904,0.017902621999382973,0.017917383462190628,0.017891472205519676,0.2612137794494629,0.017901787534356117,0.01788215897977352,0.6314119100570679
"DM-15927",False,"train",0.0,0.974213182926178,0.0,0.0,0.0,0.0,0.0,0.0
"DM-1979",True,"train",0.010471560060977936,0.17050568759441376,0.010437889024615288,0.46024754643440247,0.010434477590024471,0.010445508174598217,0.010428746230900288,0.31702861189842224
"DM-10354",False,"train",0.0,0.0,0.0,0.0,0.908898115158081,0.06556160748004913,0.0,0.0
"DM-2935",False,"train",0.0,0.0,0.6091182827949524,0.0,0.36648955941200256,0.0,0.0,0.0
"DM-14149",False,"train",0.0,0.0,0.0,0.9851201176643372,0.0,0.0,0.0,0.0
"DM-5039",False,"train",0.01409094501286745,0.45579537749290466,0.014056514948606491,0.01405297964811325,0.4598078429698944,0.014064189046621323,0.014055365696549416,0.014076799154281616
"DM-16386",False,"train",0.0,0.0,0.0,0.0,0.0,0.0468788668513298,0.9492235779762268,0.0
"DM-14019",False,"train",0.0,0.08339954912662506,0.0,0.0,0.0,0.8807150721549988,0.0,0.0
"DM-8114",False,"train",0.0,0.0,0.0,0.0,0.9762096405029297,0.0,0.0,0.0
"DM-3179",False,"train",0.017403187230229378,0.31971028447151184,0.017405183985829353,0.017410140484571457,0.5758504271507263,0.017408765852451324,0.017410188913345337,0.017401836812496185
"DM-14786",False,"train",0.0,0.1275079846382141,0.0,0.3442203402519226,0.5050536394119263,0.0,0.0,0.0
"DM-435",False,"train",0.0,0.0,0.0,0.0,0.9886416792869568,0.0,0.0,0.0
"DM-13197",False,"train",0.0,0.0,0.0,0.0,0.6034093499183655,0.0,0.0,0.3750034272670746
"DM-14139",False,"train",0.0,0.0,0.0,0.0,0.958004891872406,0.0,0.0,0.0
"DM-4816",False,"train",0.0,0.0,0.0,0.0,0.4310593008995056,0.0,0.0,0.5426087975502014
"DM-14109",False,"train",0.0,0.6987000703811646,0.0,0.0,0.0,0.15987062454223633,0.0,0.10647358000278473
"DM-13045",True,"train",0.0,0.0,0.0,0.0,0.3806922733783722,0.589102566242218,0.0,0.0
"DM-10305",False,"train",0.0,0.31004953384399414,0.036386895924806595,0.0,0.4632496237754822,0.05953005701303482,0.0,0.12006226181983948
"DM-8336",False,"train",0.0,0.0,0.0,0.0,0.9717322587966919,0.0,0.0,0.0
"DM-11608",False,"train",0.0,0.7659857273101807,0.19984793663024902,0.0,0.0,0.0,0.0,0.0
"DM-11258",False,"train",0.0,0.0,0.03948507830500603,0.0,0.07268336415290833,0.3041171431541443,0.0,0.5747565031051636
"DM-11090",False,"train",0.0,0.0,0.0,0.8811522126197815,0.0,0.11156877130270004,0.0,0.0
"DM-11429",False,"train",0.0,0.6860136389732361,0.22992312908172607,0.0,0.06547451764345169,0.0,0.0,0.0
"DM-2437",False,"train",0.0,0.0,0.07899338006973267,0.0,0.18195639550685883,0.7231081128120422,0.0,0.0
"DM-6884",False,"train",0.0,0.0,0.7287594079971313,0.0,0.2477550357580185,0.0,0.0,0.0
"DM-11315",False,"train",0.014623438939452171,0.014624493196606636,0.014624587260186672,0.014656317420303822,0.8975694179534912,0.01463168766349554,0.01462642289698124,0.014643621630966663
"DM-15713",False,"train",0.0,0.0,0.0,0.9675251841545105,0.0,0.0,0.0,0.0
"DM-6359",False,"train",0.014088748022913933,0.014096708968281746,0.014086845330893993,0.01410779170691967,0.014088601805269718,0.16543252766132355,0.7500086426734924,0.014090154320001602
"DM-2094",False,"train",0.26103857159614563,0.0,0.0,0.0,0.0,0.5951501727104187,0.0,0.11924262344837189
"DM-13417",False,"train",0.0,0.0,0.0,0.0,0.5310407876968384,0.0,0.0,0.44828546047210693
"DM-10876",False,"train",0.020851057022809982,0.020851286128163338,0.02085261419415474,0.8540214896202087,0.02085385099053383,0.020850863307714462,0.020865049213171005,0.020853806287050247
"DM-18569",False,"train",0.0,0.0,0.7351564764976501,0.0,0.21759895980358124,0.0,0.0,0.0
"DM-6177",True,"train",0.0,0.0,0.12121117115020752,0.08901901543140411,0.5671712160110474,0.16595779359340668,0.05189265310764313,0.0
"DM-4862",False,"train",0.0,0.0,0.0,0.0,0.6688316464424133,0.2892952859401703,0.0,0.0
"DM-800",False,"train",0.0,0.0,0.9756495952606201,0.0,0.0,0.0,0.0,0.0
"DM-10206",False,"train",0.0,0.0,0.0,0.0,0.9658442139625549,0.0,0.0,0.0
"DM-631",False,"train",0.03505438566207886,0.03505227714776993,0.03504793345928192,0.0350516252219677,0.7545527815818787,0.035085152834653854,0.03505831956863403,0.03509749099612236
"DM-6327",False,"train",0.828080952167511,0.0,0.0,0.0,0.14505928754806519,0.0,0.0,0.0
"DM-12459",False,"train",0.9123131036758423,0.012544644996523857,0.012525107711553574,0.012533589266240597,0.012519221752882004,0.012528468854725361,0.01251986250281334,0.012516027316451073
"DM-976",False,"train",0.0,0.0,0.0,0.0,0.9325792789459229,0.0,0.0,0.0
"DM-3178",False,"train",0.017827056348323822,0.37599268555641174,0.017829224467277527,0.017833707854151726,0.5170249342918396,0.017832521349191666,0.01783423125743866,0.0178256556391716
"DM-18729",False,"train",0.0,0.0,0.0,0.0,0.0,0.6249101758003235,0.0,0.339213103055954
"DM-7123",False,"train",0.0,0.0,0.0,0.0,0.9484580159187317,0.0,0.0,0.0
"DM-6379",False,"train",0.015397598035633564,0.015400447882711887,0.015408375300467014,0.015410378575325012,0.6840862035751343,0.015418816357851028,0.015396356582641602,0.22348187863826752
"DM-7710",False,"train",0.22606411576271057,0.0,0.0,0.0,0.0,0.7164533734321594,0.0,0.0
"DM-5702",False,"train",0.0,0.0,0.0,0.0,0.9820364117622375,0.0,0.0,0.0
"DM-14545",False,"train",0.013732165098190308,0.013761208392679691,0.013724024407565594,0.013750736601650715,0.9038204550743103,0.013752358965575695,0.013725697062909603,0.01373334787786007
"DM-5205",True,"train",0.0,0.0,0.20979134738445282,0.0,0.0,0.0,0.0,0.761135458946228
"DM-9754",False,"train",0.0,0.0,0.2522575557231903,0.26083996891975403,0.0,0.15569375455379486,0.0,0.3062167465686798
"DM-10142",False,"train",0.0,0.0,0.0,0.0,0.9440571069717407,0.0,0.0,0.0
"DM-9962",False,"train",0.0,0.0,0.0,0.08719734847545624,0.6641311049461365,0.0,0.0,0.2378401905298233
"DM-1619",False,"train",0.010464146733283997,0.010442783124744892,0.01044952217489481,0.010445394553244114,0.9268595576286316,0.010449104011058807,0.010441337712109089,0.010448175482451916
"DM-12555",False,"train",0.0,0.0,0.0,0.0,0.27141696214675903,0.0,0.0,0.7007377743721008
"DM-8091",False,"train",0.0,0.09182438254356384,0.3058716952800751,0.0,0.0,0.589504599571228,0.0,0.0
"DM-14718",False,"train",0.0,0.0,0.0,0.0,0.4536828398704529,0.0,0.0,0.5176151394844055
"DM-14378",False,"train",0.3553783893585205,0.608781635761261,0.0,0.0,0.0,0.0,0.0,0.0
"DM-17557",False,"train",0.0,0.11085384339094162,0.0,0.0,0.8671736121177673,0.0,0.0,0.0
"DM-9743",False,"train",0.0,0.0,0.0,0.3795665204524994,0.06743703037500381,0.3295566737651825,0.0,0.21278908848762512
"DM-13322",False,"train",0.0,0.0,0.0456402450799942,0.0,0.9167104363441467,0.0,0.0,0.0
"DM-13411",False,"train",0.0,0.0,0.9915710687637329,0.0,0.0,0.0,0.0,0.0
"DM-18508",False,"train",0.010465442202985287,0.010443398728966713,0.9268439412117004,0.010454913601279259,0.010456586256623268,0.010451320558786392,0.010445473715662956,0.010438913479447365
"DM-18370",True,"train",0.0,0.2455359697341919,0.0,0.0,0.0,0.0,0.6966589093208313,0.0
"DM-8308",True,"train",0.0,0.0,0.0,0.27046075463294983,0.0,0.0,0.0,0.7080853581428528
"DM-12636",False,"train",0.0,0.0,0.0,0.3304860591888428,0.6301605701446533,0.0,0.0,0.0
"DM-473",False,"train",0.0,0.0,0.0,0.0,0.0,0.9749208092689514,0.0,0.0
"DM-2429",False,"train",0.0,0.7763754725456238,0.0,0.0,0.1860109567642212,0.0,0.0,0.0
"DM-5516",True,"train",0.03126481547951698,0.03125574812293053,0.7811034321784973,0.03127843514084816,0.03127612918615341,0.031275808811187744,0.03127450495958328,0.031271085143089294
"DM-9927",False,"train",0.0,0.0,0.0,0.0915147066116333,0.0,0.5719279050827026,0.31748872995376587,0.0
"DM-6029",False,"train",0.011387106962502003,0.011384344659745693,0.920259416103363,0.01138940267264843,0.01139730866998434,0.011393390595912933,0.011387343518435955,0.011401703581213951
"DM-11898",False,"train",0.0,0.0,0.0,0.9373005032539368,0.0,0.0,0.0,0.0
"DM-8821",False,"train",0.0,0.7902074456214905,0.0,0.0,0.0,0.0,0.0,0.15431265532970428
"DM-5414",False,"train",0.0,0.0,0.05783052369952202,0.0,0.0,0.7288747429847717,0.1907496452331543,0.0
"DM-15638",True,"train",0.0,0.0,0.0,0.5580689311027527,0.0,0.4169769287109375,0.0,0.0
"DM-13010",False,"train",0.23936815559864044,0.3096749782562256,0.0,0.0,0.43385401368141174,0.0,0.0,0.0
"DM-16400",False,"train",0.366137832403183,0.0,0.0,0.0,0.3444696366786957,0.26663443446159363,0.0,0.0
"DM-927",False,"train",0.020863616839051247,0.02086268551647663,0.020851707085967064,0.02086440473794937,0.020876754075288773,0.48515117168426514,0.38966646790504456,0.020863190293312073
"DM-5784",False,"train",0.40821120142936707,0.0,0.34661996364593506,0.05628585442900658,0.0,0.0,0.0,0.17613083124160767
"DM-17277",False,"train",0.0,0.47753721475601196,0.0,0.0,0.0,0.4649779796600342,0.0,0.0
"DM-4490",True,"train",0.020841926336288452,0.02083801105618477,0.020844796672463417,0.02085382677614689,0.02086501196026802,0.020862091332674026,0.020853105932474136,0.8540412187576294
"DM-9929",True,"train",0.2029428333044052,0.0,0.0,0.0,0.0,0.466339111328125,0.0,0.32077473402023315
"DM-13601",False,"train",0.05240829661488533,0.0,0.0,0.682798445224762,0.019057340919971466,0.2404778152704239,0.0,0.0
"DM-13164",True,"train",0.0,0.0,0.0,0.0,0.0,0.9420989751815796,0.0,0.0
"DM-8656",False,"train",0.0,0.08038253337144852,0.914624035358429,0.0,0.0,0.0,0.0,0.0
"DM-17445",True,"train",0.022631429135799408,0.022629274055361748,0.02262958139181137,0.022634493187069893,0.022641362622380257,0.8415638208389282,0.022638358175754547,0.0226316936314106
"DM-561",False,"train",0.0,0.0,0.0,0.0,0.9639158248901367,0.0,0.0,0.0
"DM-18708",False,"train",0.0,0.0,0.445078581571579,0.0,0.5130881071090698,0.0,0.0,0.0
"DM-13322",False,"train",0.0,0.0,0.0456402450799942,0.0,0.9167104363441467,0.0,0.0,0.0
"DM-2892",False,"train",0.0932021364569664,0.0,0.28097501397132874,0.0,0.46025314927101135,0.0,0.0,0.15450888872146606
"DM-12660",False,"train",0.011404234915971756,0.5181519389152527,0.011400900781154633,0.4134039878845215,0.011423029936850071,0.011408926919102669,0.011401835829019547,0.011405074037611485
"DM-291",True,"train",0.03070811741054058,0.030717914924025536,0.326666921377182,0.03073284961283207,0.03078386001288891,0.4889233112335205,0.0307406485080719,0.03072645142674446
"DM-10371",False,"train",0.017884258180856705,0.017884697765111923,0.017891976982355118,0.01788765750825405,0.01788560301065445,0.017890360206365585,0.8747815489768982,0.01789390668272972
"DM-11096",False,"train",0.1035064160823822,0.0,0.036663301289081573,0.12531715631484985,0.22245852649211884,0.03662183880805969,0.1450585126876831,0.32960179448127747
"DM-16035",True,"train",0.0,0.0,0.0,0.15213929116725922,0.5785354375839233,0.0,0.0,0.25442537665367126
"DM-1710",False,"train",0.3330386281013489,0.0,0.6558066010475159,0.0,0.0,0.0,0.0,0.0
"DM-15138",False,"train",0.0,0.09173869341611862,0.0,0.0,0.6783830523490906,0.21140830218791962,0.0,0.0
"DM-1404",False,"train",0.0,0.5165353417396545,0.0,0.46710965037345886,0.0,0.0,0.0,0.0
"DM-13770",False,"train",0.0,0.0,0.0,0.0,0.0,0.9821178317070007,0.0,0.0
"DM-6357",False,"train",0.014088733121752739,0.014096692204475403,0.0140868304297328,0.014107794500887394,0.014088586904108524,0.16540522873401642,0.7500359416007996,0.014090141281485558
"DM-13449",True,"train",0.0,0.0,0.0,0.0,0.0,0.9834532141685486,0.0,0.0
"DM-9623",False,"train",0.0,0.09671235829591751,0.0,0.08179115504026413,0.7054217457771301,0.0,0.10797962546348572,0.0
"DM-222",False,"train",0.017918316647410393,0.8744761943817139,0.01792042702436447,0.01793159544467926,0.01794498786330223,0.017944367602467537,0.01791883073747158,0.01794527843594551
"DM-16404",False,"train",0.0,0.0,0.0,0.10066423565149307,0.1659948080778122,0.7071600556373596,0.0,0.0
"DM-4856",False,"train",0.0,0.0,0.0,0.0,0.0,0.0,0.0,0.951310396194458
"DM-17605",True,"train",0.0,0.0,0.0,0.08103838562965393,0.0,0.9047870635986328,0.0,0.0
"DM-3692",True,"train",0.0,0.0,0.0,0.0,0.9650702476501465,0.0,0.0,0.0
"DM-16347",False,"train",0.12214214354753494,0.0,0.0,0.8749297261238098,0.0,0.0,0.0,0.0
"DM-9251",False,"train",0.1683533787727356,0.015792518854141235,0.01575649343430996,0.7370070815086365,0.015767838805913925,0.015774713829159737,0.015789074823260307,0.015758894383907318
"DM-7147",False,"train",0.0,0.0,0.0,0.8092969059944153,0.0,0.18696582317352295,0.0,0.0
"DM-11953",False,"train",0.0,0.0,0.0,0.3686869442462921,0.5436102151870728,0.0,0.0,0.06594282388687134
"DM-6878",True,"train",0.0,0.0,0.0,0.5809248685836792,0.1911209225654602,0.14045646786689758,0.07917984575033188,0.0
"DM-9846",False,"train",0.0,0.0,0.0,0.0,0.9649384021759033,0.0,0.0,0.0
"DM-7067",False,"train",0.0,0.0,0.0,0.9640220403671265,0.0,0.0,0.0,0.0
"DM-15249",False,"train",0.0,0.0,0.0,0.0,0.5251507759094238,0.0,0.0,0.4477020800113678
"DM-13779",True,"train",0.0,0.0,0.0,0.0,0.0,0.9637448787689209,0.0,0.024515444412827492
"DM-16510",False,"train",0.0,0.8460941910743713,0.0,0.0,0.12789377570152283,0.0,0.0,0.0
"DM-8714",False,"train",0.0,0.0,0.0,0.9673799276351929,0.0,0.0,0.0,0.0
"DM-2777",False,"train",0.0,0.0,0.5540751218795776,0.0,0.1990116983652115,0.22445133328437805,0.0,0.0
"DM-11371",False,"train",0.0,0.0,0.0,0.0,0.5877629518508911,0.23817561566829681,0.0,0.13480891287326813
"DM-16589",False,"train",0.017148025333881378,0.017147639766335487,0.8799627423286438,0.017150675877928734,0.01715199090540409,0.017147120088338852,0.0171444583684206,0.017147313803434372
"DM-6592",False,"train",0.0,0.0,0.0,0.7528892159461975,0.19703875482082367,0.0,0.0,0.0
"DM-14115",False,"train",0.0899852067232132,0.0,0.0,0.46971258521080017,0.1342443823814392,0.2905770242214203,0.0,0.0
"DM-2623",False,"train",0.3869022727012634,0.0,0.0,0.0,0.5693605542182922,0.0,0.0,0.0
"DM-7070",False,"train",0.09797953069210052,0.0,0.0,0.8712783455848694,0.0,0.0,0.0,0.0
"DM-5402",False,"train",0.0,0.7196153402328491,0.1006004810333252,0.0,0.0,0.0,0.14445741474628448,0.0
"DM-13690",False,"train",0.0,0.0,0.0,0.0,0.9618775248527527,0.0,0.0,0.0
"DM-8295",False,"train",0.3690375089645386,0.1379212886095047,0.2644363045692444,0.0,0.0,0.0,0.0,0.20061728358268738
"DM-6969",False,"train",0.01561727561056614,0.0156166460365057,0.015615998767316341,0.015623913146555424,0.015625763684511185,0.8906593918800354,0.015619413927197456,0.015621664933860302
"DM-1338",True,"train",0.07862988859415054,0.534558892250061,0.0,0.041562967002391815,0.20088014006614685,0.1350228190422058,0.0,0.0
"DM-6128",False,"train",0.0,0.0,0.0,0.38487938046455383,0.5924409031867981,0.0,0.0,0.0
"DM-4729",False,"train",0.0,0.0,0.0,0.9877298474311829,0.0,0.0,0.0,0.0
"DM-14557",False,"train",0.05082337558269501,0.0,0.0,0.0,0.5062593817710876,0.43071258068084717,0.0,0.0
"DM-13341",False,"train",0.021009862422943115,0.5228968858718872,0.020993297919631004,0.020993197336792946,0.02099367044866085,0.02099364995956421,0.35112568736076355,0.020993705838918686
"DM-11477",False,"train",0.0,0.0,0.0,0.0,0.30671361088752747,0.35948559641838074,0.0,0.32219401001930237
"DM-3398",False,"train",0.49084803462028503,0.0,0.5049883127212524,0.0,0.0,0.0,0.0,0.0
"DM-9761",False,"train",0.0,0.2423301488161087,0.0,0.0,0.0,0.0,0.0,0.7002694606781006
"DM-10980",False,"train",0.012523776851594448,0.012522265315055847,0.01252006459981203,0.3898334503173828,0.012533247470855713,0.012529016472399235,0.5350123643875122,0.012525846250355244
"DM-11229",True,"train",0.05705637484788895,0.0,0.0,0.30447861552238464,0.5288117527961731,0.0,0.0,0.09289416670799255
"DM-2914",True,"train",0.0,0.0,0.0,0.9600589275360107,0.0,0.0,0.0,0.0
"DM-9969",False,"train",0.0,0.0,0.0,0.0,0.0,0.0,0.9325418472290039,0.0
"DM-2001",False,"train",0.0,0.0,0.0,0.0,0.0,0.0,0.0,0.9662712812423706
"DM-12406",False,"train",0.013902398757636547,0.013904343359172344,0.013898721896111965,0.013944542035460472,0.01391857210546732,0.01392950490117073,0.9025948643684387,0.01390698179602623
"DM-16129",False,"train",0.0,0.5432032942771912,0.0,0.0,0.4277171790599823,0.0,0.0,0.0
"DM-3688",False,"train",0.0,0.8433713316917419,0.0,0.0,0.13997270166873932,0.0,0.0,0.0
"DM-4616",False,"train",0.0,0.0,0.5320788621902466,0.0,0.0,0.37313511967658997,0.0836636871099472,0.0
"DM-1611",True,"train",0.9203088879585266,0.01137576438486576,0.011383097618818283,0.011380406096577644,0.011393141001462936,0.011382250115275383,0.01138262078166008,0.011393777094781399
"DM-7840",False,"train",0.0,0.0,0.0,0.2712508738040924,0.44875791668891907,0.0,0.0,0.2750272750854492
"DM-9795",False,"train",0.0,0.0,0.0,0.3395690619945526,0.5008431077003479,0.15071092545986176,0.0,0.0
"DM-9869",False,"train",0.012303479015827179,0.012301230803132057,0.012314481660723686,0.28846442699432373,0.27395668625831604,0.012313125655055046,0.012307862751185894,0.37603873014450073
"DM-2662",False,"train",0.0,0.0,0.0,0.0,0.12172308564186096,0.8664343953132629,0.0,0.0
"DM-16376",False,"train",0.8150290250778198,0.014081527478992939,0.014081460423767567,0.014081853441894054,0.10047750174999237,0.014083483256399632,0.014081502333283424,0.01408363040536642
"DM-14674",False,"train",0.0,0.0,0.0,0.0,0.48045989871025085,0.0,0.4894154369831085,0.0
"DM-13963",False,"train",0.374921053647995,0.0,0.0,0.0,0.5731050372123718,0.0,0.0,0.0
"DM-7347",False,"train",0.0,0.9374481439590454,0.0,0.0,0.0,0.0,0.0,0.0
"DM-12635",True,"train",0.0,0.0,0.0,0.0,0.28923192620277405,0.6973145008087158,0.0,0.0
"DM-10818",False,"train",0.0,0.0,0.0,0.0,0.0,0.0,0.0,0.942514181137085
"DM-14874",True,"train",0.0,0.0,0.0,0.0,0.0,0.6575916409492493,0.3220745623111725,0.0
"DM-527",False,"train",0.0,0.0,0.0,0.9634761214256287,0.0,0.0,0.0,0.0
"DM-13779",True,"train",0.0,0.0,0.0,0.0,0.0,0.9637448787689209,0.0,0.024515444412827492
"DM-2890",False,"train",0.0,0.0,0.0,0.2986431121826172,0.0,0.0,0.0,0.6672027111053467
"DM-2363",False,"train",0.0,0.20554667711257935,0.0,0.0,0.29454880952835083,0.490324467420578,0.0,0.0
"DM-13827",False,"train",0.0,0.0,0.0,0.0,0.0,0.8112391233444214,0.0,0.13268959522247314
"DM-17967",False,"train",0.1283474564552307,0.0,0.0,0.0,0.0,0.12131500244140625,0.0,0.728983461856842
"DM-52",False,"train",0.010423213243484497,0.010436046868562698,0.010427331551909447,0.010429061017930508,0.9269711971282959,0.010436358861625195,0.010430213063955307,0.01044660247862339
"DM-13530",False,"train",0.05738002806901932,0.0,0.0,0.0,0.5939679741859436,0.32598331570625305,0.0,0.0
"DM-9172",False,"train",0.0,0.0,0.0,0.0,0.0,0.9648755788803101,0.0,0.0
"DM-1255",False,"train",0.02503514476120472,0.025038355961441994,0.025037528946995735,0.3601625859737396,0.025045329704880714,0.4895757734775543,0.02503826655447483,0.02506699226796627
"DM-7779",False,"train",0.0,0.0,0.0,0.3383551836013794,0.0,0.0,0.0,0.6211498975753784
"DM-9371",False,"train",0.3341853618621826,0.0,0.0,0.0,0.0,0.0,0.0,0.6093266606330872
"DM-14205",True,"train",0.031536586582660675,0.031537219882011414,0.031532589346170425,0.031533870846033096,0.03154603764414787,0.03153318166732788,0.7792481184005737,0.03153237700462341
"DM-4919",False,"train",0.0,0.0,0.0,0.0,0.81190025806427,0.0,0.0,0.17165137827396393
"DM-10088",False,"train",0.0,0.0,0.0,0.0,0.0,0.0,0.0,0.958225667476654
"DM-16784",False,"train",0.0,0.19374778866767883,0.0,0.422188401222229,0.1910146027803421,0.0,0.0,0.16685813665390015
"DM-10895",False,"train",0.0,0.0,0.0,0.43214431405067444,0.0,0.5092411637306213,0.04110494256019592,0.0
"DM-6588",False,"train",0.0,0.0,0.0,0.96348637342453,0.0,0.0,0.0,0.0
"DM-15268",False,"train",0.0,0.0,0.0,0.6538469791412354,0.30441349744796753,0.0,0.0,0.0
"DM-14840",False,"train",0.0,0.0,0.0,0.0,0.0,0.0,0.0,0.9834348559379578
"DM-13685",False,"train",0.0,0.16278524696826935,0.0,0.0,0.0,0.4461626410484314,0.0,0.3718925416469574
"DM-10304",True,"train",0.0,0.0,0.0,0.17962031066417694,0.7923980951309204,0.0,0.0,0.0
"DM-13384",False,"train",0.0,0.649978518486023,0.0,0.0,0.0,0.0,0.31731945276260376,0.0
"DM-13372",False,"train",0.3189154863357544,0.020842302590608597,0.020842373371124268,0.020849134773015976,0.02086431346833706,0.02087724767625332,0.5559619069099426,0.020847219973802567
"DM-7862",False,"train",0.43304362893104553,0.0,0.0,0.0,0.0,0.4889478385448456,0.0,0.05635813623666763
"DM-14253",False,"train",0.1615699827671051,0.0,0.13823597133159637,0.0,0.6519255042076111,0.0,0.0,0.0
"DM-6345",False,"train",0.13727307319641113,0.0,0.0,0.0,0.24902664124965668,0.5562697052955627,0.0,0.044024016708135605
"DM-14780",False,"train",0.0,0.0,0.12973348796367645,0.5277281999588013,0.0,0.0,0.3139466941356659,0.0
"DM-8612",False,"train",0.0,0.0,0.0,0.8288534283638,0.0,0.1269233226776123,0.03056112676858902,0.0
"DM-8241",False,"train",0.0,0.0,0.0,0.0,0.0,0.45525795221328735,0.0,0.5312613248825073
"DM-16183",False,"train",0.7229142189025879,0.092152439057827,0.014426075853407383,0.1194968894124031,0.0,0.04829562082886696,0.0,0.0
"DM-5634",False,"train",0.5447839498519897,0.012509779073297977,0.012507395818829536,0.012517808936536312,0.3801339566707611,0.012514275498688221,0.01250905729830265,0.012523755431175232
"DM-11895",False,"train",0.0,0.0,0.0,0.07196090370416641,0.444286584854126,0.0,0.0,0.4771169424057007
"DM-5791",False,"train",0.0,0.0,0.0,0.0,0.9561595320701599,0.0,0.0,0.0
"DM-1250",True,"train",0.021117646247148514,0.021102601662278175,0.021105851978063583,0.021089471876621246,0.02110292576253414,0.19908590614795685,0.021105706691741943,0.674289882183075
"DM-7174",False,"train",0.9202711582183838,0.01138417236506939,0.011389270424842834,0.011392033658921719,0.011396456509828568,0.011395223438739777,0.011385208927094936,0.011386471800506115
"DM-11456",False,"train",0.0,0.0,0.0,0.16501735150814056,0.09721779078245163,0.6340126395225525,0.0,0.08489589393138885
"DM-17042",False,"train",0.0,0.0,0.0,0.1773471087217331,0.0,0.3066466450691223,0.4758228361606598,0.0
"DM-17511",False,"train",0.0,0.0,0.0,0.6265172362327576,0.0,0.28413376212120056,0.0,0.0804472267627716
"DM-10361",False,"train",0.0,0.0,0.0,0.0,0.9482436776161194,0.0,0.0,0.0
"DM-9110",False,"train",0.3158622682094574,0.0,0.0,0.5329180955886841,0.0,0.12833672761917114,0.0,0.0
"DM-16383",True,"train",0.0,0.0,0.0,0.0,0.9734503030776978,0.0,0.0,0.0
"DM-10803",False,"train",0.0,0.0,0.0,0.0,0.0,0.7423219084739685,0.0,0.22268840670585632
"DM-9747",False,"train",0.0,0.0,0.0,0.6638636589050293,0.3285437822341919,0.0,0.0,0.0
"DM-13979",False,"train",0.015773238614201546,0.1094692051410675,0.015766814351081848,0.015768693760037422,0.01577942632138729,0.7959026098251343,0.0157672930508852,0.015772745013237
"DM-9568",False,"train",0.0,0.6914428472518921,0.0,0.0,0.12836948037147522,0.0,0.1488102227449417,0.0
"DM-17687",False,"train",0.04213190823793411,0.04214789718389511,0.04212969169020653,0.042131200432777405,0.042175937443971634,0.042147260159254074,0.042155031114816666,0.7049810886383057
"DM-13273",True,"train",0.0,0.0,0.0,0.0,0.0,0.6384713649749756,0.3505876362323761,0.0
"DM-17059",False,"train",0.16396310925483704,0.13946008682250977,0.21785606443881989,0.0,0.46028468012809753,0.0,0.0,0.0
"DM-705",False,"train",0.0,0.0,0.0,0.0,0.15338055789470673,0.05045727640390396,0.6164261102676392,0.16834300756454468
"DM-241",False,"train",0.0,0.0,0.0,0.061901431530714035,0.11357817053794861,0.27188199758529663,0.4304443299770355,0.11652413755655289
"DM-13715",False,"train",0.0,0.0,0.0,0.27265843749046326,0.0,0.6926326751708984,0.0,0.0
"DM-12472",False,"train",0.0,0.06727930158376694,0.0,0.0,0.899311900138855,0.0,0.0,0.0
"DM-11343",False,"train",0.0,0.0,0.0,0.0,0.0,0.0,0.0,0.9582751989364624
"DM-14494",False,"train",0.18742719292640686,0.0,0.0,0.0,0.7750393152236938,0.0,0.0,0.0
"DM-10090",False,"train",0.0,0.0,0.0,0.0,0.9259083271026611,0.06763637810945511,0.0,0.0
"DM-14082",False,"train",0.0,0.0,0.0,0.0,0.0,0.0,0.0,0.9601374268531799
"DM-9758",False,"train",0.0,0.9481652975082397,0.0,0.0,0.0,0.0,0.0,0.0
"DM-6255",True,"train",0.0,0.19094045460224152,0.39753013849258423,0.0,0.14136232435703278,0.24623453617095947,0.0,0.0
"DM-13222",True,"train",0.1649535745382309,0.0,0.0,0.0,0.2935422956943512,0.0,0.5149965882301331,0.0
"DM-6345",False,"train",0.13727307319641113,0.0,0.0,0.0,0.24902664124965668,0.5562697052955627,0.0,0.044024016708135605
"DM-1388",False,"train",0.013100509531795979,0.013094093650579453,0.6588008403778076,0.262633353471756,0.013094525784254074,0.01308746263384819,0.01308679860085249,0.013102357275784016
"DM-14697",True,"train",0.0,0.0,0.0,0.0,0.0,0.0,0.9325585961341858,0.0
"DM-13748",True,"train",0.0,0.0,0.0,0.0,0.9411153197288513,0.0,0.0,0.0
"DM-10947",False,"train",0.7924561500549316,0.0,0.0,0.0,0.13040415942668915,0.0,0.0,0.06108125299215317
"DM-6904",False,"train",0.0,0.0,0.0,0.7291975617408752,0.10088203847408295,0.0,0.0,0.1565338671207428
"DM-273",False,"train",0.0,0.0,0.0,0.0,0.7469612956047058,0.20979027450084686,0.0,0.0
"DM-10392",False,"train",0.0,0.8871687650680542,0.0,0.0,0.0,0.0,0.0753771960735321,0.0
"DM-8458",True,"train",0.0250045545399189,0.025005660951137543,0.025007594376802444,0.8249540328979492,0.025008393451571465,0.025011640042066574,0.02500319480895996,0.025004953145980835
"DM-18181",True,"train",0.0,0.0,0.0,0.0,0.9886146783828735,0.0,0.0,0.0
"DM-15224",False,"train",0.0,0.0,0.0,0.1869189739227295,0.4186035394668579,0.2679734528064728,0.0,0.11864162981510162
"DM-4443",False,"train",0.0,0.0,0.0,0.9823106527328491,0.0,0.0,0.0,0.0
"DM-14824",False,"train",0.0,0.0,0.0,0.23789650201797485,0.0,0.5807856321334839,0.0,0.1704242080450058
"DM-17044",False,"train",0.0,0.0,0.0,0.0,0.6111482381820679,0.3005425035953522,0.0,0.07576622068881989
"DM-5474",False,"train",0.0,0.0,0.0,0.0,0.0,0.9809143543243408,0.0,0.0
"DM-5700",False,"train",0.011185324750840664,0.011185304261744022,0.011183816008269787,0.40863969922065735,0.5242157578468323,0.011192945763468742,0.011185592971742153,0.011211522854864597
"DM-10885",False,"train",0.018033381551504135,0.01802019774913788,0.018023749813437462,0.8738188147544861,0.018037868663668633,0.018027005717158318,0.018018191680312157,0.01802082546055317
"DM-814",False,"train",0.0,0.12276385724544525,0.25959670543670654,0.0,0.5836299657821655,0.0,0.0,0.0
"DM-8629",False,"train",0.10210184752941132,0.2560104429721832,0.4103218913078308,0.0,0.0,0.2231707125902176,0.0,0.0
"DM-10005",True,"train",0.0,0.0,0.0,0.4680788516998291,0.0,0.4997236132621765,0.0,0.0
"DM-5282",False,"train",0.0,0.0,0.0,0.9910261034965515,0.0,0.0,0.0,0.0
"DM-12616",False,"train",0.0,0.0,0.0,0.19713762402534485,0.0,0.6828626394271851,0.0,0.10402710735797882
"DM-12126",False,"train",0.02504573203623295,0.025044668465852737,0.19606705009937286,0.0250508151948452,0.02507248893380165,0.025048287585377693,0.025045152753591537,0.6536257863044739
"DM-3090",False,"train",0.0,0.0,0.0,0.9415202140808105,0.0,0.0,0.0,0.0
"DM-13337",False,"train",0.0,0.0,0.6631059050559998,0.12049241364002228,0.0,0.19947707653045654,0.0,0.0
"DM-15725",False,"train",0.0,0.037333425134420395,0.0817287415266037,0.6785011291503906,0.0,0.09971937537193298,0.0,0.09247171133756638
"DM-2708",False,"train",0.0,0.0,0.3214753568172455,0.6516769528388977,0.0,0.0,0.0,0.0
"DM-9933",True,"train",0.0,0.0,0.3415243625640869,0.0,0.0,0.0,0.0,0.6556103229522705
"DM-15366",False,"train",0.0,0.0,0.45855826139450073,0.0,0.4942924976348877,0.0,0.0,0.0
"DM-14780",False,"train",0.0,0.0,0.12973348796367645,0.5277281999588013,0.0,0.0,0.3139466941356659,0.0
"DM-9969",False,"train",0.0,0.0,0.0,0.0,0.0,0.0,0.9325418472290039,0.0
"DM-10905",False,"train",0.07562316954135895,0.0,0.0,0.0,0.0,0.8925248980522156,0.0,0.0
"DM-9614",False,"train",0.0,0.6607430577278137,0.0,0.28139954805374146,0.0,0.0,0.0,0.0
"DM-7114",False,"train",0.0,0.0,0.7092534303665161,0.1425778865814209,0.0,0.0,0.0,0.1391121745109558
"DM-1974",False,"train",0.0,0.0,0.0,0.0,0.0,0.6625150442123413,0.0,0.3106098473072052
"DM-2510",False,"train",0.41752609610557556,0.0,0.0,0.2360658198595047,0.0,0.17134177684783936,0.13746125996112823,0.0
"DM-13836",True,"train",0.0,0.0,0.0,0.8782674074172974,0.0,0.0,0.0,0.10459388792514801
"DM-836",True,"train",0.0,0.0,0.0,0.0,0.9266884922981262,0.0,0.0,0.056981101632118225
"DM-8619",False,"train",0.0,0.0,0.0,0.9324185848236084,0.0,0.0,0.0,0.0
"DM-588",False,"train",0.0,0.48174360394477844,0.0,0.3866029977798462,0.12638786435127258,0.0,0.0,0.0
"DM-13538",False,"train",0.0,0.9791313409805298,0.0,0.0,0.0,0.0,0.0,0.0
"DM-7446",False,"train",0.0,0.0,0.0,0.0,0.5595491528511047,0.4294062852859497,0.0,0.0
"DM-13601",False,"train",0.05240829661488533,0.0,0.0,0.682798445224762,0.019057340919971466,0.2404778152704239,0.0,0.0
"DM-8547",False,"train",0.0,0.0,0.7093437314033508,0.0,0.0,0.25965937972068787,0.0,0.0
"DM-15187",False,"train",0.0,0.0,0.0,0.7629873752593994,0.0,0.0,0.19240468740463257,0.0
"DM-12529",False,"train",0.0,0.0,0.0,0.326050341129303,0.0,0.6503478288650513,0.0,0.0
"DM-9846",False,"train",0.0,0.0,0.0,0.0,0.9649384021759033,0.0,0.0,0.0
"DM-5595",False,"train",0.8317595720291138,0.0,0.0,0.0,0.1640557199716568,0.0,0.0,0.0
"DM-12802",False,"train",0.0,0.0,0.0,0.9512787461280823,0.0,0.0,0.0,0.0
"DM-8871",False,"train",0.22876478731632233,0.010427623055875301,0.010427841916680336,0.010444463230669498,0.010442368686199188,0.708634614944458,0.010428049601614475,0.010430283844470978
"DM-12973",False,"train",0.10298231244087219,0.0,0.0,0.0,0.0,0.0,0.0,0.83766770362854
"DM-17110",False,"train",0.0,0.0,0.17468395829200745,0.07350701838731766,0.0,0.0,0.0,0.7205116748809814
"DM-16168",False,"train",0.0,0.0,0.0,0.0,0.0,0.9446558356285095,0.0,0.0
"DM-12760",False,"train",0.0,0.45796164870262146,0.0,0.0,0.44727593660354614,0.05015808343887329,0.032532256096601486,0.0
"DM-11882",False,"train",0.8064854145050049,0.16018828749656677,0.0,0.0,0.0,0.0,0.0,0.0
"DM-11871",False,"train",0.012529493309557438,0.012532307766377926,0.012529286555945873,0.012539593502879143,0.4333938658237457,0.012535086832940578,0.4913984537124634,0.012541953474283218
"DM-12408",False,"train",0.01786840334534645,0.01787157729268074,0.017866062000393867,0.017878329381346703,0.01789100468158722,0.017903510481119156,0.8748407959938049,0.017880268394947052
"DM-16062",False,"train",0.32895785570144653,0.030853239819407463,0.030817493796348572,0.030833955854177475,0.48601096868515015,0.030871214345097542,0.03082243539392948,0.03083282709121704
"DM-15173",False,"train",0.0,0.0,0.0,0.0,0.0,0.0,0.9756631255149841,0.0
"DM-11395",False,"train",0.0,0.0,0.0,0.0,0.3422548174858093,0.21944114565849304,0.0,0.4131315052509308
"DM-8707",False,"train",0.0,0.0,0.0,0.0,0.0,0.932540237903595,0.0,0.0
"DM-15084",False,"train",0.0,0.0,0.0,0.0,0.4815390110015869,0.0,0.3775099813938141,0.10932925343513489
"DM-16801",False,"train",0.0,0.0,0.0,0.0,0.958213746547699,0.0,0.0,0.0
"DM-12476",True,"train",0.31060323119163513,0.0,0.07302702963352203,0.23768284916877747,0.0,0.11505351215600967,0.0,0.24815517663955688
"DM-11948",False,"train",0.12889401614665985,0.0,0.0,0.0,0.0,0.3466937243938446,0.0,0.4967261850833893
"DM-2322",True,"train",0.9373709559440613,0.0,0.0,0.0,0.0,0.0,0.0,0.0
"DM-4677",False,"train",0.0,0.0,0.0,0.0,0.9706459641456604,0.0,0.0,0.0
"DM-3347",False,"train",0.0,0.0,0.7103350758552551,0.08348732441663742,0.19834613800048828,0.0,0.0,0.0
"DM-10864",False,"train",0.17488470673561096,0.0,0.0,0.0,0.0,0.0,0.0,0.7830726504325867
"DM-14690",False,"train",0.0,0.0,0.23799964785575867,0.266307532787323,0.0,0.20162436366081238,0.0,0.28984302282333374
"DM-964",False,"train",0.0,0.0,0.0,0.0,0.9372466206550598,0.0,0.0,0.0
"DM-13913",False,"train",0.0,0.2671894133090973,0.21172580122947693,0.0,0.0,0.48944994807243347,0.0,0.0
"DM-8579",False,"train",0.0,0.0,0.0,0.0,0.0,0.0,0.0,0.9786091446876526
"DM-554",False,"train",0.0,0.1313888281583786,0.0,0.0,0.8546874523162842,0.0,0.0,0.0
"DM-8752",False,"train",0.015628131106495857,0.015628455206751823,0.015628797933459282,0.01563228666782379,0.015638578683137894,0.015635300427675247,0.8905697464942932,0.01563872955739498
"DM-16550",False,"train",0.0,0.0,0.0,0.8652744293212891,0.016047921031713486,0.0,0.0,0.09394429624080658
"DM-15606",True,"train",0.0,0.0,0.0,0.5082168579101562,0.0,0.46803224086761475,0.0,0.0
"DM-6301",False,"train",0.09499715268611908,0.0,0.11520379036664963,0.0,0.48312127590179443,0.0,0.0,0.28628456592559814
"DM-1979",True,"train",0.010471560060977936,0.17050568759441376,0.010437889024615288,0.46024754643440247,0.010434477590024471,0.010445508174598217,0.010428746230900288,0.31702861189842224
"DM-8439",False,"train",0.0,0.0,0.0,0.9582642316818237,0.0,0.0,0.0,0.0
"DM-17601",True,"train",0.0,0.39823466539382935,0.0,0.0,0.5884857177734375,0.0,0.0,0.0
"DM-5275",False,"train",0.0,0.0,0.0,0.7992736101150513,0.0,0.1645813286304474,0.0,0.0
"DM-15157",False,"train",0.0,0.0,0.0,0.0,0.0,0.08058514446020126,0.0,0.9030821323394775
"DM-7936",False,"train",0.0,0.0,0.0,0.0,0.3094610273838043,0.6399879455566406,0.0,0.0
"DM-2094",False,"train",0.26103857159614563,0.0,0.0,0.0,0.0,0.5951501727104187,0.0,0.11924262344837189
"DM-15537",False,"train",0.0,0.0,0.0,0.26432687044143677,0.6996755599975586,0.0,0.0,0.0
"DM-5544",False,"train",0.025018932297825813,0.025014149025082588,0.8247448801994324,0.025034550577402115,0.025080658495426178,0.025046784430742264,0.02503165975213051,0.02502836100757122
"DM-11368",False,"train",0.0,0.1849835366010666,0.0,0.0,0.6500692367553711,0.0,0.13878758251667023,0.0
"DM-10297",False,"train",0.0,0.0,0.0,0.2790980339050293,0.19200816750526428,0.513145387172699,0.0,0.0
"DM-5793",True,"train",0.03133939206600189,0.03128953278064728,0.03126618266105652,0.7807353138923645,0.03132949024438858,0.03135421499609947,0.03127690777182579,0.031408943235874176
"DM-13967",False,"train",0.2905869483947754,0.13670140504837036,0.0,0.17238427698612213,0.3910180628299713,0.0,0.0,0.0
"DM-8842",False,"train",0.0,0.0,0.0,0.9490572214126587,0.0,0.037014953792095184,0.0,0.0
"DM-6327",False,"train",0.828080952167511,0.0,0.0,0.0,0.14505928754806519,0.0,0.0,0.0
"DM-2514",False,"train",0.10069388896226883,0.29405152797698975,0.12073224782943726,0.0,0.0,0.46911385655403137,0.0,0.0
"DM-12125",False,"train",0.025110803544521332,0.0250605009496212,0.025059899315238,0.025067530572414398,0.02509073168039322,0.2594890296459198,0.02506069466471672,0.590060830116272
"DM-17641",False,"train",0.0,0.0,0.0,0.0,0.0,0.0,0.0,0.9451795816421509
"DM-11297",False,"train",0.0,0.0,0.674586296081543,0.26742851734161377,0.0,0.0,0.0,0.0
"DM-17162",False,"train",0.1588694155216217,0.0,0.0,0.0,0.8035009503364563,0.0,0.0,0.0
"DM-9863",False,"train",0.0,0.0,0.0,0.0,0.0,0.0,0.0,0.9763149619102478
"DM-7691",False,"train",0.425663560628891,0.07203200459480286,0.29803842306137085,0.0,0.03794131428003311,0.16237249970436096,0.0,0.0
"DM-17604",False,"train",0.0,0.0,0.28243619203567505,0.15802444517612457,0.5337940454483032,0.012632418423891068,0.0,0.0
"DM-4234",True,"train",0.0,0.0,0.03954929858446121,0.3922984004020691,0.5623723864555359,0.0,0.0,0.0
"DM-10263",False,"train",0.0,0.0,0.0,0.0,0.747381329536438,0.0,0.24318884313106537,0.0
"DM-12068",False,"train",0.0,0.0,0.0,0.3516950309276581,0.6039621829986572,0.0,0.0,0.0
"DM-16839",False,"train",0.0,0.24119092524051666,0.0,0.0,0.18835614621639252,0.0,0.5543966889381409,0.0
"DM-10740",False,"train",0.020891714841127396,0.020885685458779335,0.020894531160593033,0.020892217755317688,0.020902708172798157,0.020889602601528168,0.02088581956923008,0.8537577390670776
"DM-3468",False,"train",0.09485013037919998,0.3075118064880371,0.0,0.0,0.0,0.16617558896541595,0.42179569602012634,0.0
"DM-14638",True,"train",0.0,0.0,0.0,0.7665235996246338,0.1917489618062973,0.0,0.0,0.0
"DM-9169",False,"train",0.011509483680129051,0.011526165530085564,0.01151222549378872,0.011516325175762177,0.9193311333656311,0.011529136449098587,0.011510008946061134,0.011565502732992172
"DM-903",False,"train",0.0,0.0,0.0,0.2806713879108429,0.6958936452865601,0.0,0.0,0.0
"DM-9851",False,"train",0.0,0.0,0.0,0.0,0.0,0.9671878218650818,0.0,0.0
"DM-6290",False,"train",0.0,0.0,0.0,0.0,0.0,0.0,0.953824520111084,0.0
"DM-2243",False,"train",0.4128623902797699,0.010032185353338718,0.010036412626504898,0.010033432394266129,0.5269256234169006,0.010037684813141823,0.010030386969447136,0.010041836649179459
"DM-8223",False,"train",0.5187128186225891,0.0,0.0,0.4416716694831848,0.0,0.0,0.0,0.0
"DM-8959",False,"train",0.0,0.0,0.0,0.0,0.0,0.9817365407943726,0.0,0.0
"DM-5323",False,"train",0.0,0.0,0.0,0.9507492184638977,0.0,0.0,0.0,0.0
"DM-12306",False,"train",0.15049929916858673,0.0,0.0,0.0,0.5118612051010132,0.32056725025177,0.0,0.0
"DM-15891",False,"train",0.0,0.0,0.0968920961022377,0.0,0.0,0.0,0.0,0.8910967707633972
"DM-8105",False,"train",0.0,0.0,0.0,0.4999407231807709,0.48018041253089905,0.0,0.0,0.0
"DM-10100",False,"train",0.0,0.2041938304901123,0.0,0.0,0.5470498204231262,0.23318025469779968,0.0,0.0
"DM-2698",False,"train",0.14110709726810455,0.0,0.0,0.22618569433689117,0.4995235502719879,0.08236772567033768,0.044187869876623154,0.0
"DM-8959",False,"train",0.0,0.0,0.0,0.0,0.0,0.9817365407943726,0.0,0.0
"DM-9281",False,"train",0.017871666699647903,0.017866015434265137,0.017907654866576195,0.7273297309875488,0.017889726907014847,0.017884643748402596,0.1653665155172348,0.01788400672376156
"DM-2983",False,"train",0.0,0.0,0.0,0.9374039173126221,0.0,0.0,0.0,0.0
"DM-9937",False,"train",0.0,0.0,0.5041623711585999,0.0,0.0,0.0,0.0,0.4931751787662506
"DM-977",False,"train",0.0,0.0,0.0,0.0,0.9582363367080688,0.0,0.0,0.0
"DM-1725",False,"train",0.0,0.0,0.49920737743377686,0.13601069152355194,0.0,0.0,0.0,0.35661861300468445
"DM-15005",False,"train",0.0,0.0,0.0,0.0,0.7664502859115601,0.0,0.0,0.19734324514865875
"DM-1626",False,"train",0.010355020873248577,0.5124274492263794,0.010362515226006508,0.010358041152358055,0.42542022466659546,0.01036272943019867,0.010358012281358242,0.01035603042691946
"DM-14082",False,"train",0.0,0.0,0.0,0.0,0.0,0.0,0.0,0.9601374268531799
"DM-7901",False,"train",0.0,0.0,0.0,0.9720802307128906,0.0,0.0,0.0,0.0
"DM-8032",False,"train",0.0,0.0,0.0,0.5761466026306152,0.0,0.0,0.40545716881752014,0.0
"DM-6360",False,"train",0.0,0.0,0.0,0.0,0.5272320508956909,0.0,0.0,0.4417521357536316
"DM-2193",True,"train",0.0,0.0,0.0,0.6081817746162415,0.0,0.0,0.0,0.35765188932418823
"DM-4443",False,"train",0.0,0.0,0.0,0.9823106527328491,0.0,0.0,0.0,0.0
"DM-15791",True,"train",0.0,0.5020803213119507,0.0,0.0,0.4749506711959839,0.0,0.0,0.0
"DM-12692",False,"train",0.0,0.0,0.0,0.13897143304347992,0.0,0.7415709495544434,0.08958367258310318,0.0
"DM-1578",False,"train",0.0,0.0,0.0,0.9313574433326721,0.0,0.0,0.0,0.0
"DM-17259",True,"train",0.0,0.0,0.0,0.4030495882034302,0.0,0.5805895924568176,0.0,0.0
"DM-4136",False,"train",0.0,0.0,0.0,0.0,0.0,0.9663023948669434,0.0,0.0
"DM-5797",False,"train",0.3033362627029419,0.0,0.4038250148296356,0.29099223017692566,0.0,0.0,0.0,0.0
"DM-600",True,"train",0.015657393261790276,0.23184557259082794,0.01564234495162964,0.6741837859153748,0.015683915466070175,0.01565990410745144,0.015671269968152046,0.01565581187605858
"DM-4238",False,"train",0.0,0.3661426901817322,0.11540523171424866,0.3812347650527954,0.10416591167449951,0.0,0.0,0.0
"DM-18124",False,"train",0.0,0.3723543882369995,0.0,0.0,0.0,0.0,0.0,0.5774841904640198
"DM-16048",True,"train",0.0,0.0,0.0,0.09708263725042343,0.14105680584907532,0.0,0.0,0.7497023344039917
"DM-5588",False,"train",0.0,0.0,0.031136080622673035,0.0,0.7705064415931702,0.0,0.0,0.18532034754753113
"DM-6982",True,"train",0.0,0.0,0.0,0.0,0.0,0.0,0.0,0.9775157570838928
"DM-10046",False,"train",0.0,0.0,0.0,0.0,0.6626275181770325,0.0,0.0,0.31489357352256775
"DM-1355",False,"train",0.034302908927202225,0.10052239149808884,0.0,0.0,0.3277854323387146,0.528374433517456,0.0,0.0
"DM-15332",False,"train",0.1018199771642685,0.0,0.0,0.0,0.8736578822135925,0.0,0.0,0.0
"DM-9595",False,"train",0.0,0.0,0.0,0.0,0.9534889459609985,0.0,0.0,0.0
"DM-10092",False,"train",0.0,0.0,0.0,0.0,0.614678144454956,0.3685608208179474,0.0,0.0
"DM-12675",False,"train",0.0,0.0,0.02821248024702072,0.2743130028247833,0.4087957739830017,0.27804508805274963,0.0,0.0
"DM-17672",False,"train",0.0,0.0,0.0,0.0,0.0,0.8916415572166443,0.06568897515535355,0.0
"DM-6593",False,"train",0.0,0.0,0.0,0.0,0.23164747655391693,0.7382654547691345,0.0,0.0
"DM-8085",False,"train",0.913571298122406,0.0,0.047890014946460724,0.011897187680006027,0.01388897467404604,0.011134051717817783,0.0,0.0
"DM-15071",False,"train",0.0,0.0,0.0,0.0,0.3823840022087097,0.0,0.0,0.5807397365570068
"DM-13904",False,"train",0.0,0.1415773630142212,0.0,0.6398658156394958,0.0,0.0,0.1855417639017105,0.0
"DM-4579",False,"train",0.0,0.0,0.0,0.0,0.9373931884765625,0.0,0.0,0.0
"DM-4823",False,"train",0.01461009867489338,0.014606930315494537,0.3644311726093292,0.30221331119537354,0.2602993845939636,0.014610678888857365,0.014605943113565445,0.01462242379784584
"DM-9598",False,"train",0.0,0.0,0.0,0.9583865404129028,0.0,0.0,0.0,0.0
"DM-9643",False,"train",0.025077126920223236,0.025050204247236252,0.5037333965301514,0.025082893669605255,0.345832496881485,0.025067273527383804,0.025110773742198944,0.025045834481716156
"DM-15008",True,"train",0.14229203760623932,0.0,0.0,0.5296006202697754,0.31387338042259216,0.0,0.0,0.0
"DM-7524",False,"train",0.0,0.0,0.8212111592292786,0.1625562310218811,0.0,0.0,0.0,0.012909571640193462
"DM-12730",False,"train",0.0,0.35779550671577454,0.0,0.0,0.24412737786769867,0.3616918623447418,0.0,0.0
"DM-5041",True,"train",0.0,0.0,0.0,0.0,0.8281921148300171,0.0,0.12417684495449066,0.0
"DM-11473",True,"train",0.0,0.0,0.24411781132221222,0.1470864862203598,0.0,0.0,0.0,0.5838789343833923
"DM-6051",True,"train",0.0,0.0900437980890274,0.0,0.045756131410598755,0.47198599576950073,0.3826761543750763,0.0,0.0
"DM-13714",False,"train",0.0869416818022728,0.0,0.0,0.213795006275177,0.6830217242240906,0.0,0.0,0.0
"DM-11533",False,"train",0.0,0.0,0.0,0.0,0.9662726521492004,0.0,0.0,0.0
"DM-2635",True,"train",0.0,0.0,0.0,0.0,0.9674948453903198,0.0,0.0,0.0
"DM-11454",True,"train",0.0,0.3773331046104431,0.0,0.137115016579628,0.4760238528251648,0.0,0.0,0.0
"DM-13250",False,"train",0.0,0.0,0.3341447710990906,0.0,0.1905750185251236,0.0,0.0,0.4335269629955292
"DM-10098",False,"train",0.0,0.0,0.6843003630638123,0.28312063217163086,0.0,0.0,0.0,0.0
"DM-12440",False,"train",0.0,0.0,0.0,0.0,0.9512093663215637,0.0,0.0,0.0
"DM-9491",False,"train",0.039130378514528275,0.0,0.0,0.22023624181747437,0.0,0.0,0.0,0.7321500778198242
"DM-5191",True,"train",0.04212241992354393,0.04212218150496483,0.042122624814510345,0.04223615676164627,0.04212184250354767,0.04213935136795044,0.04212235286831856,0.7050130367279053
"DM-2469",False,"train",0.026038696989417076,0.026051558554172516,0.02605339325964451,0.2006303071975708,0.6431006789207458,0.026052134111523628,0.026038281619548798,0.026034925132989883
"DM-1017",False,"train",0.0,0.0,0.16985681653022766,0.0,0.8101762533187866,0.0,0.0,0.0
"DM-8014",False,"train",0.014549673534929752,0.014548007398843765,0.014548865146934986,0.014554431661963463,0.8981255888938904,0.014567969366908073,0.01455118041485548,0.014554206281900406
"DM-10289",False,"train",0.0,0.0,0.0,0.0,0.0,0.0,0.9675339460372925,0.0
"DM-3181",False,"train",0.015918441116809845,0.6085917353630066,0.015920216217637062,0.015922391787171364,0.295885294675827,0.015922028571367264,0.01592271216213703,0.01591719500720501
"DM-9747",False,"train",0.0,0.0,0.0,0.6638636589050293,0.3285437822341919,0.0,0.0,0.0
"DM-8005",False,"train",0.0,0.0,0.0,0.3569539785385132,0.0,0.5853217840194702,0.0,0.04745439440011978
"DM-17066",False,"train",0.2150537073612213,0.27041441202163696,0.0,0.0,0.13238388299942017,0.0,0.15434420108795166,0.22082564234733582
"DM-13624",False,"train",0.0993240550160408,0.0,0.0,0.2864915132522583,0.18494656682014465,0.0,0.0,0.4230833947658539
"DM-11563",False,"train",0.0,0.0,0.0,0.0,0.09487108886241913,0.8801425695419312,0.0,0.0
"DM-14690",False,"train",0.0,0.0,0.23799964785575867,0.266307532787323,0.0,0.20162436366081238,0.0,0.28984302282333374
"DM-9035",True,"train",0.0,0.0,0.0,0.7367377877235413,0.24489983916282654,0.0,0.0,0.0
"DM-15776",False,"train",0.14372389018535614,0.0,0.0,0.0,0.0,0.8341270685195923,0.0,0.0
"DM-4832",False,"train",0.0,0.0,0.0,0.9473591446876526,0.0,0.0,0.0,0.0
"DM-15527",False,"train",0.16075842082500458,0.0,0.0,0.0,0.6142009496688843,0.21019455790519714,0.0,0.0
"DM-7744",False,"train",0.0,0.24692323803901672,0.0,0.0,0.7337844967842102,0.0,0.0,0.0
"DM-7039",False,"train",0.0,0.0,0.0,0.12568984925746918,0.8583005666732788,0.0,0.0,0.0
"DM-4136",False,"train",0.0,0.0,0.0,0.0,0.0,0.9663023948669434,0.0,0.0
"DM-16343",False,"train",0.0,0.36601266264915466,0.15360821783542633,0.45836490392684937,0.0,0.0,0.0,0.0
"DM-12513",False,"train",0.0,0.0,0.0,0.3780791163444519,0.0,0.5974330306053162,0.0,0.0
"DM-2141",False,"train",0.0,0.0,0.0,0.0,0.9601477384567261,0.0,0.0,0.0
"DM-8287",False,"train",0.0,0.0,0.0,0.0,0.5203154683113098,0.4645170271396637,0.0,0.0
"DM-8015",False,"train",0.0,0.0,0.0,0.0,0.0,0.0,0.0,0.9795432090759277
"DM-13737",True,"train",0.0,0.0,0.0,0.0,0.9581813216209412,0.0,0.0,0.0
"DM-5652",False,"train",0.0,0.0,0.0,0.0,0.9346814751625061,0.0,0.0,0.0
"DM-8820",False,"train",0.0,0.0,0.0,0.0,0.514262855052948,0.0,0.0,0.4266919791698456
"DM-18283",True,"train",0.0,0.0,0.0,0.5709456205368042,0.28453323245048523,0.035648636519908905,0.0,0.10155999660491943
"DM-1766",True,"train",0.0,0.0,0.0,0.0,0.0,0.0,0.0,0.9663039445877075
"DM-17028",True,"train",0.19994831085205078,0.01787971705198288,0.017884548753499985,0.6927358508110046,0.017887679859995842,0.017899472266435623,0.01788402535021305,0.017880426719784737
"DM-2141",False,"train",0.0,0.0,0.0,0.0,0.9601477384567261,0.0,0.0,0.0
"DM-11247",False,"train",0.0,0.0,0.0,0.0,0.146791011095047,0.0,0.08063360303640366,0.7403481602668762
"DM-6294",False,"train",0.26555660367012024,0.0,0.0,0.43401220440864563,0.0,0.275372177362442,0.0,0.0
"DM-15421",False,"train",0.0,0.0,0.030079366639256477,0.3825598955154419,0.11374302953481674,0.46158677339553833,0.0,0.0
"DM-11556",False,"train",0.1449880748987198,0.0,0.0,0.0,0.0,0.0883917510509491,0.0,0.7535289525985718
"DM-10369",False,"train",0.0,0.0,0.0,0.9430477023124695,0.0,0.0,0.0,0.0
"DM-12921",True,"train",0.3187956213951111,0.0,0.0,0.0,0.47935622930526733,0.0,0.0,0.1586138904094696
"DM-6041",False,"train",0.0,0.03346603363752365,0.0,0.18629084527492523,0.7663838267326355,0.0,0.0,0.0
"DM-17326",False,"train",0.0,0.560521125793457,0.15992797911167145,0.0,0.23869025707244873,0.0,0.0,0.0
"DM-4829",True,"train",0.011370291002094746,0.01137478742748499,0.01137001533061266,0.011372637934982777,0.9203959703445435,0.01137284655123949,0.011370820924639702,0.01137264259159565
"DM-14593",False,"train",0.0,0.0,0.0,0.4308796226978302,0.35028672218322754,0.21057993173599243,0.0,0.0
"DM-1545",True,"train",0.1476142704486847,0.01106015220284462,0.011060916818678379,0.785965085029602,0.011089206673204899,0.01107832696288824,0.011060409247875214,0.011071586050093174
"DM-15891",False,"train",0.0,0.0,0.0968920961022377,0.0,0.0,0.0,0.0,0.8910967707633972
"DM-10187",False,"train",0.9965357780456543,0.0,0.0,0.0,0.0,0.0,0.0,0.0
"DM-16070",False,"train",0.0,0.0,0.6787863969802856,0.0,0.3047991991043091,0.0,0.0,0.0
"DM-18836",False,"train",0.0,0.4320531189441681,0.0,0.0,0.23714320361614227,0.0,0.0,0.30441609025001526
"DM-11341",True,"train",0.0,0.0,0.07240893691778183,0.9089747071266174,0.0,0.0,0.0,0.0
"DM-13205",True,"train",0.010678060352802277,0.01068211067467928,0.01068130973726511,0.01068821083754301,0.010692992247641087,0.9252018928527832,0.010693083517253399,0.010682346299290657
"DM-6307",False,"train",0.010126645676791668,0.010132873430848122,0.01012048777192831,0.010118714533746243,0.01012483611702919,0.01012591365724802,0.4997001886367798,0.43955034017562866
"DM-3106",False,"train",0.014007712714374065,0.01400790922343731,0.0140009056776762,0.01401925552636385,0.901939868927002,0.014011049643158913,0.014003096148371696,0.014010198414325714
"DM-16790",True,"train",0.0,0.29798412322998047,0.023581096902489662,0.0,0.6329551339149475,0.0,0.04084900766611099,0.0
"DM-7304",False,"train",0.5745061039924622,0.03159336373209953,0.03159960359334946,0.03160525858402252,0.031629778444767,0.03158808499574661,0.235886812210083,0.0315910279750824
"DM-5362",True,"train",0.0,0.0,0.0,0.14736443758010864,0.8212748765945435,0.0,0.0,0.0
"DM-9927",False,"train",0.0,0.0,0.0,0.0915147066116333,0.0,0.5719279050827026,0.31748872995376587,0.0
"DM-9585",False,"train",0.011390511877834797,0.011404700577259064,0.011389126069843769,0.9202075004577637,0.011408795602619648,0.011401593685150146,0.011406912468373775,0.011390906758606434
"DM-6627",False,"train",0.0,0.0,0.0,0.0,0.9725425839424133,0.0,0.0,0.0
"DM-443",False,"train",0.0,0.05387979373335838,0.14531022310256958,0.3884030878543854,0.21087519824504852,0.1673436164855957,0.0,0.029414862394332886
"DM-8563",False,"train",0.0,0.0,0.0,0.0,0.9589754939079285,0.0,0.0,0.0
"DM-10942",False,"train",0.820493757724762,0.0,0.0,0.16240818798542023,0.0,0.0,0.0,0.0
"DM-2715",False,"train",0.018005862832069397,0.017932111397385597,0.017949627712368965,0.01794196292757988,0.017945509403944016,0.017933622002601624,0.017949746921658516,0.8743415474891663
"DM-13274",False,"train",0.0,0.15047836303710938,0.8262621760368347,0.020345965400338173,0.0,0.0,0.0,0.0
"DM-7344",False,"train",0.0,0.6965612173080444,0.0,0.0,0.24980317056179047,0.0,0.0,0.0
"DM-5274",False,"train",0.010438008233904839,0.010435586795210838,0.010442919097840786,0.010443142615258694,0.9269031882286072,0.010443659499287605,0.010440386831760406,0.010453120805323124
"DM-6783",True,"train",0.4147073030471802,0.0,0.0,0.57059645652771,0.0,0.0,0.0,0.0
"DM-15498",False,"train",0.0,0.0,0.0,0.9158952832221985,0.0,0.0,0.0,0.06088157743215561
"DM-1974",False,"train",0.0,0.0,0.0,0.0,0.0,0.6625150442123413,0.0,0.3106098473072052
"DM-16012",False,"train",0.06824428588151932,0.040858447551727295,0.2156120240688324,0.12401533871889114,0.0,0.0,0.0,0.542009174823761
"DM-11036",False,"train",0.0,0.0,0.0,0.1676521897315979,0.6133155226707458,0.11043810844421387,0.0,0.094752237200737
"DM-12159",False,"train",0.890409529209137,0.015656081959605217,0.015645930543541908,0.015647748485207558,0.015658875927329063,0.015667159110307693,0.015655536204576492,0.01565912924706936
"DM-2341",False,"train",0.0,0.4346632957458496,0.0,0.0,0.5236223936080933,0.0,0.0,0.0
"DM-9614",False,"train",0.0,0.6607430577278137,0.0,0.28139954805374146,0.0,0.0,0.0,0.0
"DM-9965",False,"train",0.0,0.0,0.0,0.48691660165786743,0.47895923256874084,0.0,0.0,0.0
"DM-1314",False,"train",0.0,0.42034417390823364,0.0,0.4895697236061096,0.07549981027841568,0.0,0.0,0.0
"DM-1844",False,"train",0.0141779575496912,0.9007269144058228,0.014178644865751266,0.014177162200212479,0.014195576310157776,0.014186644926667213,0.01417773962020874,0.014179368503391743
"DM-435",False,"train",0.0,0.0,0.0,0.0,0.9886416792869568,0.0,0.0,0.0
"DM-8283",True,"train",0.0,0.0,0.0,0.0,0.11896858364343643,0.860713005065918,0.0,0.0
"DM-11043",False,"train",0.0,0.0,0.0,0.47883641719818115,0.43816938996315,0.07232183963060379,0.0,0.0
"DM-10748",False,"train",0.0,0.0,0.0,0.0,0.0,0.9623555541038513,0.0,0.0
"DM-14515",False,"train",0.0,0.0,0.0,0.16350813210010529,0.4985516369342804,0.0,0.0,0.3263302445411682
"DM-9754",False,"train",0.0,0.0,0.2522575557231903,0.26083996891975403,0.0,0.15569375455379486,0.0,0.3062167465686798
"DM-13542",True,"train",0.010453807190060616,0.01046250481158495,0.010455063544213772,0.010458193719387054,0.7782306671142578,0.010466298088431358,0.010456166230142117,0.15901732444763184
"DM-3108",False,"train",0.0,0.0,0.0,0.0,0.9507253766059875,0.0,0.0,0.0
"DM-14645",False,"train",0.04170886427164078,0.041708867996931076,0.04171591252088547,0.04170885682106018,0.04170885682106018,0.041752662509679794,0.7079114317893982,0.04178449884057045
"DM-15571",False,"train",0.0,0.3614290952682495,0.0,0.0,0.34020107984542847,0.1677970439195633,0.0,0.11837349086999893
"DM-7986",False,"train",0.025026442483067513,0.3322938084602356,0.025025861337780952,0.5173907279968262,0.025052418932318687,0.025143975391983986,0.02502589486539364,0.02504090592265129
"DM-11407",False,"train",0.0,0.0,0.0,0.0,0.9300382137298584,0.0,0.0,0.051505230367183685
"DM-9080",False,"train",0.010706847533583641,0.010697659105062485,0.010695680975914001,0.9250968098640442,0.01069874782115221,0.010708672925829887,0.010697784833610058,0.010697774589061737
"DM-12491",False,"train",0.0,0.0,0.0,0.0,0.568529486656189,0.40160220861434937,0.0,0.0
"DM-9503",False,"train",0.4210161566734314,0.0,0.5740991830825806,0.0,0.0,0.0,0.0,0.0
"DM-5414",False,"train",0.0,0.0,0.05783052369952202,0.0,0.0,0.7288747429847717,0.1907496452331543,0.0
"DM-5848",False,"train",0.0,0.34825533628463745,0.0,0.0,0.0,0.0,0.0,0.6181548237800598
"DM-9382",False,"train",0.0,0.0,0.0,0.3174055516719818,0.0398135632276535,0.6280447244644165,0.0,0.0
"DM-10847",False,"train",0.0,0.0,0.0,0.0,0.3756273090839386,0.5852016806602478,0.0,0.0
"DM-3364",False,"train",0.02899797074496746,0.02900729887187481,0.029004713520407677,0.02899249829351902,0.7969692945480347,0.029003629460930824,0.029007598757743835,0.029016967862844467
"DM-4573",False,"train",0.0,0.0,0.0,0.0,0.0,0.0,0.0,0.9324153661727905
"DM-15333",False,"train",0.0,0.0,0.0,0.05089006945490837,0.0,0.0,0.0646703913807869,0.8594004511833191
"DM-10426",True,"train",0.0,0.9562238454818726,0.0,0.0,0.0,0.0,0.0,0.0
"DM-18171",True,"train",0.21201081573963165,0.0,0.0,0.711392879486084,0.0,0.0,0.051037855446338654,0.0
"DM-8094",False,"train",0.0,0.16585025191307068,0.0,0.0,0.10896392911672592,0.7123057842254639,0.0,0.0
"DM-17642",False,"train",0.0889413058757782,0.0,0.0,0.0,0.0,0.8747307062149048,0.0,0.0
"DM-6593",False,"train",0.0,0.0,0.0,0.0,0.23164747655391693,0.7382654547691345,0.0,0.0
"DM-9968",False,"train",0.0,0.0,0.0,0.0,0.0,0.9412967562675476,0.039345625787973404,0.0
"DM-7436",False,"train",0.0,0.0,0.0,0.0,0.9452582597732544,0.0,0.0,0.0
"DM-7756",False,"train",0.8905162215232849,0.015633391216397285,0.015634194016456604,0.01563810370862484,0.015644147992134094,0.015660559758543968,0.01563113182783127,0.015642231330275536
"DM-9927",False,"train",0.0,0.0,0.0,0.0915147066116333,0.0,0.5719279050827026,0.31748872995376587,0.0
"DM-3707",False,"train",0.0,0.0,0.05785505101084709,0.3793888986110687,0.0,0.5483718514442444,0.0,0.0
"DM-1616",False,"train",0.0,0.0,0.0,0.0,0.980086624622345,0.0,0.0,0.0
"DM-12513",False,"train",0.0,0.0,0.0,0.3780791163444519,0.0,0.5974330306053162,0.0,0.0
"DM-12380",False,"train",0.0,0.0,0.0,0.7779353857040405,0.20638592541217804,0.0,0.0,0.0
"DM-7799",False,"train",0.0,0.0,0.0,0.1762678623199463,0.0,0.0,0.0,0.8094357252120972
"DM-15871",False,"train",0.0,0.0,0.43356937170028687,0.0,0.0,0.5377801656723022,0.0,0.0
"DM-7264",False,"train",0.19472038745880127,0.6161426305770874,0.031526170670986176,0.031526271253824234,0.03152916207909584,0.0315152108669281,0.03152317926287651,0.031517017632722855
"DM-1815",False,"train",0.0,0.0,0.5686419606208801,0.0,0.0,0.0,0.2056279182434082,0.1927492469549179
"DM-10142",False,"train",0.0,0.0,0.0,0.0,0.9440571069717407,0.0,0.0,0.0
"DM-10371",False,"train",0.017884258180856705,0.017884697765111923,0.017891976982355118,0.01788765750825405,0.01788560301065445,0.017890360206365585,0.8747815489768982,0.01789390668272972
"DM-9528",False,"train",0.0,0.19094930589199066,0.0,0.7512832283973694,0.0,0.0,0.0,0.0
"DM-9411",False,"train",0.09842392057180405,0.0,0.0,0.31041523814201355,0.0,0.4728858768939972,0.0,0.11312577873468399
"DM-12640",True,"train",0.0,0.0,0.0,0.0,0.5742605328559875,0.0,0.0,0.41685497760772705
"DM-7202",False,"train",0.0,0.0,0.0,0.8475273847579956,0.13481377065181732,0.0,0.0,0.0
"DM-17437",False,"train",0.0,0.0,0.0,0.0,0.0,0.0,0.0,0.9600903391838074
"DM-14849",False,"train",0.30892032384872437,0.0,0.0,0.0,0.0,0.37265095114707947,0.0,0.29729607701301575
"DM-6660",False,"train",0.0,0.0,0.0,0.8638907670974731,0.0,0.12217570841312408,0.0,0.0
"DM-3179",False,"train",0.017403187230229378,0.31971028447151184,0.017405183985829353,0.017410140484571457,0.5758504271507263,0.017408765852451324,0.017410188913345337,0.017401836812496185
"DM-1893",False,"train",0.012735718861222267,0.012727095745503902,0.012724458239972591,0.012737110257148743,0.012732166796922684,0.5354033708572388,0.012725384905934334,0.38821467757225037
"DM-13488",True,"train",0.0,0.0,0.0,0.0,0.0,0.963355541229248,0.0,0.0
"DM-12950",True,"train",0.0,0.5980600118637085,0.0,0.2102009803056717,0.0,0.0,0.1569548100233078,0.0
"DM-6166",False,"train",0.0,0.0,0.0,0.0,0.06876076012849808,0.2326328009366989,0.6638194918632507,0.0
"DM-16326",False,"train",0.0,0.0,0.0,0.0,0.0,0.0,0.0,0.9452002644538879
"DM-6614",False,"train",0.6722193360328674,0.0,0.0,0.0,0.2773516774177551,0.0,0.0,0.0
"DM-14697",True,"train",0.0,0.0,0.0,0.0,0.0,0.0,0.9325585961341858,0.0
"DM-13581",True,"train",0.0,0.9512839317321777,0.0,0.0,0.0,0.0,0.0,0.0
"DM-15922",True,"train",0.0,0.0,0.0,0.5171746611595154,0.0,0.0,0.4548611342906952,0.0
"DM-5594",False,"train",0.0,0.41673988103866577,0.0,0.0,0.5427994728088379,0.0,0.0,0.0
"DM-2451",False,"train",0.0,0.0,0.0,0.0,0.058045174926519394,0.9287528991699219,0.0,0.0
"DM-14128",False,"train",0.0,0.8068768382072449,0.0,0.0,0.14870363473892212,0.0,0.0,0.0
"DM-6858",True,"train",0.0,0.0,0.0,0.2667333483695984,0.0,0.7132577300071716,0.0,0.0
"DM-983",True,"train",0.01274837926030159,0.012754467315971851,0.012752141803503036,0.012751583941280842,0.9107233881950378,0.012760677374899387,0.01275658793747425,0.012752803042531013
"DM-9002",False,"train",0.12060722708702087,0.0,0.0,0.0,0.0,0.867066502571106,0.0,0.0
"DM-17503",False,"train",0.0,0.0,0.0,0.9852938055992126,0.0,0.0,0.0,0.0
"DM-15617",False,"train",0.0,0.0,0.25950348377227783,0.0,0.0,0.697921633720398,0.0,0.0
"DM-12480",True,"train",0.03812185674905777,0.0,0.0,0.0,0.0,0.9429020881652832,0.0,0.0
"DM-7844",False,"train",0.0,0.3246326446533203,0.0,0.4016467034816742,0.0,0.2608671188354492,0.0,0.0
"DM-1348",True,"train",0.0,0.0,0.0,0.7179087996482849,0.0,0.0,0.0,0.25195592641830444
"DM-17545",False,"train",0.012199074029922485,0.012186292558908463,0.012187059968709946,0.6535358428955078,0.012193373404443264,0.27328795194625854,0.012190819717943668,0.012219619005918503
"DM-14542",False,"train",0.01146699208766222,0.7150229215621948,0.011465133167803288,0.2161598652601242,0.01146838441491127,0.011482483707368374,0.011464559473097324,0.011469700373709202
"DM-1055",False,"train",0.0,0.0,0.0,0.0,0.9837437868118286,0.0,0.0,0.0
"DM-15689",True,"train",0.0,0.08980555832386017,0.0,0.28866952657699585,0.0,0.11188489943742752,0.0,0.49336057901382446
"DM-11585",False,"train",0.0,0.18520493805408478,0.0,0.0,0.2735051214694977,0.0,0.11072988063097,0.40177029371261597
"DM-9750",False,"train",0.0,0.0,0.0,0.509694516658783,0.0,0.0,0.46530160307884216,0.0
"DM-9112",True,"train",0.0,0.0,0.013491946272552013,0.29136958718299866,0.17479197680950165,0.39355021715164185,0.0,0.1248757466673851
"DM-3896",True,"train",0.0,0.2969064712524414,0.0,0.0,0.0,0.3465301990509033,0.0,0.3304787874221802
"DM-7462",False,"train",0.0,0.0,0.2627018690109253,0.0,0.09421125054359436,0.6347406506538391,0.0,0.0
"DM-15871",False,"train",0.0,0.0,0.43356937170028687,0.0,0.0,0.5377801656723022,0.0,0.0
"DM-15040",False,"train",0.6122796535491943,0.0,0.0,0.3237816393375397,0.051786888390779495,0.0,0.0,0.0
"DM-14891",False,"train",0.0,0.0,0.0,0.0,0.0,0.0,0.9756651520729065,0.0
"DM-10364",False,"train",0.01402182038873434,0.013986193574965,0.014007159508764744,0.9019986391067505,0.01400798000395298,0.013988303020596504,0.013995368033647537,0.013994465582072735
"DM-15208",False,"train",0.0,0.0,0.0,0.0,0.0,0.0,0.0,0.9414075016975403
"DM-13496",False,"train",0.0,0.0,0.0,0.0,0.554182231426239,0.0,0.0,0.4120752215385437
"DM-7454",False,"train",0.5034567713737488,0.0,0.0,0.0,0.0,0.4664958417415619,0.0,0.0
"DM-16286",False,"train",0.03976806625723839,0.319377064704895,0.0,0.0,0.48755112290382385,0.0,0.0,0.14302124083042145
"DM-10044",False,"train",0.0,0.0,0.0,0.0,0.0,0.9619039297103882,0.0,0.0
"DM-637",False,"train",0.7857123017311096,0.0,0.0,0.0,0.20682792365550995,0.0,0.0,0.0
"DM-3358",False,"train",0.0,0.0,0.0,0.0,0.0,0.9734193682670593,0.0,0.0
"DM-1616",False,"train",0.0,0.0,0.0,0.0,0.980086624622345,0.0,0.0,0.0
"DM-2468",False,"train",0.06090046465396881,0.06094493344426155,0.06089422479271889,0.060899537056684494,0.5734171271324158,0.06094477325677872,0.060963694006204605,0.06103520840406418
"DM-1590",False,"train",0.0,0.0,0.0,0.0,0.36037784814834595,0.5968178510665894,0.0,0.0
"DM-11377",False,"train",0.0,0.0,0.0,0.0,0.0,0.0,0.9795998334884644,0.0
"DM-1777",False,"train",0.0,0.0,0.0,0.0,0.0,0.0,0.0,0.9736934304237366
"DM-18041",False,"train",0.022801527753472328,0.022847823798656464,0.6760643720626831,0.02280508726835251,0.022862320765852928,0.022824609652161598,0.18699242174625397,0.022801866754889488
"DM-16062",False,"train",0.32895785570144653,0.030853239819407463,0.030817493796348572,0.030833955854177475,0.48601096868515015,0.030871214345097542,0.03082243539392948,0.03083282709121704
"DM-9747",False,"train",0.0,0.0,0.0,0.6638636589050293,0.3285437822341919,0.0,0.0,0.0
"DM-11893",False,"train",0.017925748601555824,0.8744144439697266,0.017930619418621063,0.017924539744853973,0.017934752628207207,0.017927635461091995,0.017989588901400566,0.017952676862478256
"DM-10765",True,"train",0.010441450402140617,0.010438823141157627,0.010444513522088528,0.010449792258441448,0.010461442172527313,0.010451806709170341,0.6083478927612305,0.3289642930030823
"DM-11883",True,"train",0.0,0.0,0.0,0.0,0.0,0.0,0.0,0.9415798187255859
"DM-14042",False,"train",0.0,0.09775304049253464,0.0,0.8664039373397827,0.0,0.0,0.0,0.0
"DM-1287",False,"train",0.012528249993920326,0.2608697712421417,0.012526420876383781,0.012524975463747978,0.012532432563602924,0.012524531222879887,0.6639682054519653,0.012525448575615883
"DM-14720",False,"train",0.0,0.0,0.0,0.0,0.0,0.0,0.0,0.9362112283706665
"DM-10288",False,"train",0.0,0.0,0.10171318054199219,0.3723359704017639,0.0,0.0,0.4768056273460388,0.0
"DM-15333",False,"train",0.0,0.0,0.0,0.05089006945490837,0.0,0.0,0.0646703913807869,0.8594004511833191
"DM-5909",False,"train",0.0,0.0,0.6168732047080994,0.0,0.0,0.34735894203186035,0.0,0.0
"DM-13337",False,"train",0.0,0.0,0.6631059050559998,0.12049241364002228,0.0,0.19947707653045654,0.0,0.0
"DM-12308",False,"train",0.02031753957271576,0.41465771198272705,0.020327148959040642,0.020359322428703308,0.020323939621448517,0.2051345854997635,0.020319385454058647,0.2785603404045105
"DM-5431",False,"train",0.0,0.0,0.0,0.6286078095436096,0.0,0.35871264338493347,0.0,0.0
"DM-359",False,"train",0.0,0.049500562250614166,0.0,0.0,0.0,0.0,0.0,0.9363280534744263
"DM-221",False,"train",0.020839620381593704,0.8540192246437073,0.020847730338573456,0.0208619125187397,0.020869674161076546,0.020866015926003456,0.02084568329155445,0.02085014432668686
"DM-6925",True,"train",0.0,0.1890227496623993,0.0,0.0,0.4821234941482544,0.3166447877883911,0.0,0.0
"DM-4499",True,"train",0.017863204702734947,0.01786329597234726,0.017867615446448326,0.017884792760014534,0.4609052836894989,0.01788630336523056,0.01787671633064747,0.431852787733078
"DM-11735",False,"train",0.0,0.0,0.0,0.3268357813358307,0.0,0.0,0.0,0.6174665689468384
"DM-17229",False,"train",0.0,0.0,0.0,0.9848640561103821,0.0,0.0,0.0,0.0
"DM-13654",False,"train",0.0,0.0,0.0,0.0,0.9686585664749146,0.0,0.0,0.0
"DM-17296",False,"train",0.0,0.0,0.0,0.0,0.0,0.0,0.0,0.9447463154792786
"DM-13779",True,"train",0.0,0.0,0.0,0.0,0.0,0.9637448787689209,0.0,0.024515444412827492
"DM-4641",True,"train",0.02084413170814514,0.21327534317970276,0.020842449739575386,0.02084173448383808,0.0208510123193264,0.020864877849817276,0.02084067091345787,0.6616397500038147
"DM-8296",False,"train",0.2959691882133484,0.0,0.0,0.0,0.0,0.05202220007777214,0.0,0.6323542594909668
"DM-6280",False,"train",0.0,0.0,0.0,0.0,0.0,0.37559646368026733,0.5825604796409607,0.0
"DM-5363",True,"train",0.0,0.0,0.0,0.0,0.0,0.0,0.0,0.9581039547920227
"DM-8454",False,"train",0.02505405619740486,0.025012318044900894,0.025014109909534454,0.8248116374015808,0.02506154216825962,0.025018947198987007,0.02501182071864605,0.025015583261847496
"DM-13970",False,"train",0.0,0.23729558289051056,0.0,0.0,0.0,0.7399383187294006,0.0,0.0
"DM-18455",True,"train",0.0,0.13271325826644897,0.10988118499517441,0.0,0.0,0.0,0.0,0.729347825050354
"DM-4999",False,"train",0.0,0.3422990143299103,0.0,0.0,0.613349974155426,0.0,0.0,0.0
"DM-199",False,"train",0.0,0.0,0.0,0.0,0.0,0.9538126587867737,0.0,0.0
"DM-6360",False,"train",0.0,0.0,0.0,0.0,0.5272320508956909,0.0,0.0,0.4417521357536316
"DM-10942",False,"train",0.820493757724762,0.0,0.0,0.16240818798542023,0.0,0.0,0.0,0.0
"DM-11320",False,"train",0.0,0.0,0.0,0.44731438159942627,0.0,0.29444262385368347,0.21907280385494232,0.0
"DM-14679",False,"train",0.016387812793254852,0.7451948523521423,0.016406923532485962,0.016402320936322212,0.016397537663578987,0.016389746218919754,0.016387471929192543,0.1564333438873291
"DM-1013",False,"train",0.010428916662931442,0.5480272173881531,0.010434837080538273,0.010433465242385864,0.261396199464798,0.13841068744659424,0.010435844771564007,0.010432844050228596
"DM-9548",False,"train",0.19983792304992676,0.0,0.0,0.0,0.6189380884170532,0.0,0.0,0.15886227786540985
"DM-7594",True,"train",0.0,0.0,0.0,0.9007264375686646,0.0,0.0,0.0,0.08001034706830978
"DM-17557",False,"train",0.0,0.11085384339094162,0.0,0.0,0.8671736121177673,0.0,0.0,0.0
"DM-16070",False,"train",0.0,0.0,0.6787863969802856,0.0,0.3047991991043091,0.0,0.0,0.0
"DM-1533",True,"train",0.016944488510489464,0.01692022569477558,0.016895495355129242,0.01691381260752678,0.8815680146217346,0.016928700730204582,0.01689896546304226,0.016930298879742622
"DM-17399",False,"train",0.0,0.0,0.0,0.40419453382492065,0.3579850196838379,0.23046539723873138,0.0,0.0
"DM-17060",False,"train",0.08256137371063232,0.0,0.0,0.0,0.0,0.0,0.0,0.8815802335739136
"DM-13954",False,"train",0.0,0.0,0.0,0.6315707564353943,0.0,0.0,0.32027971744537354,0.0
"DM-14553",False,"train",0.0,0.0,0.0,0.967486560344696,0.0,0.0,0.0,0.0
"DM-4492",False,"train",0.01786978542804718,0.017870521172881126,0.0178721584379673,0.01787416636943817,0.01787731982767582,0.01787189394235611,0.017877880483865738,0.8748862743377686
"DM-7053",False,"train",0.0,0.0,0.18889017403125763,0.0,0.8006148338317871,0.0,0.0,0.0
"DM-11764",False,"train",0.0275227352976799,0.0,0.12648507952690125,0.8372727036476135,0.0,0.0,0.0,0.0
"DM-13451",False,"train",0.0,0.0,0.0,0.0,0.0,0.974919855594635,0.0,0.0
"DM-3364",False,"train",0.02899797074496746,0.02900729887187481,0.029004713520407677,0.02899249829351902,0.7969692945480347,0.029003629460930824,0.029007598757743835,0.029016967862844467
"DM-15232",False,"train",0.0,0.0,0.12004072964191437,0.07281628251075745,0.0,0.0,0.0,0.7738897800445557
"DM-14618",False,"train",0.27623507380485535,0.0,0.0,0.0,0.0,0.6827846765518188,0.0,0.0
"DM-7018",False,"train",0.0,0.4479677677154541,0.0,0.0,0.43456563353538513,0.0,0.0,0.09045282006263733
"DM-5276",True,"train",0.0,0.0,0.06941482424736023,0.0,0.0,0.0,0.9226555228233337,0.0
"DM-10864",False,"train",0.17488470673561096,0.0,0.0,0.0,0.0,0.0,0.0,0.7830726504325867
"DM-3778",False,"train",0.0,0.0,0.0,0.0,0.0,0.0,0.6064891219139099,0.36923977732658386
"DM-13766",False,"train",0.18925951421260834,0.0,0.21242912113666534,0.566273033618927,0.0,0.0,0.0,0.0
"DM-8168",False,"train",0.0,0.9512438774108887,0.0,0.0,0.0,0.0,0.0,0.0
"DM-17301",False,"train",0.0,0.0,0.0,0.956148087978363,0.0,0.0,0.0,0.0
"DM-16797",False,"train",0.0,0.0,0.0,0.0,0.37474164366722107,0.41804757714271545,0.05258297547698021,0.1339336335659027
"DM-5389",False,"train",0.0,0.0,0.0,0.38142824172973633,0.0,0.0,0.0,0.576832115650177
"DM-5130",False,"train",0.16486480832099915,0.0,0.0,0.0,0.0,0.8141159415245056,0.0,0.0
"DM-2935",False,"train",0.0,0.0,0.6091182827949524,0.0,0.36648955941200256,0.0,0.0,0.0
"DM-13366",False,"train",0.0,0.12516440451145172,0.0,0.0,0.0,0.6042025685310364,0.0,0.24082615971565247
"DM-15249",False,"train",0.0,0.0,0.0,0.0,0.5251507759094238,0.0,0.0,0.4477020800113678
"DM-11698",False,"train",0.0,0.0633021667599678,0.0,0.14849716424942017,0.6794945597648621,0.10029371827840805,0.0,0.0
"DM-13599",False,"train",0.0,0.0,0.6159709692001343,0.32566946744918823,0.0,0.0,0.0,0.0
"DM-1766",True,"train",0.0,0.0,0.0,0.0,0.0,0.0,0.0,0.9663039445877075
"DM-12132",False,"train",0.0,0.0,0.08418476581573486,0.0,0.8973875641822815,0.0,0.0,0.0
"DM-9383",False,"train",0.0,0.0,0.0,0.0,0.0,0.9916402101516724,0.0,0.0
"DM-1906",False,"train",0.053018294274806976,0.0,0.0,0.02783498540520668,0.8613754510879517,0.0,0.0,0.052988581359386444
"DM-2778",True,"train",0.0,0.0,0.0,0.200375035405159,0.6880197525024414,0.10190895944833755,0.0,0.0
"DM-8408",False,"train",0.0,0.5253040194511414,0.0,0.0,0.0,0.43391716480255127,0.0,0.0
"DM-18885",False,"train",0.0,0.0,0.09787318110466003,0.11413681507110596,0.0,0.7694517374038696,0.0,0.0
"DM-3563",True,"train",0.3447926342487335,0.633726179599762,0.0,0.0,0.0,0.0,0.0,0.0
"DM-9640",False,"train",0.0,0.0,0.0,0.14513400197029114,0.2761216163635254,0.5585516095161438,0.0,0.0
"DM-11585",False,"train",0.0,0.18520493805408478,0.0,0.0,0.2735051214694977,0.0,0.11072988063097,0.40177029371261597
"DM-1677",False,"train",0.0,0.0,0.7209033966064453,0.0,0.0,0.0,0.0,0.26579421758651733
"DM-13698",False,"train",0.0,0.0,0.0,0.0,0.0,0.0,0.9702956080436707,0.0
"DM-18358",False,"train",0.0,0.0,0.0,0.0,0.9645476341247559,0.0,0.0,0.0
"DM-17346",True,"train",0.0,0.0,0.0,0.9538849592208862,0.0,0.0,0.0,0.0
"DM-11000",False,"train",0.0,0.3311678469181061,0.0,0.0,0.0,0.1609964668750763,0.0,0.4935937523841858
"DM-16304",False,"train",0.15160806477069855,0.011903183534741402,0.27347075939178467,0.5153773427009583,0.011914732865989208,0.011912941001355648,0.011903483420610428,0.011909532360732555
"DM-14468",False,"train",0.0,0.0,0.0,0.9707826972007751,0.0,0.0,0.0,0.0
"DM-5989",True,"train",0.0,0.0,0.0,0.0,0.0,0.9730020761489868,0.0,0.0
"DM-1073",False,"train",0.0,0.0,0.0,0.0,0.0,0.0,0.0,0.9353157877922058
"DM-15230",False,"train",0.0,0.0,0.0,0.0,0.5860175490379333,0.38271450996398926,0.0,0.0
"DM-18418",True,"train",0.011382452212274075,0.011385652236640453,0.011383592151105404,0.011387153528630733,0.011389849707484245,0.011398700065910816,0.9202811121940613,0.01139154564589262
"DM-15152",False,"train",0.0,0.0,0.0,0.0,0.0,0.9904679656028748,0.0,0.0
"DM-9920",False,"train",0.0,0.0,0.0,0.8051143884658813,0.0,0.0790482833981514,0.0,0.1037612035870552
"DM-5318",False,"train",0.07394535094499588,0.0,0.0,0.0,0.7582839727401733,0.0,0.0,0.1416260451078415
"DM-5266",False,"train",0.19869820773601532,0.29506081342697144,0.0,0.30313625931739807,0.0,0.1812327653169632,0.0,0.0
"DM-7776",False,"train",0.0,0.0,0.0,0.0,0.0,0.3348289728164673,0.0,0.6113952994346619
"DM-4797",False,"train",0.8596649765968323,0.0,0.0,0.0,0.0,0.0,0.0,0.1242794468998909
"DM-4696",False,"train",0.024439044296741486,0.24676071107387543,0.024415068328380585,0.02439715713262558,0.606748640537262,0.024411803111433983,0.024403994902968407,0.024423563852906227
"DM-12406",False,"train",0.013902398757636547,0.013904343359172344,0.013898721896111965,0.013944542035460472,0.01391857210546732,0.01392950490117073,0.9025948643684387,0.01390698179602623
"DM-7039",False,"train",0.0,0.0,0.0,0.12568984925746918,0.8583005666732788,0.0,0.0,0.0
"DM-11250",False,"train",0.0,0.0,0.21578152477741241,0.147396981716156,0.0,0.08356674760580063,0.0,0.5410048365592957
"DM-9301",False,"train",0.0,0.0,0.0,0.0,0.304278701543808,0.6524434089660645,0.0,0.0
"DM-5511",True,"train",0.025029916316270828,0.23869147896766663,0.3703419864177704,0.025044100359082222,0.025047842413187027,0.025051100179553032,0.025037245824933052,0.2657563388347626
"DM-1961",False,"train",0.0,0.0,0.0,0.30309468507766724,0.6499664783477783,0.0,0.0,0.0
"DM-5989",True,"train",0.0,0.0,0.0,0.0,0.0,0.9730020761489868,0.0,0.0
"DM-240",True,"train",0.10164052993059158,0.0,0.0,0.33821892738342285,0.5498500466346741,0.0,0.0,0.0
"DM-8496",False,"train",0.0,0.0,0.0,0.0,0.0,0.0,0.9410672187805176,0.0
"DM-1944",False,"train",0.5386321544647217,0.0,0.0,0.30280041694641113,0.12840507924556732,0.0,0.0,0.0
"DM-13878",False,"train",0.0,0.0,0.0,0.0,0.0,0.9741775989532471,0.0,0.0
"DM-4705",False,"train",0.0,0.0,0.39497119188308716,0.17563797533512115,0.23366086184978485,0.1876327097415924,0.0,0.0
"DM-6151",False,"train",0.0,0.0,0.7651447653770447,0.2214122712612152,0.0,0.0,0.0,0.0
"DM-14393",False,"train",0.19551029801368713,0.08090144395828247,0.4417627155780792,0.1507529467344284,0.0,0.0,0.0,0.1287129521369934
"DM-14758",False,"train",0.5699570178985596,0.0,0.0,0.12689830362796783,0.0,0.25992053747177124,0.0,0.0
"DM-2729",False,"train",0.0,0.0,0.5932890176773071,0.15775659680366516,0.23083049058914185,0.0,0.0,0.0
"DM-1317",False,"train",0.0,0.5937657952308655,0.0597698800265789,0.25489795207977295,0.07505305856466293,0.0,0.0,0.0
"DM-5019",False,"train",0.0,0.0,0.0,0.0,0.5727252960205078,0.0,0.37647712230682373,0.0
"DM-774",False,"train",0.23266230523586273,0.030713075771927834,0.030733611434698105,0.030711637809872627,0.03071608953177929,0.030707761645317078,0.5830435156822205,0.030712014064192772
"DM-15916",False,"train",0.0,0.0,0.0,0.0,0.15875451266765594,0.6773996353149414,0.0,0.1507803201675415
"DM-14117",False,"train",0.0,0.11021018773317337,0.0760708898305893,0.6178882718086243,0.0,0.18469944596290588,0.0,0.0
"DM-6819",True,"train",0.05632918328046799,0.0,0.0,0.2139710932970047,0.30330556631088257,0.410725861787796,0.0,0.0
"DM-8496",False,"train",0.0,0.0,0.0,0.0,0.0,0.0,0.9410672187805176,0.0
"DM-9251",False,"train",0.1683533787727356,0.015792518854141235,0.01575649343430996,0.7370070815086365,0.015767838805913925,0.015774713829159737,0.015789074823260307,0.015758894383907318
"DM-10372",False,"train",0.0,0.0,0.4161957800388336,0.0,0.2676977217197418,0.0,0.2830239534378052,0.0
"DM-17932",False,"train",0.0,0.0,0.0,0.9692666530609131,0.0,0.0,0.0,0.0
"DM-8548",False,"train",0.0,0.0,0.0,0.0,0.6681351661682129,0.0,0.0,0.3011994957923889
"DM-5966",False,"train",0.6724441051483154,0.07176308333873749,0.0,0.0,0.0,0.0,0.0,0.23064233362674713
"DM-5122",False,"train",0.06768105179071426,0.10217301547527313,0.40738895535469055,0.0,0.0,0.4198167622089386,0.0,0.0
"DM-1128",False,"train",0.3951694369316101,0.0,0.0,0.0,0.16806796193122864,0.39988118410110474,0.0,0.0
"DM-10340",False,"train",0.5611581206321716,0.0,0.0,0.40040576457977295,0.03672176972031593,0.0,0.0,0.0
"DM-17560",False,"train",0.0,0.0,0.0,0.054074887186288834,0.1643761247396469,0.0,0.0,0.7640775442123413
"DM-15187",False,"train",0.0,0.0,0.0,0.7629873752593994,0.0,0.0,0.19240468740463257,0.0
"DM-9423",False,"train",0.0,0.0,0.17272423207759857,0.0,0.0,0.7951024174690247,0.0,0.0
"DM-2020",False,"train",0.014739498496055603,0.014740843325853348,0.014738655649125576,0.014830244705080986,0.014803186058998108,0.014751411974430084,0.014739417470991611,0.8966567516326904
"DM-13217",False,"train",0.0,0.0,0.0,0.9417576789855957,0.0,0.0,0.0,0.0
"DM-13654",False,"train",0.0,0.0,0.0,0.0,0.9686585664749146,0.0,0.0,0.0
"DM-17031",False,"train",0.0,0.0,0.0,0.0,0.9878078699111938,0.0,0.0,0.0
"DM-13303",False,"train",0.0,0.0,0.0,0.0,0.13302186131477356,0.8454837203025818,0.0,0.0
"DM-16901",False,"train",0.01619763858616352,0.016199534758925438,0.016200684010982513,0.01619887351989746,0.36853569746017456,0.5342598557472229,0.01619972102344036,0.016207989305257797
"DM-17346",True,"train",0.0,0.0,0.0,0.9538849592208862,0.0,0.0,0.0,0.0
"DM-9429",False,"train",0.0,0.0,0.0,0.0,0.0,0.932552695274353,0.0,0.0
"DM-3656",False,"train",0.0,0.0,0.0,0.0,0.9618437886238098,0.0,0.0,0.0
"DM-15233",False,"train",0.0,0.0,0.0,0.0,0.0,0.9742062091827393,0.0,0.0
"DM-16041",False,"train",0.04948967322707176,0.5184962749481201,0.0,0.0,0.4201613962650299,0.0,0.0,0.0
"DM-14233",False,"train",0.010485575534403324,0.010501054115593433,0.010485158301889896,0.010494569316506386,0.010494783520698547,0.010496499948203564,0.9265496134757996,0.010492776520550251
"DM-783",False,"train",0.0,0.562623918056488,0.0,0.390299916267395,0.0,0.0,0.0,0.0
"DM-2139",False,"train",0.42412376403808594,0.07145475596189499,0.049021314829587936,0.0,0.0,0.0,0.0,0.4378414750099182
"DM-9757",False,"train",0.0,0.0,0.0,0.0,0.7614654302597046,0.0,0.0,0.22135698795318604
"DM-7593",False,"train",0.0,0.0,0.0,0.0,0.08652588725090027,0.8717420697212219,0.0,0.0
"DM-3199",False,"train",0.0,0.1100599393248558,0.0,0.0,0.8670156002044678,0.0,0.0,0.0
"DM-5798",False,"train",0.0,0.0,0.0,0.13594922423362732,0.8446800708770752,0.0,0.0,0.0
"DM-17640",False,"train",0.0,0.0,0.0,0.0,0.0,0.970396876335144,0.0,0.0
"DM-17960",True,"train",0.0,0.1978825032711029,0.0,0.2989819645881653,0.48391780257225037,0.0,0.0,0.0
"DM-4455",False,"train",0.0,0.0,0.0,0.0,0.945123553276062,0.0,0.0,0.0
"DM-1498",False,"train",0.0,0.686733067035675,0.2551991939544678,0.0,0.0,0.0,0.0,0.0
"DM-3090",False,"train",0.0,0.0,0.0,0.9415202140808105,0.0,0.0,0.0,0.0
"DM-15085",False,"train",0.14788933098316193,0.16866302490234375,0.3688555657863617,0.0,0.29589250683784485,0.014496210031211376,0.0,0.0
"DM-8168",False,"train",0.0,0.9512438774108887,0.0,0.0,0.0,0.0,0.0,0.0
"DM-2806",False,"train",0.025030333548784256,0.025046056136488914,0.025011278688907623,0.5757312178611755,0.025041120126843452,0.025048164650797844,0.2740629017353058,0.025028912350535393
"DM-7653",False,"train",0.31184664368629456,0.0,0.19779647886753082,0.0,0.25339066982269287,0.0,0.0,0.21311724185943604
"DM-5781",False,"train",0.0,0.0,0.0,0.0,0.0,0.9649350047111511,0.0,0.0
"DM-95",False,"train",0.0,0.465472549200058,0.0,0.2796034812927246,0.24104724824428558,0.0,0.0,0.0
"DM-4204",True,"train",0.7522181272506714,0.0,0.23488706350326538,0.0,0.0,0.0,0.0,0.0
"DM-5006",False,"train",0.0,0.0,0.33040422201156616,0.3033672273159027,0.142752006649971,0.143106147646904,0.0,0.07393673062324524
"DM-5543",False,"train",0.02501104772090912,0.025005778297781944,0.8248724341392517,0.025018826127052307,0.025024861097335815,0.025017475709319115,0.02503693848848343,0.025012703612446785
"DM-13417",False,"train",0.0,0.0,0.0,0.0,0.5310407876968384,0.0,0.0,0.44828546047210693
"DM-11976",False,"train",0.5447893142700195,0.0,0.05718091130256653,0.13375531136989594,0.0,0.24560651183128357,0.0,0.0
"DM-14848",False,"train",0.0,0.0,0.0,0.47829777002334595,0.12692932784557343,0.3774605095386505,0.0,0.0
"DM-12771",True,"train",0.0,0.0,0.0,0.0,0.9093912839889526,0.0,0.0,0.06685848534107208
"DM-15142",False,"train",0.0,0.0,0.0,0.13912932574748993,0.0,0.7846108078956604,0.0,0.06414950639009476
"DM-14679",False,"train",0.016387812793254852,0.7451948523521423,0.016406923532485962,0.016402320936322212,0.016397537663578987,0.016389746218919754,0.016387471929192543,0.1564333438873291
"DM-9757",False,"train",0.0,0.0,0.0,0.0,0.7614654302597046,0.0,0.0,0.22135698795318604
"DM-10407",False,"train",0.0,0.45327305793762207,0.0,0.17390699684619904,0.0,0.3390934467315674,0.0,0.0
"DM-17484",False,"train",0.015629908069968224,0.01562979631125927,0.015629509463906288,0.015631716698408127,0.015633512288331985,0.015638628974556923,0.015638893470168114,0.8905680179595947
"DM-10758",False,"train",0.0,0.0,0.4997045695781708,0.0804230198264122,0.05296030640602112,0.0,0.0,0.35686174035072327
"DM-1725",False,"train",0.0,0.0,0.49920737743377686,0.13601069152355194,0.0,0.0,0.0,0.35661861300468445
"DM-9862",False,"train",0.0,0.0,0.0,0.5799869894981384,0.0,0.41223981976509094,0.0,0.0
"DM-8085",False,"train",0.913571298122406,0.0,0.047890014946460724,0.011897187680006027,0.01388897467404604,0.011134051717817783,0.0,0.0
"DM-1884",False,"train",0.09446970373392105,0.0,0.0,0.0,0.5452587008476257,0.0,0.3338523805141449,0.0
"DM-3637",False,"train",0.0,0.0,0.0,0.0,0.48167872428894043,0.4841637909412384,0.0,0.0
"DM-6236",False,"train",0.01390222180634737,0.013909717090427876,0.01390411239117384,0.013902644626796246,0.01390257477760315,0.013907932676374912,0.9026655554771423,0.013905254192650318
"DM-4229",False,"train",0.12219993770122528,0.0,0.0,0.0,0.8447765111923218,0.0,0.0,0.0
"DM-604",False,"train",0.0,0.0,0.0,0.9860567450523376,0.0,0.0,0.0,0.0
"DM-12432",False,"train",0.0,0.0,0.0,0.21924598515033722,0.756330132484436,0.0,0.0,0.0
"DM-13770",False,"train",0.0,0.0,0.0,0.0,0.0,0.9821178317070007,0.0,0.0
"DM-18430",False,"train",0.01720830425620079,0.017164070159196854,0.01716681756079197,0.6555452346801758,0.017164988443255424,0.017163151875138283,0.24142388999462128,0.017163580283522606
"DM-13219",False,"train",0.9582691192626953,0.0,0.0,0.0,0.0,0.0,0.0,0.0
"DM-2754",True,"train",0.0,0.0,0.0,0.0,0.13574326038360596,0.8325501680374146,0.0,0.0
"DM-3245",True,"train",0.0,0.9601773023605347,0.0,0.0,0.0,0.0,0.0,0.0
"DM-1952",False,"train",0.0,0.0,0.5236712694168091,0.45331907272338867,0.0,0.0,0.0,0.0
"DM-2635",True,"train",0.0,0.0,0.0,0.0,0.9674948453903198,0.0,0.0,0.0
"DM-1328",False,"train",0.0,0.0,0.0,0.0,0.0,0.9634398221969604,0.0,0.0
"DM-14042",False,"train",0.0,0.09775304049253464,0.0,0.8664039373397827,0.0,0.0,0.0,0.0
"DM-5489",True,"train",0.012538747861981392,0.012539464980363846,0.01253855973482132,0.01254540216177702,0.012542400509119034,0.012541268952190876,0.012538774870336056,0.9122154116630554
"DM-7722",False,"train",0.0,0.17530053853988647,0.0,0.0,0.0941065102815628,0.7127305865287781,0.0,0.0
"DM-15233",False,"train",0.0,0.0,0.0,0.0,0.0,0.9742062091827393,0.0,0.0
"DM-5413",True,"train",0.0,0.184385746717453,0.0,0.0,0.0,0.7893493175506592,0.0,0.0
"DM-12660",False,"train",0.011404234915971756,0.5181519389152527,0.011400900781154633,0.4134039878845215,0.011423029936850071,0.011408926919102669,0.011401835829019547,0.011405074037611485
"DM-298",False,"train",0.0,0.0,0.0,0.0,0.9808685779571533,0.0,0.0,0.0
"DM-7811",False,"train",0.014992614276707172,0.014990091323852539,0.0149978157132864,0.8950177431106567,0.015000860206782818,0.015000049024820328,0.01500755175948143,0.014993343502283096
"DM-6258",False,"train",0.06760848313570023,0.0,0.0,0.0,0.4042013883590698,0.17552122473716736,0.3409341871738434,0.0
"DM-1054",False,"train",0.0,0.0,0.0,0.0,0.0,0.9581306576728821,0.0,0.0
"DM-10922",False,"train",0.012506792321801186,0.012503623962402344,0.012507548555731773,0.012507692910730839,0.012508011423051357,0.01251232624053955,0.012504346668720245,0.9124496579170227
"DM-6542",False,"train",0.0,0.0,0.0,0.31703290343284607,0.1576962172985077,0.0,0.4959813058376312,0.0
"DM-18589",False,"train",0.0,0.09221747517585754,0.0,0.0,0.8952627778053284,0.0,0.0,0.0
"DM-16947",False,"train",0.01569734327495098,0.25804197788238525,0.015699870884418488,0.6477671265602112,0.015695488080382347,0.015698127448558807,0.015707122161984444,0.015693001449108124
"DM-4730",True,"train",0.0,0.0,0.0,0.9870814085006714,0.0,0.0,0.0,0.0
"DM-11322",False,"train",0.0,0.0,0.0,0.0,0.7883739471435547,0.0,0.0,0.19408556818962097
"DM-3161",False,"train",0.9371609687805176,0.0,0.0,0.0,0.0,0.0,0.0,0.0
"DM-5909",False,"train",0.0,0.0,0.6168732047080994,0.0,0.0,0.34735894203186035,0.0,0.0
"DM-767",False,"train",0.0,0.0,0.0,0.7346001863479614,0.2330836057662964,0.0,0.0,0.0
"DM-14761",False,"train",0.0,0.0,0.0,0.0,0.0,0.9648160934448242,0.0,0.0
"DM-3986",False,"train",0.0,0.9724493026733398,0.0,0.0,0.0,0.0,0.0,0.0
"DM-6785",False,"train",0.0,0.10106586664915085,0.0,0.0,0.8780468106269836,0.0,0.0,0.0
"DM-978",False,"train",0.0,0.0,0.0,0.32423344254493713,0.0,0.0,0.6443926095962524,0.0
"DM-9701",False,"train",0.0,0.0,0.0,0.9412400126457214,0.0,0.0,0.0,0.0
"DM-11158",False,"train",0.062151797115802765,0.8902941346168518,0.04278900846838951,0.0,0.0,0.0,0.0,0.0
"DM-16858",False,"train",0.0,0.0,0.0,0.0,0.0,0.9415977001190186,0.0,0.0
"DM-9306",False,"train",0.015635017305612564,0.015633590519428253,0.01563623920083046,0.8905302882194519,0.015637338161468506,0.01564650610089302,0.015647634863853455,0.01563337817788124
"DM-17346",True,"train",0.0,0.0,0.0,0.9538849592208862,0.0,0.0,0.0,0.0
"DM-18128",False,"train",0.0,0.0,0.0,0.0,0.0,0.36246368288993835,0.0,0.6137835383415222
"DM-2635",True,"train",0.0,0.0,0.0,0.0,0.9674948453903198,0.0,0.0,0.0
"DM-6500",False,"train",0.0,0.0,0.0,0.0,0.0,0.9321660399436951,0.0,0.0
"DM-1258",True,"train",0.0,0.25430068373680115,0.0,0.16908101737499237,0.5492763519287109,0.0,0.0,0.0
"DM-10522",False,"train",0.0,0.0,0.0,0.9415610432624817,0.0,0.0,0.0,0.0
"DM-12534",False,"train",0.012871155515313148,0.9098371863365173,0.012879732996225357,0.01287934836000204,0.01288034301251173,0.012895142659544945,0.012880411930382252,0.01287663634866476
"DM-5301",False,"train",0.0,0.0,0.0,0.9881241321563721,0.0,0.0,0.0,0.0
"DM-841",False,"train",0.0,0.4853358566761017,0.0,0.0,0.0,0.48572152853012085,0.0,0.0
"DM-8631",False,"train",0.0,0.0,0.03989861533045769,0.833209753036499,0.0,0.05680694431066513,0.0,0.06019040569663048
"DM-13601",False,"train",0.05240829661488533,0.0,0.0,0.682798445224762,0.019057340919971466,0.2404778152704239,0.0,0.0
"DM-17835",False,"train",0.0,0.23049066960811615,0.0,0.0,0.7356435060501099,0.0,0.0,0.0
"DM-12873",False,"train",0.0,0.0,0.0,0.0,0.5947735905647278,0.3821498155593872,0.0,0.0
"DM-4485",True,"train",0.020843682810664177,0.020841628313064575,0.020960992202162743,0.020866742357611656,0.02086835913360119,0.020969446748495102,0.020947040989995003,0.8537021279335022
"DM-15254",False,"train",0.025232505053281784,0.0,0.0,0.3554324805736542,0.10052578151226044,0.5110825300216675,0.0,0.0
"DM-11479",True,"train",0.0,0.0,0.2357141673564911,0.21535207331180573,0.5265412330627441,0.0,0.0,0.0
"DM-1349",True,"train",0.0,0.0,0.0,0.0,0.0,0.4983721375465393,0.0,0.4502013325691223
"DM-9193",False,"train",0.0,0.0,0.0,0.0,0.4548795819282532,0.5152706503868103,0.0,0.0
"DM-11885",True,"train",0.0,0.0,0.7684007883071899,0.0,0.0,0.0,0.0,0.18987706303596497
"DM-11882",False,"train",0.8064854145050049,0.16018828749656677,0.0,0.0,0.0,0.0,0.0,0.0
"DM-13144",False,"train",0.6068738698959351,0.3247528374195099,0.011387155391275883,0.011398372240364552,0.011398658156394958,0.011397228576242924,0.011389626190066338,0.011402187868952751
"DM-5726",False,"train",0.0,0.0,0.0,0.0,0.44316020607948303,0.10655207931995392,0.41549792885780334,0.0
"DM-17303",False,"train",0.0,0.38325825333595276,0.0,0.0,0.0,0.24137814342975616,0.3625607192516327,0.0
"DM-8797",False,"train",0.0,0.0,0.0,0.7358322143554688,0.2445155382156372,0.0,0.0,0.0
"DM-12391",False,"train",0.7517371773719788,0.0,0.0,0.24268046021461487,0.0,0.0,0.0,0.0
"DM-10008",False,"train",0.0,0.0,0.06532033532857895,0.0,0.9104123115539551,0.0,0.0,0.0
"DM-17390",True,"train",0.018933264538645744,0.018919866532087326,0.018917271867394447,0.018939971923828125,0.8674333095550537,0.01901029422879219,0.0189142394810915,0.01893174648284912
"DM-71",False,"train",0.0,0.0,0.0,0.0,0.969794511795044,0.0,0.0,0.0
"DM-8169",False,"train",0.0,0.0,0.0,0.0,0.3450866937637329,0.0,0.5969523191452026,0.0
"DM-13498",True,"train",0.0,0.0,0.0,0.017807066440582275,0.9698754549026489,0.0,0.0,0.0
"DM-5792",True,"train",0.04756662994623184,0.04756736755371094,0.04756659269332886,0.04757048562169075,0.04758872836828232,0.6670005917549133,0.04757055640220642,0.047569070011377335
"DM-9572",True,"train",0.0,0.0,0.0,0.0,0.46882906556129456,0.0,0.0,0.4898689091205597
"DM-912",False,"train",0.01258167251944542,0.0125822052359581,0.012586338445544243,0.01258828490972519,0.012586266733705997,0.911893367767334,0.012591960839927197,0.012589863501489162
"DM-4867",False,"train",0.0,0.6275573372840881,0.0,0.0,0.34509071707725525,0.0,0.0,0.0
"DM-3442",False,"train",0.21434088051319122,0.0,0.0,0.761664867401123,0.0,0.0,0.019589435309171677,0.0
"DM-3986",False,"train",0.0,0.9724493026733398,0.0,0.0,0.0,0.0,0.0,0.0
"DM-8197",False,"train",0.0,0.0,0.0,0.5742464661598206,0.383931428194046,0.0,0.0,0.0
"DM-6491",False,"train",0.08732396364212036,0.0,0.0,0.7673014998435974,0.14111673831939697,0.0,0.0,0.0
"DM-6177",True,"train",0.0,0.0,0.12121117115020752,0.08901901543140411,0.5671712160110474,0.16595779359340668,0.05189265310764313,0.0
"DM-6592",False,"train",0.0,0.0,0.0,0.7528892159461975,0.19703875482082367,0.0,0.0,0.0
"DM-5512",True,"train",0.03132481873035431,0.0312776118516922,0.7808360457420349,0.03130020946264267,0.03133458271622658,0.031297583132982254,0.03129652142524719,0.03133263438940048
"DM-14305",True,"train",0.010150812566280365,0.0101488521322608,0.010157892480492592,0.9289286732673645,0.010162496007978916,0.010150074027478695,0.010149093344807625,0.010152085684239864
"DM-17162",False,"train",0.1588694155216217,0.0,0.0,0.0,0.8035009503364563,0.0,0.0,0.0
"DM-1012",False,"train",0.0,0.0,0.0,0.0,0.9561589360237122,0.0,0.0,0.0
"DM-17305",True,"train",0.0,0.0,0.0,0.9768964052200317,0.0,0.0,0.0,0.0
"DM-17269",False,"train",0.0,0.0,0.0,0.08435432612895966,0.8768227100372314,0.0,0.0,0.0
"DM-16340",False,"train",0.04686833918094635,0.6719207763671875,0.046868305653333664,0.04686775803565979,0.04686812683939934,0.04686807841062546,0.046869855374097824,0.0468687042593956
"DM-1012",False,"train",0.0,0.0,0.0,0.0,0.9561589360237122,0.0,0.0,0.0
"DM-9076",False,"train",0.0,0.48538824915885925,0.0,0.0,0.0,0.34753894805908203,0.0,0.14200904965400696
"DM-5868",False,"train",0.0,0.5047805309295654,0.0,0.0,0.2148471176624298,0.2571568191051483,0.0,0.0
"DM-633",True,"train",0.0,0.0,0.0,0.0,0.48649048805236816,0.0,0.47725605964660645,0.0
"DM-12208",False,"train",0.0,0.0,0.0,0.3709897994995117,0.5828489661216736,0.0,0.0,0.0
"DM-17943",False,"train",0.6003819108009338,0.010473329573869705,0.01046842336654663,0.010477066971361637,0.010474998503923416,0.33676570653915405,0.010473721660673618,0.010484859347343445
"DM-13573",False,"train",0.0,0.1541227549314499,0.0,0.0,0.5711674690246582,0.26447412371635437,0.0,0.0
"DM-16843",False,"train",0.0,0.0,0.0,0.9473711252212524,0.0,0.0,0.0,0.0
"DM-17088",False,"train",0.09152780473232269,0.0,0.0,0.35181012749671936,0.0,0.0,0.0,0.5339722037315369
"DM-17394",False,"train",0.0,0.0972883477807045,0.0,0.0,0.6693242192268372,0.19556230306625366,0.0,0.0
"DM-6857",False,"train",0.0582873672246933,0.07340369373559952,0.0,0.0,0.853793740272522,0.0,0.0,0.0
"DM-12459",False,"train",0.9123131036758423,0.012544644996523857,0.012525107711553574,0.012533589266240597,0.012519221752882004,0.012528468854725361,0.01251986250281334,0.012516027316451073
"DM-14227",True,"train",0.0,0.11466474086046219,0.0,0.07648829370737076,0.30163154006004333,0.0,0.4769318699836731,0.026498813182115555
"DM-15194",False,"train",0.318217396736145,0.0,0.0,0.6776588559150696,0.0,0.0,0.0,0.0
"DM-10065",True,"train",0.017672983929514885,0.0,0.0,0.38150736689567566,0.0,0.1565587818622589,0.0,0.4397816061973572
"DM-18885",False,"train",0.0,0.0,0.09787318110466003,0.11413681507110596,0.0,0.7694517374038696,0.0,0.0
"DM-15311",True,"train",0.0,0.0,0.0,0.08818252384662628,0.8925089836120605,0.0,0.0,0.0
"DM-8708",False,"train",0.01047190185636282,0.010463341139256954,0.010473288595676422,0.9267302751541138,0.010470910929143429,0.010471395216882229,0.010462593287229538,0.010456311516463757
"DM-6591",False,"train",0.5445817708969116,0.0,0.0,0.4345199763774872,0.0,0.0,0.0,0.0
"DM-10596",False,"train",0.0,0.023991044610738754,0.0,0.0,0.9264706969261169,0.0,0.0,0.0384954959154129
"DM-7464",False,"train",0.05115075781941414,0.0,0.0,0.0,0.340124249458313,0.0,0.0,0.6005940437316895
"DM-9162",False,"train",0.0,0.0,0.0,0.9648647904396057,0.0,0.0,0.0,0.0
"DM-10233",False,"train",0.0,0.0,0.953858494758606,0.0,0.0,0.0,0.0,0.0
"DM-13163",False,"train",0.2541518211364746,0.0,0.0,0.0,0.0,0.6904247999191284,0.03546388819813728,0.0
"DM-7811",False,"train",0.014992614276707172,0.014990091323852539,0.0149978157132864,0.8950177431106567,0.015000860206782818,0.015000049024820328,0.01500755175948143,0.014993343502283096
"DM-9430",False,"train",0.0,0.0,0.0,0.4889572858810425,0.0,0.0,0.0,0.47750380635261536
"DM-1578",False,"train",0.0,0.0,0.0,0.9313574433326721,0.0,0.0,0.0,0.0
"DM-11147",False,"train",0.0,0.0,0.0,0.0,0.9685595631599426,0.0,0.0,0.0
"DM-11934",False,"train",0.0,0.12261772900819778,0.0,0.0,0.8509795665740967,0.0,0.0,0.0
"DM-8434",True,"train",0.0,0.0,0.0,0.8419063687324524,0.0,0.0,0.0,0.10030842572450638
"DM-1585",False,"train",0.2492872029542923,0.0,0.0,0.0,0.0,0.4380442202091217,0.0,0.29410943388938904
"DM-6285",False,"train",0.0,0.0,0.0,0.0,0.0,0.5957343578338623,0.35396823287010193,0.0
"DM-9731",False,"train",0.020852593705058098,0.02086072415113449,0.020849604159593582,0.8539929986000061,0.020855413749814034,0.020852601155638695,0.020888550207018852,0.020847506821155548
"DM-10977",False,"train",0.0,0.0,0.0,0.0,0.0,0.0,0.0,0.944159984588623
"DM-5187",False,"train",0.0,0.15354245901107788,0.0,0.0,0.8266478180885315,0.0,0.0,0.0
"DM-16343",False,"train",0.0,0.36601266264915466,0.15360821783542633,0.45836490392684937,0.0,0.0,0.0,0.0
"DM-16341",False,"train",0.7069768309593201,0.041860442608594894,0.041860517114400864,0.04186040535569191,0.04186040908098221,0.04186041280627251,0.04186050966382027,0.0418604351580143
"DM-4816",False,"train",0.0,0.0,0.0,0.0,0.4310593008995056,0.0,0.0,0.5426087975502014
"DM-16299",False,"train",0.041809603571891785,0.27021363377571106,0.0,0.0,0.44478824734687805,0.22921817004680634,0.0,0.0
"DM-4567",True,"train",0.0,0.0,0.0,0.0,0.9791163802146912,0.0,0.0,0.0
"DM-3141",False,"train",0.0,0.0,0.0751153826713562,0.716345489025116,0.17338815331459045,0.0,0.027036108076572418,0.0
"DM-12216",False,"train",0.0,0.0,0.0,0.0,0.0,0.9843477010726929,0.0,0.0
"DM-7536",False,"train",0.39755603671073914,0.0,0.0,0.600192666053772,0.0,0.0,0.0,0.0
"DM-13712",False,"train",0.0,0.0,0.03235364705324173,0.0,0.7750291228294373,0.0,0.15352798998355865,0.02225864678621292
"DM-10620",False,"train",0.10870841890573502,0.5415179133415222,0.0,0.0,0.0,0.30790919065475464,0.0,0.0
"DM-17332",False,"train",0.01389994751662016,0.7109211683273315,0.01390599925071001,0.013908103108406067,0.013915843330323696,0.013906332664191723,0.013914091512560844,0.20562852919101715
"DM-9383",False,"train",0.0,0.0,0.0,0.0,0.0,0.9916402101516724,0.0,0.0
"DM-17752",False,"train",0.0,0.10677977651357651,0.0,0.8813688158988953,0.0,0.0,0.0,0.0
"DM-1404",False,"train",0.0,0.5165353417396545,0.0,0.46710965037345886,0.0,0.0,0.0,0.0
"DM-15319",True,"train",0.020863540470600128,0.02087429352104664,0.020859183743596077,0.02085311897099018,0.21761447191238403,0.020853569731116295,0.6572191119194031,0.020862679928541183
"DM-5803",False,"train",0.010570277459919453,0.7131815552711487,0.010565546341240406,0.010568524710834026,0.010571739636361599,0.010571455582976341,0.22338980436325073,0.010581067763268948
"DM-12108",False,"train",0.0,0.0,0.0,0.0,0.0,0.6311352849006653,0.3453842103481293,0.0
"DM-15452",False,"train",0.0,0.0,0.0,0.7735995650291443,0.0,0.18716436624526978,0.0,0.0
"DM-13670",False,"train",0.0,0.0,0.34811127185821533,0.3137303292751312,0.20874525606632233,0.11767032742500305,0.0,0.0
"DM-8166",False,"train",0.018433963879942894,0.01844158209860325,0.018425364047288895,0.018434885889291763,0.018447862938046455,0.01843389868736267,0.018430117517709732,0.870952308177948
"DM-10886",False,"train",0.019825821742415428,0.0198100283741951,0.019814232364296913,0.8612852096557617,0.019827935844659805,0.019818197935819626,0.019807809963822365,0.01981072686612606
"DM-13781",True,"train",0.0,0.0,0.0,0.0,0.0,0.22452552616596222,0.0,0.7612639665603638
"DM-7419",False,"train",0.3968784213066101,0.014001527801156044,0.014002733863890171,0.014009439386427402,0.5190761685371399,0.014014209620654583,0.014005439355969429,0.014012062922120094
"DM-11025",False,"train",0.13144400715827942,0.2784319221973419,0.0,0.0,0.0,0.5566241145133972,0.0,0.0
"DM-10532",False,"train",0.14534655213356018,0.0,0.0,0.053788453340530396,0.0,0.7883554697036743,0.0,0.0
"DM-7902",False,"train",0.0,0.0,0.0,0.9644933342933655,0.0,0.0,0.0,0.0
"DM-12371",True,"train",0.04535578563809395,0.204196959733963,0.08517007529735565,0.0,0.6378616094589233,0.0,0.0,0.0
"DM-2201",True,"train",0.011246815323829651,0.35943424701690674,0.011260734871029854,0.011259720660746098,0.01126315351575613,0.01126218680292368,0.011250592768192291,0.5730225443840027
"DM-1529",False,"train",0.0,0.7554112076759338,0.0,0.0,0.19950224459171295,0.03572847694158554,0.0,0.0
"DM-5792",True,"train",0.04756662994623184,0.04756736755371094,0.04756659269332886,0.04757048562169075,0.04758872836828232,0.6670005917549133,0.04757055640220642,0.047569070011377335
"DM-8808",False,"train",0.0,0.0,0.0,0.38698050379753113,0.0,0.5803650617599487,0.0,0.0
"DM-5674",False,"train",0.0,0.06296835839748383,0.13846957683563232,0.0,0.7734522819519043,0.0,0.0,0.0
"DM-2552",False,"train",0.0,0.994704008102417,0.0,0.0,0.0,0.0,0.0,0.0
"DM-10233",False,"train",0.0,0.0,0.953858494758606,0.0,0.0,0.0,0.0,0.0
"DM-5835",False,"train",0.0,0.948259174823761,0.0,0.0,0.0,0.0,0.0,0.0
"DM-3143",False,"train",0.0,0.0,0.0,0.703515887260437,0.0,0.27705705165863037,0.0,0.0
"DM-6383",False,"train",0.0,0.030665772035717964,0.0,0.6602805256843567,0.0,0.2956399619579315,0.0,0.0
"DM-13753",True,"train",0.0,0.0,0.0,0.0,0.0,0.9549848437309265,0.0,0.0
"DM-15569",False,"train",0.0,0.0,0.0,0.47771865129470825,0.0,0.4997796416282654,0.0,0.0
"DM-17605",True,"train",0.0,0.0,0.0,0.08103838562965393,0.0,0.9047870635986328,0.0,0.0
"DM-9089",False,"train",0.0,0.03991119936108589,0.0,0.1268676072359085,0.3300619423389435,0.3460615873336792,0.1469963937997818,0.0
"DM-827",False,"train",0.9851431250572205,0.0,0.0,0.0,0.0,0.0,0.0,0.0
"DM-8175",False,"train",0.0,0.0,0.0,0.9784719944000244,0.0,0.0,0.0,0.0
"DM-17764",False,"train",0.0,0.9717209935188293,0.0,0.0,0.0,0.0,0.0,0.0
"DM-3139",False,"train",0.011926703155040741,0.01192124281078577,0.011926373466849327,0.9165191650390625,0.011929680593311787,0.011926169507205486,0.01192523818463087,0.01192544773221016
"DM-11528",False,"train",0.0,0.817870020866394,0.0,0.0,0.0,0.0,0.0,0.14633068442344666
"DM-4843",False,"train",0.0,0.0,0.0,0.0,0.0,0.9574791193008423,0.0,0.0
"DM-1294",False,"train",0.0,0.0,0.0,0.0,0.0,0.9626863598823547,0.0,0.0
"DM-11804",False,"train",0.3141483962535858,0.5994182229042053,0.014396567828953266,0.014418824575841427,0.01440512202680111,0.014405755326151848,0.014397729188203812,0.01440938375890255
"DM-463",False,"train",0.10911797732114792,0.0,0.0,0.0,0.8563961386680603,0.0,0.0,0.0
"DM-14260",False,"train",0.0,0.5425454378128052,0.0,0.0,0.0,0.4233037531375885,0.0,0.0
"DM-6815",False,"train",0.0,0.0,0.0,0.5358222723007202,0.05848391354084015,0.353887677192688,0.0,0.046197570860385895
"DM-5289",False,"train",0.0,0.0,0.012050250545144081,0.8722630739212036,0.08461634069681168,0.0,0.0,0.027072325348854065
"DM-10615",True,"train",0.0,0.0,0.0,0.6726121306419373,0.0,0.3118506669998169,0.0,0.0
"DM-7448",False,"train",0.0,0.0,0.501501202583313,0.0,0.47762325406074524,0.0,0.0,0.0
"DM-7453",False,"train",0.0,0.0,0.0,0.0,0.0,0.9532280564308167,0.0,0.0
"DM-1311",False,"train",0.0,0.46549707651138306,0.117441326379776,0.0,0.0,0.3884871006011963,0.0,0.0
"DM-17720",True,"train",0.34760257601737976,0.0,0.0,0.0,0.17752109467983246,0.0,0.0,0.4599171578884125
"DM-2630",False,"train",0.020100172609090805,0.4059988260269165,0.0,0.0,0.26029881834983826,0.295154869556427,0.015201876871287823,0.0
"DM-14874",True,"train",0.0,0.0,0.0,0.0,0.0,0.6575916409492493,0.3220745623111725,0.0
"DM-16468",False,"train",0.0,0.0,0.0,0.14381654560565948,0.3878661096096039,0.4570816159248352,0.0,0.0
"DM-7827",False,"train",0.0,0.0,0.0,0.12349625676870346,0.0,0.0,0.0,0.8458490967750549
"DM-3243",False,"train",0.0,0.0,0.0,0.127711221575737,0.0,0.0,0.8454524278640747,0.0
"DM-625",True,"train",0.0,0.0,0.8603612780570984,0.13668222725391388,0.0,0.0,0.0,0.0
"DM-7991",True,"train",0.0,0.0,0.020980939269065857,0.31752485036849976,0.10777918249368668,0.11616620421409607,0.1714383363723755,0.26308953762054443
"DM-9173",False,"train",0.01401897519826889,0.014020002447068691,0.014022912830114365,0.014024435542523861,0.22842524945735931,0.6874499917030334,0.014017959125339985,0.014020522125065327
"DM-9440",False,"train",0.2768456041812897,0.011515120044350624,0.011511757038533688,0.011514808051288128,0.011520568281412125,0.4965185225009918,0.01150902546942234,0.16906456649303436
"DM-9957",True,"train",0.0,0.0,0.0,0.0,0.6827877163887024,0.0,0.2930830717086792,0.0
"DM-10275",False,"train",0.0,0.0,0.0,0.0,0.5630654692649841,0.39862528443336487,0.0,0.0
"DM-10138",True,"train",0.0,0.0,0.0,0.0,0.9562245607376099,0.0,0.0,0.0
"DM-14516",False,"train",0.0,0.0,0.17264191806316376,0.0,0.0,0.7918660044670105,0.0,0.0
"DM-9282",True,"train",0.0,0.0,0.0,0.17056438326835632,0.0,0.0,0.0,0.8128980994224548
"DM-11407",False,"train",0.0,0.0,0.0,0.0,0.9300382137298584,0.0,0.0,0.051505230367183685
"DM-3619",False,"train",0.011411987245082855,0.4000822901725769,0.011418169364333153,0.12376531213521957,0.011415462009608746,0.011421839706599712,0.4190737009048462,0.011411224491894245
"DM-15157",False,"train",0.0,0.0,0.0,0.0,0.0,0.08058514446020126,0.0,0.9030821323394775
"DM-13546",False,"train",0.0,0.0,0.0,0.0,0.0,0.9840409159660339,0.0,0.0
"DM-4882",True,"train",0.0,0.0,0.0,0.16361409425735474,0.8171907663345337,0.0,0.0,0.0
"DM-14161",False,"train",0.0,0.0,0.0,0.0,0.0,0.936176061630249,0.0,0.0
"DM-16049",False,"train",0.01397499069571495,0.01397638488560915,0.013973277062177658,0.9021405577659607,0.013995194807648659,0.013988586142659187,0.013972710818052292,0.013978238217532635
"DM-14103",False,"train",0.0,0.0,0.0,0.38090837001800537,0.3272656202316284,0.0,0.0,0.27508360147476196
"DM-6989",True,"train",0.0,0.8265272378921509,0.1546718329191208,0.0,0.0,0.0,0.0,0.0
"DM-11405",False,"train",0.0,0.0,0.0,0.0,0.0,0.24718275666236877,0.0,0.7352832555770874
"DM-7519",False,"train",0.0,0.0,0.0,0.9763208627700806,0.0,0.0,0.0,0.0
"DM-16418",False,"train",0.0,0.0,0.0,0.0,0.0,0.0,0.9374269843101501,0.0
"DM-10237",False,"train",0.0,0.0,0.0,0.0,0.4969789981842041,0.45697832107543945,0.0,0.0
"DM-12068",False,"train",0.0,0.0,0.0,0.3516950309276581,0.6039621829986572,0.0,0.0,0.0
"DM-3491",False,"train",0.0,0.0,0.0,0.0,0.22815971076488495,0.0,0.0,0.7322651743888855
"DM-1471",False,"train",0.0,0.0,0.0,0.09845743328332901,0.0,0.0,0.0,0.8812414407730103
"DM-7147",False,"train",0.0,0.0,0.0,0.8092969059944153,0.0,0.18696582317352295,0.0,0.0
"DM-14162",True,"train",0.07064907252788544,0.032682355493307114,0.4553946256637573,0.0882728174328804,0.3475658893585205,0.0,0.0,0.0
"DM-11592",False,"train",0.0,0.0,0.0,0.0,0.9778900146484375,0.0,0.0,0.0
"DM-8750",True,"train",0.0,0.0,0.0,0.19992558658123016,0.37726935744285583,0.0,0.4107484817504883,0.0
"DM-6147",False,"train",0.0,0.0,0.0,0.9762542843818665,0.0,0.0,0.0,0.0
"DM-1533",True,"train",0.016944488510489464,0.01692022569477558,0.016895495355129242,0.01691381260752678,0.8815680146217346,0.016928700730204582,0.01689896546304226,0.016930298879742622
"DM-10765",True,"train",0.010441450402140617,0.010438823141157627,0.010444513522088528,0.010449792258441448,0.010461442172527313,0.010451806709170341,0.6083478927612305,0.3289642930030823
"DM-3902",False,"train",0.020840078592300415,0.19311600923538208,0.0208634901791811,0.020846327766776085,0.020842693746089935,0.02084014005959034,0.681803822517395,0.020847436040639877
"DM-14997",True,"train",0.0,0.2467934638261795,0.0,0.0,0.7452903985977173,0.0,0.0,0.0
"DM-5014",False,"train",0.0,0.0,0.0,0.2981429994106293,0.0,0.1130492240190506,0.0,0.573303759098053
"DM-10922",False,"train",0.012506792321801186,0.012503623962402344,0.012507548555731773,0.012507692910730839,0.012508011423051357,0.01251232624053955,0.012504346668720245,0.9124496579170227
"DM-2837",False,"train",0.0,0.0,0.0,0.8672535419464111,0.11671826988458633,0.0,0.0,0.0
"DM-5966",False,"train",0.6724441051483154,0.07176308333873749,0.0,0.0,0.0,0.0,0.0,0.23064233362674713
"DM-9520",False,"train",0.0,0.0,0.0,0.4782218635082245,0.48457619547843933,0.0,0.0,0.0
"DM-14628",False,"train",0.0,0.9203972816467285,0.0,0.061279796063899994,0.0,0.0,0.0,0.0
"DM-17371",False,"train",0.0,0.6868240237236023,0.0,0.0,0.0,0.29138892889022827,0.0,0.0
"DM-7824",False,"train",0.0,0.0,0.0,0.0,0.0,0.9662772417068481,0.0,0.0
"DM-5038",True,"train",0.01805313117802143,0.018028829246759415,0.018040940165519714,0.018031787127256393,0.8736810088157654,0.018046874552965164,0.01808961108326912,0.018027789890766144
"DM-3380",True,"train",0.0,0.0,0.0,0.44743654131889343,0.37964823842048645,0.0,0.15420153737068176,0.0
"DM-7012",False,"train",0.0956188514828682,0.4285805821418762,0.0,0.0,0.4344910979270935,0.0,0.0,0.0
"DM-5548",False,"train",0.0,0.0,0.07530336827039719,0.0,0.3435039222240448,0.5629110336303711,0.0,0.0
"DM-17824",False,"train",0.011350786313414574,0.011356468312442303,0.31707143783569336,0.011351976543664932,0.01136061642318964,0.6147987842559814,0.011354000307619572,0.011355911381542683
"DM-14110",False,"train",0.13835352659225464,0.2090548872947693,0.014978941529989243,0.014987477101385593,0.014984359964728355,0.5776705741882324,0.01498027890920639,0.014989960938692093
"DM-14344",False,"train",0.7804163694381714,0.0,0.0,0.0,0.0,0.0,0.0,0.19925785064697266
"DM-9239",False,"train",0.025774382054805756,0.0257576834410429,0.44278016686439514,0.02575898915529251,0.40259650349617004,0.025759611278772354,0.025798138231039047,0.025774464011192322
"DM-5837",False,"train",0.08381852507591248,0.0,0.06959592550992966,0.0,0.2663842439651489,0.1328870803117752,0.0,0.4333977699279785
"DM-17041",False,"train",0.0,0.027200371026992798,0.0,0.0,0.5067015886306763,0.4557476043701172,0.0,0.0
"DM-17337",False,"train",0.0,0.31137195229530334,0.0,0.1819266378879547,0.2541983723640442,0.1974535882472992,0.0,0.04980399087071419
"DM-8674",True,"train",0.0,0.0,0.0,0.9372462034225464,0.0,0.0,0.0,0.0
"DM-14334",True,"train",0.5232846736907959,0.02946719154715538,0.2997640073299408,0.029484810307621956,0.02953617461025715,0.029484126716852188,0.029474493116140366,0.029504552483558655
"DM-4731",False,"train",0.0,0.0,0.0,0.4508923292160034,0.0,0.2586040496826172,0.0,0.27364304661750793
"DM-5551",False,"train",0.025025703012943268,0.025020930916070938,0.8246406316757202,0.025044435635209084,0.02508380450308323,0.025054190307855606,0.02509511634707451,0.025035133585333824
"DM-5923",False,"train",0.0,0.0,0.0,0.8989754319190979,0.0,0.0,0.0,0.0743352547287941
"DM-5162",False,"train",0.0,0.0,0.0,0.2785051465034485,0.6337770819664001,0.0,0.0,0.07115888595581055
"DM-15795",False,"train",0.04210669547319412,0.042106740176677704,0.042106691747903824,0.7051323056221008,0.04222735017538071,0.04210667684674263,0.042106807231903076,0.04210672155022621
"DM-1022",True,"train",0.17612981796264648,0.15804006159305573,0.5024397373199463,0.035483468323946,0.12521491944789886,0.0,0.0,0.0
"DM-14814",False,"train",0.055147841572761536,0.0,0.0,0.5450577735900879,0.0,0.0,0.0,0.390954852104187
"DM-13557",False,"train",0.0,0.0,0.0,0.0913747102022171,0.0,0.4209901690483093,0.2696363925933838,0.19757308065891266
"DM-12918",True,"train",0.0,0.0,0.0,0.9618841409683228,0.0,0.0,0.0,0.0
"DM-5320",False,"train",0.0,0.0,0.0,0.0,0.8320770263671875,0.0,0.0,0.15064957737922668
"DM-3985",False,"train",0.0,0.5578913688659668,0.0,0.0,0.36494284868240356,0.0,0.05165185034275055,0.0
"DM-2521",False,"train",0.0,0.0,0.0,0.0,0.0,0.3916964828968048,0.0,0.5616359114646912
"DM-8491",True,"train",0.0,0.0,0.0,0.4040047228336334,0.5851278305053711,0.0,0.0,0.0
"DM-1195",False,"train",0.0,0.0,0.0,0.09240508824586868,0.0,0.8735397458076477,0.0,0.0
"DM-13967",False,"train",0.2905869483947754,0.13670140504837036,0.0,0.17238427698612213,0.3910180628299713,0.0,0.0,0.0
"DM-9790",False,"train",0.0,0.0,0.0,0.6693283915519714,0.0,0.0,0.07501599937677383,0.24719175696372986
"DM-9646",False,"train",0.0,0.0,0.0,0.0,0.0,0.0,0.9582116007804871,0.0
"DM-12938",False,"train",0.0,0.0,0.0,0.0,0.443488210439682,0.5445953607559204,0.0,0.0
"DM-559",False,"train",0.36547672748565674,0.0,0.2069093883037567,0.0,0.0,0.0,0.0,0.40198642015457153
"DM-6540",False,"train",0.0,0.9443464875221252,0.0,0.0,0.0,0.0,0.0,0.0
"DM-5125",False,"train",0.6894143223762512,0.22876165807247162,0.0,0.03366432711482048,0.024726806208491325,0.021290406584739685,0.0,0.0
"DM-11732",False,"train",0.4531412422657013,0.02087041176855564,0.020860331133008003,0.020885825157165527,0.020885109901428223,0.020878255367279053,0.020847594365477562,0.42163121700286865
"DM-5361",False,"train",0.0,0.0,0.0,0.0,0.6080273389816284,0.0,0.0,0.36397385597229004
"DM-929",False,"train",0.0,0.0,0.0,0.0,0.7609554529190063,0.2111303061246872,0.0,0.0
"DM-1647",False,"train",0.0,0.7286898493766785,0.0,0.0,0.0,0.0,0.0,0.21708537638187408
"DM-5532",True,"train",0.0,0.0,0.0,0.0,0.9879906177520752,0.0,0.0,0.0
"DM-5792",True,"train",0.04756662994623184,0.04756736755371094,0.04756659269332886,0.04757048562169075,0.04758872836828232,0.6670005917549133,0.04757055640220642,0.047569070011377335
"DM-8669",False,"train",0.01578911580145359,0.015789158642292023,0.01578441634774208,0.015797024592757225,0.01580686867237091,0.015794478356838226,0.01578637957572937,0.8894525766372681
"DM-1841",False,"train",0.0,0.0,0.5611656904220581,0.06705258041620255,0.3043268322944641,0.05873507261276245,0.0,0.0
"DM-17277",False,"train",0.0,0.47753721475601196,0.0,0.0,0.0,0.4649779796600342,0.0,0.0
"DM-11556",False,"train",0.1449880748987198,0.0,0.0,0.0,0.0,0.0883917510509491,0.0,0.7535289525985718
"DM-9711",False,"train",0.0,0.0,0.0,0.8253294229507446,0.0,0.0,0.0,0.13493305444717407
"DM-836",True,"train",0.0,0.0,0.0,0.0,0.9266884922981262,0.0,0.0,0.056981101632118225
"DM-6784",False,"train",0.0,0.0,0.0,0.7867298126220703,0.0,0.18503443896770477,0.0,0.0
"DM-11677",False,"train",0.0,0.7092759013175964,0.21815669536590576,0.0,0.0,0.0,0.0,0.04823550581932068
"DM-9134",False,"train",0.0,0.0,0.0,0.0,0.0,0.9508964419364929,0.0,0.0
"DM-13693",False,"train",0.0,0.0,0.0,0.6348258256912231,0.0,0.0,0.16830158233642578,0.17005105316638947
"DM-8336",False,"train",0.0,0.0,0.0,0.0,0.9717322587966919,0.0,0.0,0.0
"DM-10288",False,"train",0.0,0.0,0.10171318054199219,0.3723359704017639,0.0,0.0,0.4768056273460388,0.0
"DM-2141",False,"train",0.0,0.0,0.0,0.0,0.9601477384567261,0.0,0.0,0.0
"DM-13809",False,"train",0.0,0.0,0.0,0.9581420421600342,0.0,0.0,0.0,0.0
"DM-6134",False,"train",0.01042994949966669,0.010437637567520142,0.010431662201881409,0.010443304665386677,0.010450450703501701,0.010453133843839169,0.010453050024807453,0.9269008040428162
"DM-10359",True,"train",0.0,0.0,0.0,0.0,0.9416216015815735,0.0,0.0,0.0
"DM-3938",True,"train",0.05904237553477287,0.05905570089817047,0.05902748182415962,0.05902520939707756,0.059045154601335526,0.5866703987121582,0.05905681848526001,0.059076860547065735
"DM-3983",False,"train",0.0,0.0,0.0,0.0,0.9840348362922668,0.0,0.0,0.0
"DM-10366",False,"train",0.0,0.0,0.0,0.0,0.9126977920532227,0.0,0.060842499136924744,0.0
"DM-10528",False,"train",0.012509983964264393,0.012510949745774269,0.012511895038187504,0.012511355802416801,0.012519688345491886,0.012511440552771091,0.012509244494140148,0.9124155044555664
"DM-13629",False,"train",0.0,0.41128164529800415,0.0,0.0,0.0,0.0,0.5417265892028809,0.0
"DM-14639",False,"train",0.0,0.0,0.0,0.9618573188781738,0.0,0.0,0.0,0.0
"DM-13998",False,"train",0.015681380406022072,0.4807029664516449,0.01567341946065426,0.42522451281547546,0.015688449144363403,0.0156833715736866,0.01567237079143524,0.01567351631820202
"DM-17666",False,"train",0.010426257736980915,0.010427514091134071,0.010441924445331097,0.4035446345806122,0.5338454842567444,0.0104405228048563,0.010429360903799534,0.010444290935993195
"DM-15889",False,"train",0.6726870536804199,0.0,0.0,0.0,0.0,0.293034166097641,0.0,0.0
"DM-6051",True,"train",0.0,0.0900437980890274,0.0,0.045756131410598755,0.47198599576950073,0.3826761543750763,0.0,0.0
"DM-15713",False,"train",0.0,0.0,0.0,0.9675251841545105,0.0,0.0,0.0,0.0
"DM-8978",False,"train",0.0,0.0,0.0,0.7215785980224609,0.0,0.2686118185520172,0.0,0.0
"DM-4985",True,"train",0.02503064274787903,0.02504940889775753,0.02502579428255558,0.025022799149155617,0.8246713280677795,0.02510962449014187,0.025034772232174873,0.025055639445781708
"DM-14134",False,"train",0.010438070632517338,0.010437012650072575,0.010438332334160805,0.010438799858093262,0.9269194602966309,0.010450776666402817,0.010435109958052635,0.010442415252327919
"DM-16661",False,"train",0.0,0.0,0.0,0.6182445287704468,0.0,0.0,0.0,0.3712790906429291
"DM-1626",False,"train",0.010355020873248577,0.5124274492263794,0.010362515226006508,0.010358041152358055,0.42542022466659546,0.01036272943019867,0.010358012281358242,0.01035603042691946
"DM-17677",False,"train",0.010358374565839767,0.7880291938781738,0.010358608327805996,0.010372276417911053,0.14976049959659576,0.010376829653978348,0.010363271459937096,0.010380947962403297
"DM-9506",False,"train",0.0,0.0,0.01604332961142063,0.30735501646995544,0.032410599291324615,0.6397568583488464,0.0,0.0
"DM-7858",True,"train",0.2486417144536972,0.0,0.0,0.0,0.693007230758667,0.0,0.0,0.0
"DM-3237",False,"train",0.21700574457645416,0.0,0.26315000653266907,0.10344210267066956,0.0,0.07795676589012146,0.3312852084636688,0.0
"DM-10092",False,"train",0.0,0.0,0.0,0.0,0.614678144454956,0.3685608208179474,0.0,0.0
"DM-6302",True,"train",0.0,0.0,0.0,0.9536117315292358,0.0,0.0,0.0,0.0
"DM-15909",True,"train",0.0,0.0,0.0,0.1665561944246292,0.08652859926223755,0.0,0.7289968729019165,0.0
"DM-17326",False,"train",0.0,0.560521125793457,0.15992797911167145,0.0,0.23869025707244873,0.0,0.0,0.0
"DM-15789",False,"train",0.0,0.0,0.7573429942131042,0.23628969490528107,0.0,0.0,0.0,0.0
"DM-11578",False,"train",0.0,0.0,0.0,0.0,0.0,0.9648379683494568,0.0,0.0
"DM-4565",False,"train",0.0,0.0,0.0,0.0,0.5692116618156433,0.3973913788795471,0.0,0.0
"DM-5757",False,"train",0.0,0.0,0.0,0.6317837834358215,0.0,0.3284158706665039,0.0,0.0
"DM-12802",False,"train",0.0,0.0,0.0,0.9512787461280823,0.0,0.0,0.0,0.0
"DM-2390",False,"train",0.0,0.0,0.0,0.0,0.3513985872268677,0.0,0.6108750700950623,0.0
"DM-211",True,"train",0.0,0.0,0.3969748914241791,0.0,0.5490411520004272,0.0,0.0,0.0
"DM-9258",False,"train",0.0,0.0,0.0,0.4423632025718689,0.5387908220291138,0.0,0.0,0.0
"DM-5131",False,"train",0.017887193709611893,0.01787569560110569,0.017885589972138405,0.2744961380958557,0.017888709902763367,0.017882274463772774,0.017872540280222893,0.6182118654251099
"DM-14517",False,"train",0.0,0.07355386763811111,0.0,0.7132803797721863,0.03786835819482803,0.0,0.0,0.1602514088153839
"DM-10364",False,"train",0.01402182038873434,0.013986193574965,0.014007159508764744,0.9019986391067505,0.01400798000395298,0.013988303020596504,0.013995368033647537,0.013994465582072735
"DM-7454",False,"train",0.5034567713737488,0.0,0.0,0.0,0.0,0.4664958417415619,0.0,0.0
"DM-10299",False,"train",0.0,0.0,0.0,0.28950974345207214,0.0,0.6763423681259155,0.0,0.0
"DM-5792",True,"train",0.04756662994623184,0.04756736755371094,0.04756659269332886,0.04757048562169075,0.04758872836828232,0.6670005917549133,0.04757055640220642,0.047569070011377335
"DM-11911",True,"train",0.0,0.0,0.0,0.0,0.9643639326095581,0.0,0.0,0.0
"DM-2161",False,"train",0.18990616500377655,0.4851209223270416,0.0,0.0,0.0,0.0,0.0,0.28613123297691345
"DM-930",True,"train",0.0,0.39135006070137024,0.0,0.0,0.39017432928085327,0.12935124337673187,0.0,0.08422012627124786
"DM-5317",False,"train",0.6417214870452881,0.013985802419483662,0.12983621656894684,0.013992954045534134,0.01399815734475851,0.01399699505418539,0.013978542760014534,0.15848983824253082
"DM-10925",False,"train",0.0,0.0,0.0,0.0,0.0,0.29490143060684204,0.5040488243103027,0.18582242727279663
"DM-5722",False,"train",0.014171743765473366,0.01416558027267456,0.014189083129167557,0.602414608001709,0.014176199212670326,0.3125251233577728,0.014166019856929779,0.014191587455570698
"DM-18397",False,"train",0.7093148231506348,0.09023347496986389,0.038620661944150925,0.0,0.15172764658927917,0.0,0.0,0.0
"DM-10537",False,"train",0.0217785332351923,0.021789520978927612,0.021780336275696754,0.22943486273288727,0.021776586771011353,0.021770408377051353,0.6399000287055969,0.021769728511571884
"DM-11932",False,"train",0.011044965125620365,0.18530678749084473,0.011043867096304893,0.011055249720811844,0.7483921647071838,0.011052742600440979,0.011050930246710777,0.011053287424147129
"DM-8076",False,"train",0.3314628303050995,0.0,0.0,0.32326704263687134,0.3063543736934662,0.034706030040979385,0.0,0.0
"DM-7225",False,"train",0.0,0.0,0.0,0.696890652179718,0.0,0.0,0.0,0.27963992953300476
"DM-17642",False,"train",0.0889413058757782,0.0,0.0,0.0,0.0,0.8747307062149048,0.0,0.0
"DM-3779",False,"train",0.0,0.0,0.3546794652938843,0.0,0.22879430651664734,0.0,0.0,0.39490267634391785
"DM-14325",False,"train",0.0,0.0,0.0,0.34661734104156494,0.0,0.6308953762054443,0.0,0.0
"DM-1997",False,"train",0.0,0.0,0.0,0.0,0.41263145208358765,0.0,0.0,0.5641500353813171
"DM-7136",False,"train",0.0,0.0,0.0,0.1540881097316742,0.0,0.0,0.0,0.8114733099937439
"DM-12430",False,"train",0.0,0.0,0.0,0.0591135248541832,0.7599944472312927,0.0,0.16557636857032776,0.0
"DM-13416",False,"train",0.0,0.0,0.15661053359508514,0.26213890314102173,0.31885573267936707,0.24825966358184814,0.0,0.0
"DM-18839",False,"train",0.0,0.0,0.2650742530822754,0.2583889067173004,0.4662076234817505,0.0,0.0,0.0
"DM-16469",False,"train",0.0,0.20554791390895844,0.0,0.0,0.10344559699296951,0.0,0.6670787930488586,0.0
"DM-10398",False,"train",0.0,0.0,0.0,0.0,0.4966829717159271,0.0,0.10314350575208664,0.36820852756500244
"DM-6630",True,"train",0.0,0.0,0.0,0.0,0.5525368452072144,0.0,0.0,0.40329983830451965
"DM-9435",False,"train",0.022002607583999634,0.0,0.07792408019304276,0.7966932654380798,0.09659256786108017,0.0,0.0,0.0
"DM-4043",False,"train",0.0,0.0,0.07404517382383347,0.0,0.23916715383529663,0.5117824673652649,0.0,0.16901852190494537
"DM-7444",False,"train",0.0,0.0,0.0,0.057435646653175354,0.30153191089630127,0.6322497129440308,0.0,0.0
"DM-16418",False,"train",0.0,0.0,0.0,0.0,0.0,0.0,0.9374269843101501,0.0
"DM-3800",True,"train",0.0,0.14622481167316437,0.0,0.09346971660852432,0.7515599727630615,0.0,0.0,0.0
"DM-3800",True,"train",0.0,0.14622481167316437,0.0,0.09346971660852432,0.7515599727630615,0.0,0.0,0.0
"DM-16286",False,"train",0.03976806625723839,0.319377064704895,0.0,0.0,0.48755112290382385,0.0,0.0,0.14302124083042145
"DM-6261",True,"train",0.0,0.0,0.0,0.7982890605926514,0.15439358353614807,0.0,0.0,0.0
"DM-1076",False,"train",0.0,0.0,0.0,0.0,0.0,0.0,0.0,0.9582654237747192
"DM-14466",True,"train",0.8032480478286743,0.0,0.0,0.0,0.18137209117412567,0.0,0.0,0.0
"DM-9790",False,"train",0.0,0.0,0.0,0.6693283915519714,0.0,0.0,0.07501599937677383,0.24719175696372986
"DM-10231",False,"train",0.0,0.0,0.6898266077041626,0.0601976215839386,0.0,0.0,0.0,0.24150533974170685
"DM-3612",True,"train",0.0,0.0,0.12427748739719391,0.0,0.8315449357032776,0.0,0.0,0.0
"DM-7547",False,"train",0.0,0.0,0.0,0.0,0.0,0.17636722326278687,0.0,0.7965090870857239
"DM-12425",True,"train",0.0,0.0,0.0,0.0,0.9680083394050598,0.0,0.0,0.0
"DM-5936",False,"train",0.0,0.6834772825241089,0.0,0.2969157099723816,0.0,0.0,0.0,0.0
"DM-16844",False,"train",0.0,0.0,0.0,0.3879176378250122,0.0,0.5815807580947876,0.0,0.0
"DM-16867",True,"train",0.0,0.0,0.0,0.0,0.45093992352485657,0.0,0.4905998110771179,0.0
"DM-5697",False,"train",0.0,0.0,0.0,0.9809374809265137,0.0,0.0,0.0,0.0
"DM-18576",False,"train",0.0,0.0,0.3059796392917633,0.6707600355148315,0.0,0.0,0.0,0.0
"DM-18728",False,"train",0.0,0.17102952301502228,0.0,0.0,0.44598227739334106,0.3722241520881653,0.0,0.0
"DM-8460",True,"train",0.025008738040924072,0.02500707283616066,0.025018882006406784,0.8248584866523743,0.025067830458283424,0.025013484060764313,0.02500658854842186,0.025018885731697083
"DM-12132",False,"train",0.0,0.0,0.08418476581573486,0.0,0.8973875641822815,0.0,0.0,0.0
"DM-15369",False,"train",0.23010531067848206,0.06544705480337143,0.0794363021850586,0.0,0.6165612936019897,0.0,0.0,0.0
"DM-10819",False,"train",0.0,0.0,0.0,0.0,0.7903381586074829,0.0,0.0,0.1900315135717392
"DM-3438",False,"train",0.09408179670572281,0.0,0.0,0.0,0.8927397131919861,0.0,0.0,0.0
"DM-10398",False,"train",0.0,0.0,0.0,0.0,0.4966829717159271,0.0,0.10314350575208664,0.36820852756500244
"DM-5310",True,"train",0.31620147824287415,0.0,0.0,0.0,0.44072699546813965,0.0,0.20604301989078522,0.0
"DM-2511",False,"train",0.0,0.0,0.0,0.34813857078552246,0.33845385909080505,0.0,0.0,0.2820877134799957
"DM-3637",False,"train",0.0,0.0,0.0,0.0,0.48167872428894043,0.4841637909412384,0.0,0.0
"DM-13250",False,"train",0.0,0.0,0.3341447710990906,0.0,0.1905750185251236,0.0,0.0,0.4335269629955292
"DM-9644",False,"train",0.0,0.0,0.0,0.0,0.43662554025650024,0.544665515422821,0.0,0.0
"DM-13807",False,"train",0.38984760642051697,0.0,0.0,0.0,0.559882402420044,0.0,0.0,0.0
"DM-9701",False,"train",0.0,0.0,0.0,0.9412400126457214,0.0,0.0,0.0,0.0
"DM-8056",False,"train",0.0,0.0,0.0,0.0,0.9362173080444336,0.0,0.0,0.0
"DM-2425",False,"train",0.0,0.028310485184192657,0.5722231268882751,0.05676788464188576,0.33269569277763367,0.0,0.0,0.0
"DM-7538",False,"train",0.0,0.0,0.19130128622055054,0.5498902201652527,0.2462431788444519,0.0,0.0,0.0
"DM-16416",False,"train",0.9796178340911865,0.0,0.0,0.0,0.0,0.0,0.0,0.0
"DM-9249",False,"train",0.0,0.0,0.3734092116355896,0.0,0.6085929870605469,0.0,0.0,0.0
"DM-7332",False,"train",0.0,0.9414500594139099,0.0,0.0,0.0,0.0,0.0,0.0
"DM-10220",False,"train",0.0,0.10664509981870651,0.15654578804969788,0.21317961812019348,0.0,0.0,0.0,0.5170695185661316
"DM-7208",False,"train",0.0,0.0,0.9370869994163513,0.0,0.0,0.0,0.0,0.0
"DM-11305",False,"train",0.014006085693836212,0.014001243747770786,0.014001622796058655,0.014013863168656826,0.014016589149832726,0.5268934965133667,0.013998759910464287,0.38906827569007874
"DM-10542",False,"train",0.07527871429920197,0.0,0.16744807362556458,0.05447912588715553,0.0,0.6838222146034241,0.0,0.0
"DM-7576",False,"train",0.0,0.0,0.0,0.24698610603809357,0.0,0.2940512001514435,0.43493831157684326,0.0
"DM-17985",False,"train",0.0,0.0,0.0,0.0,0.0,0.0,0.0,0.9512915015220642
"DM-14648",False,"train",0.0,0.0,0.0,0.0,0.0,0.0,0.0,0.9675328731536865
"DM-8084",False,"train",0.8804985880851746,0.0,0.11691660434007645,0.0,0.0,0.0,0.0,0.0
"DM-10799",False,"train",0.0,0.0,0.9512155055999756,0.0,0.0,0.0,0.0,0.0
"DM-13581",True,"train",0.0,0.9512839317321777,0.0,0.0,0.0,0.0,0.0,0.0
"DM-9490",False,"train",0.0,0.0,0.0,0.718165397644043,0.25760823488235474,0.0,0.0,0.0
"DM-16867",True,"train",0.0,0.0,0.0,0.0,0.45093992352485657,0.0,0.4905998110771179,0.0
"DM-8359",False,"train",0.19798165559768677,0.013906643725931644,0.013912483118474483,0.013907833024859428,0.7185444235801697,0.01391319278627634,0.01390724815428257,0.013926521874964237
"DM-17323",False,"train",0.0,0.1016017273068428,0.0,0.10315165668725967,0.3537825345993042,0.27432781457901,0.16459773480892181,0.0
"DM-4936",False,"train",0.2854001522064209,0.0,0.3179660141468048,0.3750896453857422,0.0,0.0,0.0,0.0
"DM-13331",False,"train",0.0,0.0,0.0,0.37168073654174805,0.5945019721984863,0.0,0.0,0.0
"DM-10886",False,"train",0.019825821742415428,0.0198100283741951,0.019814232364296913,0.8612852096557617,0.019827935844659805,0.019818197935819626,0.019807809963822365,0.01981072686612606
"DM-18456",False,"train",0.0,0.0,0.0,0.0,0.6257569789886475,0.0,0.0,0.33443567156791687
"DM-11604",False,"train",0.0,0.0,0.0,0.0,0.0,0.6491318345069885,0.0,0.3127433657646179
"DM-13513",True,"train",0.0,0.2869264483451843,0.34063705801963806,0.0,0.3305876553058624,0.0,0.0,0.0
"DM-1332",False,"train",0.0,0.0,0.07907915115356445,0.0,0.9107679128646851,0.0,0.0,0.0
"DM-10825",True,"train",0.0,0.1065148264169693,0.0,0.4733370244503021,0.0,0.26301172375679016,0.13582783937454224,0.0
"DM-14732",False,"train",0.0,0.0,0.3696330487728119,0.6010273694992065,0.0,0.0,0.0,0.0
"DM-5132",False,"train",0.6182581782341003,0.1370754837989807,0.0,0.2409241497516632,0.0,0.0,0.0,0.0
"DM-6968",False,"train",0.0,0.0,0.0,0.20651839673519135,0.22370168566703796,0.5632398724555969,0.0,0.0
"DM-8119",False,"train",0.0,0.41270220279693604,0.058371059596538544,0.2089870423078537,0.0,0.26588115096092224,0.04907743260264397,0.0
"DM-15615",False,"train",0.27153196930885315,0.0,0.7113822102546692,0.0,0.0,0.0,0.0,0.0
"DM-13055",False,"train",0.0,0.0,0.0,0.0,0.3392253816127777,0.0,0.6375834941864014,0.0
"DM-1328",False,"train",0.0,0.0,0.0,0.0,0.0,0.9634398221969604,0.0,0.0
"DM-4694",False,"train",0.023213423788547516,0.02321281097829342,0.023225029930472374,0.0232225488871336,0.5037203431129456,0.0233006589114666,0.35689398646354675,0.02321118675172329
"DM-5543",False,"train",0.02501104772090912,0.025005778297781944,0.8248724341392517,0.025018826127052307,0.025024861097335815,0.025017475709319115,0.02503693848848343,0.025012703612446785
"DM-4835",True,"train",0.0,0.18122290074825287,0.0,0.0,0.35139548778533936,0.44782307744026184,0.0,0.0
"DM-2175",False,"train",0.0,0.3326173424720764,0.0,0.0,0.30142587423324585,0.34623441100120544,0.0,0.0
"DM-5247",False,"train",0.0,0.0,0.9670879244804382,0.029371431097388268,0.0,0.0,0.0,0.0
"DM-12705",False,"train",0.0,0.3664394021034241,0.0,0.19253458082675934,0.2867618203163147,0.0,0.0,0.14103083312511444
"DM-9346",False,"train",0.0,0.0,0.0,0.25837162137031555,0.08322138339281082,0.25935816764831543,0.0,0.3843284249305725
"DM-7106",False,"train",0.0,0.4770964980125427,0.0,0.0,0.22071893513202667,0.0,0.0,0.2680082619190216
"DM-3540",False,"train",0.0,0.0,0.43714001774787903,0.2588697373867035,0.29667872190475464,0.0,0.0,0.0
"DM-993",False,"train",0.0,0.4686315357685089,0.0,0.4403474032878876,0.0,0.07932130992412567,0.0,0.0
"DM-16822",False,"train",0.0,0.2717936933040619,0.019081560894846916,0.4429280459880829,0.0,0.017016293480992317,0.0,0.24410860240459442
"DM-11620",True,"train",0.05408401042222977,0.4084892272949219,0.04709979146718979,0.37326952815055847,0.0,0.0,0.10725477337837219,0.0
"DM-12029",False,"train",0.0,0.0,0.0,0.25088196992874146,0.0,0.3658376932144165,0.0,0.3755760192871094
"DM-14786",False,"train",0.0,0.1275079846382141,0.0,0.3442203402519226,0.5050536394119263,0.0,0.0,0.0
"DM-18131",False,"train",0.0,0.0,0.0,0.0,0.2995685636997223,0.6152246594429016,0.0,0.07825411111116409
"DM-12761",False,"train",0.0,0.0,0.0,0.49674442410469055,0.3005354404449463,0.0,0.18361796438694,0.0
"DM-3112",False,"train",0.0,0.0,0.9751014709472656,0.0,0.0,0.01335737481713295,0.0,0.0
"DM-6437",False,"train",0.9538043141365051,0.0,0.0,0.0,0.0,0.0,0.0,0.0
"DM-9616",False,"train",0.0,0.0,0.0,0.48355814814567566,0.46276846528053284,0.0,0.0,0.0
"DM-278",False,"train",0.5974372625350952,0.2165568619966507,0.14929364621639252,0.0,0.0,0.0,0.0,0.0
"DM-5701",True,"train",0.0,0.0,0.0,0.07201316207647324,0.4890884757041931,0.43001967668533325,0.0,0.0
"DM-5357",False,"train",0.010464455932378769,0.01047180313616991,0.010472163558006287,0.01047127041965723,0.926727294921875,0.010467820800840855,0.010463706217706203,0.010461485013365746
"DM-8533",False,"train",0.0,0.0,0.0,0.23155558109283447,0.2222917377948761,0.0,0.5308645963668823,0.0
"DM-14390",False,"train",0.01565719209611416,0.8903273344039917,0.015657532960176468,0.015676898881793022,0.015672700479626656,0.01567027159035206,0.015657786279916763,0.015680305659770966
"DM-10360",False,"train",0.0,0.0,0.0,0.0,0.16053898632526398,0.0,0.0,0.8065425157546997
"DM-5086",False,"train",0.0,0.0,0.0,0.0,0.19155074656009674,0.7509316802024841,0.0,0.0
"DM-10401",False,"train",0.0,0.0,0.16724994778633118,0.5586565136909485,0.0,0.2653859257698059,0.0,0.0
"DM-1614",False,"train",0.0,0.0,0.0,0.0,0.5406852960586548,0.18276797235012054,0.2421686351299286,0.0
"DM-5162",False,"train",0.0,0.0,0.0,0.2785051465034485,0.6337770819664001,0.0,0.0,0.07115888595581055
"DM-8759",True,"train",0.0,0.0,0.0,0.9618402123451233,0.0,0.0,0.0,0.0
"DM-15373",False,"train",0.03126460313796997,0.5281596183776855,0.03126208856701851,0.03132149204611778,0.031261369585990906,0.28420302271842957,0.031270235776901245,0.03125761076807976
"DM-15152",False,"train",0.0,0.0,0.0,0.0,0.0,0.9904679656028748,0.0,0.0
"DM-15355",False,"train",0.0,0.49894630908966064,0.49230560660362244,0.0,0.0,0.0,0.0,0.0
"DM-16274",False,"train",0.0,0.0,0.0,0.418535053730011,0.5372219681739807,0.0,0.0,0.0
"DM-6349",False,"train",0.0,0.0,0.0,0.3724951446056366,0.23111164569854736,0.0,0.0,0.37915533781051636
"DM-8674",True,"train",0.0,0.0,0.0,0.9372462034225464,0.0,0.0,0.0,0.0
"DM-8277",False,"train",0.012200392782688141,0.012183044105768204,0.012183687649667263,0.1594516634941101,0.20294898748397827,0.5766578912734985,0.012192770838737488,0.012181524187326431
"DM-15178",True,"train",0.0,0.0,0.10312683135271072,0.2720808684825897,0.030431928113102913,0.47306469082832336,0.0,0.11627890169620514
"DM-15349",False,"train",0.0,0.0,0.0,0.0,0.09521353244781494,0.0,0.8574884533882141,0.0
"DM-5584",False,"train",0.0,0.0,0.0,0.0,0.0,0.9611137509346008,0.0,0.0
"DM-2797",True,"train",0.0,0.0,0.0,0.6060795783996582,0.36858946084976196,0.0,0.0,0.0
"DM-14757",False,"train",0.0,0.050327643752098083,0.16284415125846863,0.0,0.2667551040649414,0.5065799355506897,0.0,0.0
"DM-3678",True,"train",0.0,0.0,0.0,0.2747689187526703,0.1755319982767105,0.0,0.5411387085914612,0.0
"DM-12420",True,"train",0.0,0.0,0.08511266857385635,0.7287133932113647,0.0,0.0,0.0,0.15318603813648224
"DM-8453",False,"train",0.02500884421169758,0.02500905841588974,0.025006495416164398,0.824927806854248,0.025022214278578758,0.025011204183101654,0.025003977119922638,0.0250103697180748
"DM-5192",True,"train",0.5468559861183167,0.020849408581852913,0.020847056061029434,0.020851319655776024,0.3279877305030823,0.020872633904218674,0.020850801840424538,0.020885039120912552
"DM-3199",False,"train",0.0,0.1100599393248558,0.0,0.0,0.8670156002044678,0.0,0.0,0.0
"DM-8694",False,"train",0.0,0.0,0.0,0.0,0.6013545393943787,0.38567519187927246,0.0,0.0
"DM-7677",False,"train",0.0,0.0,0.0,0.18240255117416382,0.26259341835975647,0.5465483665466309,0.0,0.0
"DM-14812",False,"train",0.425670862197876,0.0,0.0,0.0,0.0,0.0,0.0,0.544043242931366
"DM-18128",False,"train",0.0,0.0,0.0,0.0,0.0,0.36246368288993835,0.0,0.6137835383415222
"DM-9199",False,"train",0.03132951259613037,0.031293850392103195,0.7808857560157776,0.0312938392162323,0.03131233528256416,0.031294334679841995,0.03129555657505989,0.031294822692871094
"DM-8827",False,"train",0.0,0.0,0.0,0.19520539045333862,0.7862204909324646,0.0,0.0,0.0
"DM-3387",False,"train",0.0,0.7135829329490662,0.0,0.2573513686656952,0.0,0.0,0.0,0.0
"DM-1282",False,"train",0.0,0.0,0.0,0.0,0.4548339247703552,0.0,0.0,0.49362707138061523
"DM-3697",False,"train",0.0,0.6003521084785461,0.0,0.0,0.37105366587638855,0.0,0.0,0.0
"DM-16151",False,"train",0.0,0.13681697845458984,0.0,0.0,0.4230993986129761,0.0,0.0,0.4251318573951721
"DM-17474",True,"train",0.02533070743083954,0.025332793593406677,0.025328991934657097,0.8226795792579651,0.025338763371109962,0.025331145152449608,0.025329045951366425,0.025329025462269783
"DM-13449",True,"train",0.0,0.0,0.0,0.0,0.0,0.9834532141685486,0.0,0.0
"DM-5991",False,"train",0.0,0.0,0.0,0.0,0.9538999795913696,0.0,0.0,0.0
"DM-17284",False,"train",0.0,0.0,0.0,0.0,0.6173734068870544,0.0,0.32482925057411194,0.0
"DM-2153",True,"train",0.025229034945368767,0.8234000205993652,0.025226958096027374,0.025225775316357613,0.02522648498415947,0.025230903178453445,0.02523370273411274,0.025227075442671776
"DM-2659",False,"train",0.0,0.0,0.0,0.552656888961792,0.38709014654159546,0.045759644359350204,0.0,0.0
"DM-12667",False,"train",0.0,0.0,0.03786053881049156,0.0,0.7535441517829895,0.19277448952198029,0.0,0.0
"DM-18117",False,"train",0.0,0.0,0.0,0.19420211017131805,0.7924317121505737,0.0,0.0,0.0
"DM-1952",False,"train",0.0,0.0,0.5236712694168091,0.45331907272338867,0.0,0.0,0.0,0.0
"DM-13919",False,"train",0.0,0.0,0.0,0.9202984571456909,0.0,0.0,0.0,0.07204823195934296
"DM-10515",False,"train",0.0,0.0,0.0,0.0,0.24419568479061127,0.39091646671295166,0.0,0.34164926409721375
"DM-17451",False,"train",0.0,0.0,0.7855612635612488,0.0,0.20451772212982178,0.0,0.0,0.0
"DM-6549",True,"train",0.0,0.0,0.0,0.0,0.9824568629264832,0.0,0.0,0.0
"DM-14539",False,"train",0.0,0.031164659187197685,0.0,0.26248157024383545,0.0,0.6934996247291565,0.0,0.0
"DM-8646",False,"train",0.28425347805023193,0.0,0.03379826620221138,0.0,0.0,0.0,0.0,0.6664127707481384
"DM-13989",False,"train",0.0,0.0,0.0,0.29636719822883606,0.44543004035949707,0.0,0.0,0.24737510085105896
"DM-17173",False,"train",0.4490589201450348,0.0,0.08901108801364899,0.0,0.4524078071117401,0.0,0.0,0.0
"DM-12430",False,"train",0.0,0.0,0.0,0.0591135248541832,0.7599944472312927,0.0,0.16557636857032776,0.0
"DM-17666",False,"train",0.010426257736980915,0.010427514091134071,0.010441924445331097,0.4035446345806122,0.5338454842567444,0.0104405228048563,0.010429360903799534,0.010444290935993195
"DM-9998",True,"train",0.0,0.0,0.0,0.5672959089279175,0.0,0.0,0.4105750024318695,0.0
"DM-1709",False,"train",0.0,0.0,0.7181240916252136,0.0,0.0,0.26868847012519836,0.0,0.0
"DM-16416",False,"train",0.9796178340911865,0.0,0.0,0.0,0.0,0.0,0.0,0.0
"DM-6627",False,"train",0.0,0.0,0.0,0.0,0.9725425839424133,0.0,0.0,0.0
"DM-14121",False,"train",0.23611770570278168,0.1678895205259323,0.0,0.12153203040361404,0.20751279592514038,0.25701621174812317,0.0,0.0
"DM-4502",False,"train",0.0250035859644413,0.025003556162118912,0.025005478411912918,0.025009699165821075,0.02501615136861801,0.02500697411596775,0.02502031996846199,0.8249342441558838
"DM-17491",False,"train",0.01053682528436184,0.01052328385412693,0.010520529933273792,0.010525806806981564,0.9263028502464294,0.010535285808146,0.010522253811359406,0.010533135384321213
"DM-8959",False,"train",0.0,0.0,0.0,0.0,0.0,0.9817365407943726,0.0,0.0
"DM-1453",False,"train",0.0,0.0,0.3080686032772064,0.0,0.0,0.6500648856163025,0.0,0.0
"DM-9491",False,"train",0.039130378514528275,0.0,0.0,0.22023624181747437,0.0,0.0,0.0,0.7321500778198242
"DM-930",True,"train",0.0,0.39135006070137024,0.0,0.0,0.39017432928085327,0.12935124337673187,0.0,0.08422012627124786
"DM-3480",False,"train",0.0,0.3856341540813446,0.19984866678714752,0.0,0.32714927196502686,0.0721798688173294,0.0,0.0
"DM-1473",False,"train",0.13147012889385223,0.8501303195953369,0.0,0.0,0.01236959919333458,0.0,0.0,0.0
"DM-11018",False,"train",0.0,0.0,0.0,0.9742266535758972,0.0,0.0,0.0,0.0
"DM-18327",False,"train",0.22368912398815155,0.0,0.0,0.0,0.19038988649845123,0.0,0.0,0.5633437037467957
"DM-3373",False,"train",0.0,0.0,0.0,0.0,0.31122010946273804,0.6445950269699097,0.0,0.0
"DM-3656",False,"train",0.0,0.0,0.0,0.0,0.9618437886238098,0.0,0.0,0.0
"DM-11421",False,"train",0.0,0.11848993599414825,0.2266920953989029,0.0,0.0,0.5261139869689941,0.0,0.09874442219734192
"DM-1709",False,"train",0.0,0.0,0.7181240916252136,0.0,0.0,0.26868847012519836,0.0,0.0
"DM-6900",False,"train",0.018584920093417168,0.7614918351173401,0.05754660442471504,0.16023796796798706,0.0,0.0,0.0,0.0
"DM-5384",False,"train",0.0,0.0,0.0,0.9519607424736023,0.0,0.0,0.0,0.0
"DM-9731",False,"train",0.020852593705058098,0.02086072415113449,0.020849604159593582,0.8539929986000061,0.020855413749814034,0.020852601155638695,0.020888550207018852,0.020847506821155548
"DM-13807",False,"train",0.38984760642051697,0.0,0.0,0.0,0.559882402420044,0.0,0.0,0.0
"DM-2432",False,"train",0.11667940020561218,0.0,0.0,0.0,0.3209214508533478,0.546750009059906,0.0,0.0
"DM-1317",False,"train",0.0,0.5937657952308655,0.0597698800265789,0.25489795207977295,0.07505305856466293,0.0,0.0,0.0
"DM-17503",False,"train",0.0,0.0,0.0,0.9852938055992126,0.0,0.0,0.0,0.0
"DM-2625",False,"train",0.5896438956260681,0.0,0.0,0.0,0.37621477246284485,0.0,0.0,0.0
"DM-1619",False,"train",0.010464146733283997,0.010442783124744892,0.01044952217489481,0.010445394553244114,0.9268595576286316,0.010449104011058807,0.010441337712109089,0.010448175482451916
"DM-3993",False,"train",0.010542349889874458,0.010543513111770153,0.010542275384068489,0.39539042115211487,0.010544736869633198,0.010552780702710152,0.5413399338722229,0.010543967597186565
"DM-14515",False,"train",0.0,0.0,0.0,0.16350813210010529,0.4985516369342804,0.0,0.0,0.3263302445411682
"DM-3159",False,"train",0.012792806141078472,0.012771527282893658,0.0127732427790761,0.012769126333296299,0.012771706096827984,0.910582959651947,0.012770910747349262,0.012767723761498928
"DM-13286",False,"train",0.0,0.0,0.0,0.3280803859233856,0.6417625546455383,0.0,0.0,0.0
"DM-10620",False,"train",0.10870841890573502,0.5415179133415222,0.0,0.0,0.0,0.30790919065475464,0.0,0.0
"DM-3612",True,"train",0.0,0.0,0.12427748739719391,0.0,0.8315449357032776,0.0,0.0,0.0
"DM-6050",True,"train",0.0,0.0,0.0,0.07066573202610016,0.5680631995201111,0.0,0.0,0.35645025968551636
"DM-977",False,"train",0.0,0.0,0.0,0.0,0.9582363367080688,0.0,0.0,0.0
"DM-6900",False,"train",0.018584920093417168,0.7614918351173401,0.05754660442471504,0.16023796796798706,0.0,0.0,0.0,0.0
"DM-1822",False,"train",0.0,0.0,0.9886000752449036,0.0,0.0,0.0,0.0,0.0
"DM-9356",False,"train",0.6494168043136597,0.0,0.0,0.0,0.0,0.3176860511302948,0.0,0.0
"DM-16400",False,"train",0.366137832403183,0.0,0.0,0.0,0.3444696366786957,0.26663443446159363,0.0,0.0
"DM-17004",True,"train",0.0,0.0,0.0,0.9743783473968506,0.0,0.0,0.0,0.0
"DM-2558",True,"train",0.6878954172134399,0.1450524777173996,0.0,0.0,0.0,0.03143221139907837,0.10143177211284637,0.0
"DM-1945",False,"train",0.0,0.0,0.0,0.4625526964664459,0.31223607063293457,0.2179679274559021,0.0,0.0
"DM-9932",True,"train",0.053065672516822815,0.0,0.3307088315486908,0.347059965133667,0.1332852989435196,0.0,0.0,0.13081395626068115
"DM-5933",False,"train",0.0,0.0,0.0,0.0,0.9561291337013245,0.0,0.0,0.0
"DM-16292",True,"train",0.038440585136413574,0.0,0.0,0.22842912375926971,0.11545714735984802,0.6155596375465393,0.0,0.0
"DM-7115",False,"train",0.0,0.0,0.5645190477371216,0.3922218382358551,0.033055905252695084,0.0,0.0,0.0
"DM-8491",True,"train",0.0,0.0,0.0,0.4040047228336334,0.5851278305053711,0.0,0.0,0.0
"DM-2364",False,"train",0.07298765331506729,0.06412076950073242,0.0,0.0,0.48546481132507324,0.3251878023147583,0.03720439597964287,0.0
"DM-12407",False,"train",0.0156328696757555,0.015637483447790146,0.015631869435310364,0.015654241666197777,0.015655608847737312,0.015663906931877136,0.8904798626899719,0.015644190832972527
"DM-7149",False,"train",0.0,0.0,0.0,0.0,0.12546683847904205,0.0,0.0,0.8331106305122375
"DM-12157",False,"train",0.5735895037651062,0.3407745361328125,0.04627060890197754,0.0,0.0,0.0,0.0,0.0
"DM-15491",False,"train",0.0,0.0,0.0,0.0,0.0,0.0,0.9936515092849731,0.0
"DM-7846",True,"train",0.0,0.0,0.08867953717708588,0.0,0.8654758930206299,0.0,0.0,0.0
"DM-9899",False,"train",0.0,0.0,0.0,0.0,0.16236069798469543,0.8098397254943848,0.0,0.0
"DM-9500",True,"train",0.0,0.0,0.0,0.0,0.49762287735939026,0.0,0.26710087060928345,0.2258956879377365
"DM-7519",False,"train",0.0,0.0,0.0,0.9763208627700806,0.0,0.0,0.0,0.0
"DM-14002",False,"train",0.0,0.0,0.0,0.6239281892776489,0.0,0.0,0.0,0.3612162172794342
"DM-4591",False,"train",0.0,0.0,0.0,0.10413514822721481,0.6535448431968689,0.22434988617897034,0.0,0.0
"DM-10386",False,"train",0.0,0.0,0.0,0.4830125868320465,0.4700313210487366,0.0,0.0,0.0
"DM-5202",False,"train",0.0,0.0,0.0,0.0,0.0,0.9558979868888855,0.0,0.0
"DM-12011",False,"train",0.0,0.0,0.0,0.31847119331359863,0.4084090292453766,0.0,0.0,0.2577795684337616
"DM-10039",False,"train",0.0,0.0,0.0,0.0,0.30381762981414795,0.6774314045906067,0.0,0.0
"DM-12760",False,"train",0.0,0.45796164870262146,0.0,0.0,0.44727593660354614,0.05015808343887329,0.032532256096601486,0.0
"DM-16347",False,"train",0.12214214354753494,0.0,0.0,0.8749297261238098,0.0,0.0,0.0,0.0
"DM-5362",True,"train",0.0,0.0,0.0,0.14736443758010864,0.8212748765945435,0.0,0.0,0.0
"DM-14725",False,"train",0.0,0.0,0.9830049276351929,0.0,0.0,0.0,0.0,0.0
"DM-11320",False,"train",0.0,0.0,0.0,0.44731438159942627,0.0,0.29444262385368347,0.21907280385494232,0.0
"DM-7554",False,"train",0.0,0.2246568351984024,0.0,0.0,0.0,0.7197928428649902,0.0,0.0
"DM-13680",False,"train",0.0,0.910999059677124,0.05319381132721901,0.0,0.0,0.0,0.0,0.0
"DM-15160",False,"train",0.6031628847122192,0.36106544733047485,0.0,0.0,0.0,0.0,0.0,0.0
"DM-11745",False,"train",0.0,0.0,0.0,0.40083232522010803,0.10909031331539154,0.4661186933517456,0.0,0.0
"DM-7987",False,"train",0.0,0.0,0.7681493163108826,0.0,0.0,0.21793133020401,0.0,0.0
"DM-6022",False,"train",0.0,0.0,0.0,0.0,0.0,0.6294429302215576,0.0,0.34138572216033936
"DM-8283",True,"train",0.0,0.0,0.0,0.0,0.11896858364343643,0.860713005065918,0.0,0.0
"DM-2186",True,"train",0.0,0.0,0.0,0.3191075325012207,0.6519383788108826,0.0,0.0,0.0
"DM-13861",True,"train",0.0,0.0,0.0,0.0,0.8328073620796204,0.0,0.05828000232577324,0.08681032061576843
"DM-3204",False,"train",0.02085801027715206,0.020884336903691292,0.02086346596479416,0.020854776725172997,0.02088250033557415,0.020862990990281105,0.8539299368858337,0.020864002406597137
"DM-1647",False,"train",0.0,0.7286898493766785,0.0,0.0,0.0,0.0,0.0,0.21708537638187408
"DM-14134",False,"train",0.010438070632517338,0.010437012650072575,0.010438332334160805,0.010438799858093262,0.9269194602966309,0.010450776666402817,0.010435109958052635,0.010442415252327919
"DM-3483",False,"train",0.0,0.0,0.5728753209114075,0.0,0.4042677879333496,0.0,0.0,0.0
"DM-9553",False,"train",0.2783066928386688,0.0,0.0,0.0,0.7044522762298584,0.0,0.0,0.0
"DM-6784",False,"train",0.0,0.0,0.0,0.7867298126220703,0.0,0.18503443896770477,0.0,0.0
"DM-5816",False,"train",0.0,0.0,0.0,0.9808667898178101,0.0,0.0,0.0,0.0
"DM-17605",True,"train",0.0,0.0,0.0,0.08103838562965393,0.0,0.9047870635986328,0.0,0.0
"DM-13749",False,"train",0.010507838800549507,0.010497957468032837,0.7110993266105652,0.01050746999680996,0.12479701638221741,0.010504981502890587,0.11158353835344315,0.010501864366233349
"DM-5904",False,"train",0.0,0.0,0.0,0.0,0.6995037198066711,0.26477521657943726,0.0,0.0
"DM-10295",False,"train",0.12934207916259766,0.28584784269332886,0.0,0.0,0.0,0.0,0.0,0.5378552675247192
"DM-17387",False,"train",0.25340452790260315,0.015264441259205341,0.01526775024831295,0.015269774943590164,0.015281450003385544,0.015269364230334759,0.01526486873626709,0.6549777984619141
"DM-4641",True,"train",0.02084413170814514,0.21327534317970276,0.020842449739575386,0.02084173448383808,0.0208510123193264,0.020864877849817276,0.02084067091345787,0.6616397500038147
"DM-4838",False,"train",0.0,0.0,0.0,0.0,0.9777866005897522,0.0,0.0,0.0
"DM-15652",False,"train",0.10302496701478958,0.0,0.0,0.0,0.8555347323417664,0.0,0.0,0.0
"DM-5384",False,"train",0.0,0.0,0.0,0.9519607424736023,0.0,0.0,0.0,0.0
"DM-10132",False,"train",0.0,0.0,0.0,0.17959509789943695,0.0,0.7962710857391357,0.0,0.0
"DM-16947",False,"train",0.01569734327495098,0.25804197788238525,0.015699870884418488,0.6477671265602112,0.015695488080382347,0.015698127448558807,0.015707122161984444,0.015693001449108124
"DM-11966",False,"train",0.2813872992992401,0.0,0.0,0.42991092801094055,0.0,0.2450145035982132,0.0,0.0
"DM-14325",False,"train",0.0,0.0,0.0,0.34661734104156494,0.0,0.6308953762054443,0.0,0.0
"DM-6821",False,"train",0.015779806300997734,0.015772240236401558,0.48444557189941406,0.4208570718765259,0.015791280195116997,0.01578112319111824,0.015796445310115814,0.01577647030353546
"DM-13680",False,"train",0.0,0.910999059677124,0.05319381132721901,0.0,0.0,0.0,0.0,0.0
"DM-15491",False,"train",0.0,0.0,0.0,0.0,0.0,0.0,0.9936515092849731,0.0
"DM-8447",False,"train",0.0,0.0,0.0,0.3602728545665741,0.0,0.0,0.0,0.624611496925354
"DM-10193",False,"train",0.0,0.45859649777412415,0.0,0.48485565185546875,0.0,0.0,0.0,0.0
"DM-15615",False,"train",0.27153196930885315,0.0,0.7113822102546692,0.0,0.0,0.0,0.0,0.0
"DM-12030",False,"train",0.0,0.0,0.0,0.0,0.43266329169273376,0.5527854561805725,0.0,0.0
"DM-3705",False,"train",0.0,0.09353640675544739,0.3528898358345032,0.0,0.12639810144901276,0.41767799854278564,0.0,0.0
"DM-2581",False,"train",0.0,0.0,0.0,0.0,0.9618632197380066,0.0,0.0,0.0
"DM-5767",False,"train",0.0,0.0,0.0,0.37386584281921387,0.07889416813850403,0.5340615510940552,0.0,0.0
"DM-8180",False,"train",0.0,0.40670713782310486,0.0,0.23081471025943756,0.0,0.35381820797920227,0.0,0.0
"DM-9937",False,"train",0.0,0.0,0.5041623711585999,0.0,0.0,0.0,0.0,0.4931751787662506
"DM-1576",False,"train",0.0,0.0,0.0,0.0,0.980867326259613,0.0,0.0,0.0
"DM-17343",True,"train",0.0,0.0,0.0,0.2586608827114105,0.0,0.6835635304450989,0.0,0.0
"DM-6945",False,"train",0.11001519113779068,0.0,0.0,0.7307526469230652,0.0,0.07704908400774002,0.0,0.0736740380525589
"DM-471",False,"train",0.0,0.0,0.02941829524934292,0.2394852191209793,0.5924146175384521,0.0,0.0,0.130711168050766
"DM-10948",False,"train",0.0,0.0,0.0,0.5237900018692017,0.0774979293346405,0.0,0.0,0.383849173784256
"DM-3637",False,"train",0.0,0.0,0.0,0.0,0.48167872428894043,0.4841637909412384,0.0,0.0
"DM-8818",False,"train",0.0,0.0,0.0,0.9619125723838806,0.0,0.0,0.0,0.0
"DM-10592",False,"train",0.010536030866205692,0.01050996221601963,0.01051454246044159,0.010528724640607834,0.010536565445363522,0.2936038672924042,0.010515759699046612,0.6432545781135559
"DM-9108",False,"train",0.0,0.0,0.0,0.5385891795158386,0.43154284358024597,0.0,0.0,0.0
"DM-17514",False,"train",0.012589730322360992,0.012593303807079792,0.012590267695486546,0.012592069804668427,0.01259799487888813,0.012591988779604435,0.9118469953536987,0.012597664259374142
"DM-1002",False,"train",0.0,0.09648396819829941,0.0,0.0,0.24235039949417114,0.0,0.62636399269104,0.0
"DM-3490",False,"train",0.0,0.0,0.0,0.9741659760475159,0.0,0.0,0.0,0.0
"DM-10537",False,"train",0.0217785332351923,0.021789520978927612,0.021780336275696754,0.22943486273288727,0.021776586771011353,0.021770408377051353,0.6399000287055969,0.021769728511571884
"DM-661",True,"train",0.0,0.0,0.39541980624198914,0.0,0.5871115922927856,0.0,0.0,0.0
"DM-8451",True,"train",0.02937130443751812,0.02937040477991104,0.02937246300280094,0.7943935394287109,0.029370445758104324,0.02937919832766056,0.02937038242816925,0.029372185468673706
"DM-15663",True,"train",0.0,0.0,0.0,0.07240798324346542,0.1412566751241684,0.7686811089515686,0.0,0.0
"DM-9120",False,"train",0.0,0.0,0.0,0.978962242603302,0.0,0.0,0.0,0.0
"DM-11608",False,"train",0.0,0.7659857273101807,0.19984793663024902,0.0,0.0,0.0,0.0,0.0
"DM-1978",False,"train",0.04239903762936592,0.0,0.0,0.0,0.0,0.9132359623908997,0.0,0.0
"DM-5859",False,"train",0.0,0.0,0.0,0.0,0.33476677536964417,0.4676363170146942,0.0,0.17281611263751984
"DM-14438",False,"train",0.0,0.0,0.0,0.7556365728378296,0.0,0.0,0.0,0.20668227970600128
"DM-13950",False,"train",0.0,0.0,0.0,0.34447425603866577,0.0,0.6001247763633728,0.0,0.0
"DM-12011",False,"train",0.0,0.0,0.0,0.31847119331359863,0.4084090292453766,0.0,0.0,0.2577795684337616
"DM-8528",False,"train",0.319324254989624,0.0,0.0,0.0,0.0,0.21783098578453064,0.0,0.4179838001728058
"DM-14075",False,"train",0.0,0.0,0.0,0.4839698374271393,0.4967063069343567,0.0,0.0,0.0
"DM-14552",False,"train",0.0,0.8261016607284546,0.0,0.0,0.0,0.16412918269634247,0.0,0.0
"DM-16135",False,"train",0.0,0.0,0.0,0.0,0.0,0.0,0.0,0.9538112282752991
"DM-15910",False,"train",0.0,0.0,0.0,0.0,0.0,0.9634850025177002,0.0,0.0
"DM-11343",False,"train",0.0,0.0,0.0,0.0,0.0,0.0,0.0,0.9582751989364624
"DM-1697",False,"train",0.2755300998687744,0.020860299468040466,0.020854754373431206,0.020875178277492523,0.599250316619873,0.020897934213280678,0.02085636742413044,0.02087506093084812
"DM-505",False,"train",0.01171630434691906,0.43502309918403625,0.01172537263482809,0.49458882212638855,0.01173719484359026,0.01173581462353468,0.011738715693354607,0.011734641157090664
"DM-15230",False,"train",0.0,0.0,0.0,0.0,0.5860175490379333,0.38271450996398926,0.0,0.0
"DM-11948",False,"train",0.12889401614665985,0.0,0.0,0.0,0.0,0.3466937243938446,0.0,0.4967261850833893
"DM-13904",False,"train",0.0,0.1415773630142212,0.0,0.6398658156394958,0.0,0.0,0.1855417639017105,0.0
"DM-15486",False,"train",0.0,0.0,0.0,0.0,0.0,0.9774137139320374,0.0,0.0
"DM-19152",False,"train",0.3700544834136963,0.15147973597049713,0.0,0.44399213790893555,0.0,0.0,0.0,0.0
"DM-14037",False,"train",0.0,0.0,0.0,0.4085876941680908,0.1385967880487442,0.18222551047801971,0.0,0.25523385405540466
"DM-1692",False,"train",0.017756154760718346,0.0,0.0,0.02575427107512951,0.4764299690723419,0.25473037362098694,0.22117844223976135,0.0
"DM-8222",True,"train",0.01796822063624859,0.017981844022870064,0.017959434539079666,0.01797579787671566,0.8741841316223145,0.017986124381422997,0.017961716279387474,0.01798272132873535
"DM-15071",False,"train",0.0,0.0,0.0,0.0,0.3823840022087097,0.0,0.0,0.5807397365570068
"DM-14828",False,"train",0.0,0.0,0.0,0.7987784743309021,0.0,0.0,0.16162016987800598,0.0
"DM-16128",False,"train",0.8686690330505371,0.0,0.0,0.0,0.1124456450343132,0.0,0.0,0.0
"DM-9948",True,"train",0.0,0.0,0.0,0.0,0.0,0.0,0.0,0.9451977610588074
"DM-17113",True,"train",0.0,0.09270403534173965,0.19066140055656433,0.0,0.7051712870597839,0.0,0.0,0.0
"DM-4491",False,"train",0.020859239622950554,0.020859284326434135,0.1378549188375473,0.020881405100226402,0.020869417116045952,0.020879877731204033,0.020871983841061592,0.73692387342453
"DM-16837",False,"train",0.0,0.0,0.0,0.9537960886955261,0.0,0.0,0.0,0.0
"DM-860",True,"train",0.017389846965670586,0.01739087700843811,0.7289645671844482,0.017391692847013474,0.017413659021258354,0.017397908493876457,0.01740698330104351,0.16664448380470276
"DM-6813",False,"train",0.017443984746932983,0.017444003373384476,0.017451126128435135,0.01743363030254841,0.8778771758079529,0.01743893511593342,0.017445234581828117,0.017465921118855476
"DM-10289",False,"train",0.0,0.0,0.0,0.0,0.0,0.0,0.9675339460372925,0.0
"DM-10881",False,"train",0.015637777745723724,0.015636589378118515,0.015639429911971092,0.6689074039459229,0.01564057543873787,0.23724772036075592,0.015654489398002625,0.015636051073670387
"DM-9419",False,"train",0.0,0.0,0.0,0.0,0.37639084458351135,0.0,0.0,0.6008026599884033
"DM-3114",False,"train",0.0,0.4552083909511566,0.0,0.0,0.06786826252937317,0.4613361060619354,0.0,0.0
"DM-4826",True,"train",0.02513747662305832,0.8239927887916565,0.025138795375823975,0.025128362700343132,0.025225603953003883,0.025117790326476097,0.02513609267771244,0.02512304298579693
"DM-1252",False,"train",0.3063768148422241,0.14804589748382568,0.017879467457532883,0.017871210351586342,0.45616549253463745,0.017877068370580673,0.017873259261250496,0.01791074313223362
"DM-17476",False,"train",0.0,0.0,0.0,0.894917368888855,0.0,0.0,0.0641278401017189,0.0
"DM-7776",False,"train",0.0,0.0,0.0,0.0,0.0,0.3348289728164673,0.0,0.6113952994346619
"DM-17204",False,"train",0.0,0.09671924263238907,0.0,0.17525064945220947,0.5037831664085388,0.0,0.04295485466718674,0.17122189700603485
"DM-18708",False,"train",0.0,0.0,0.445078581571579,0.0,0.5130881071090698,0.0,0.0,0.0
"DM-15499",True,"train",0.6090626120567322,0.10573866218328476,0.0,0.0,0.021814925596117973,0.2512100636959076,0.0,0.0
"DM-9503",False,"train",0.4210161566734314,0.0,0.5740991830825806,0.0,0.0,0.0,0.0,0.0
"DM-11960",False,"train",0.4057776629924774,0.0,0.0,0.0,0.5041140913963318,0.0,0.06250320374965668,0.0
"DM-4800",False,"train",0.0,0.0,0.0,0.0,0.7535011172294617,0.0,0.0,0.20855362713336945
"DM-13337",False,"train",0.0,0.0,0.6631059050559998,0.12049241364002228,0.0,0.19947707653045654,0.0,0.0
"DM-2387",False,"train",0.012588372454047203,0.14092804491519928,0.012592884711921215,0.7835087180137634,0.01260735560208559,0.012594603933393955,0.012588742189109325,0.012591301463544369
"DM-16217",False,"train",0.0,0.0,0.0,0.6919493675231934,0.2791276276111603,0.0,0.0,0.0
"DM-5470",False,"train",0.3523102104663849,0.0,0.0,0.0,0.6151610016822815,0.0,0.0,0.0
"DM-9916",False,"train",0.0,0.0,0.0,0.48065799474716187,0.0,0.49541497230529785,0.0,0.0
"DM-9195",True,"train",0.0,0.0,0.0,0.0,0.0,0.9788291454315186,0.0,0.0
"DM-10304",True,"train",0.0,0.0,0.0,0.17962031066417694,0.7923980951309204,0.0,0.0,0.0
"DM-10845",False,"train",0.0,0.0,0.0,0.0,0.6029177308082581,0.0,0.0,0.35614731907844543
"DM-2914",True,"train",0.0,0.0,0.0,0.9600589275360107,0.0,0.0,0.0,0.0
"DM-16077",False,"train",0.8007375597953796,0.1438681185245514,0.0,0.05181846767663956,0.0,0.0,0.0,0.0
"DM-13524",False,"train",0.0,0.0,0.0,0.3414652645587921,0.4905588924884796,0.0,0.0,0.13697896897792816
"DM-18181",True,"train",0.0,0.0,0.0,0.0,0.9886146783828735,0.0,0.0,0.0
"DM-8521",False,"train",0.0,0.0,0.0,0.9076137542724609,0.0,0.05687588080763817,0.0,0.0
"DM-6151",False,"train",0.0,0.0,0.7651447653770447,0.2214122712612152,0.0,0.0,0.0,0.0
"DM-13650",False,"train",0.0,0.0,0.0,0.0,0.06096420809626579,0.0,0.0,0.9272704124450684
"DM-7045",False,"train",0.0,0.0,0.0,0.0,0.0,0.9634356498718262,0.0,0.0
"DM-13889",False,"train",0.0,0.24763385951519012,0.19403178989887238,0.0,0.0,0.0,0.5310535430908203,0.0
"DM-7030",True,"train",0.03126459941267967,0.5281592011451721,0.03126208484172821,0.03132127597928047,0.03126136586070061,0.2842036187648773,0.031270235776901245,0.03125761076807976
"DM-3951",False,"train",0.0,0.0,0.7136369347572327,0.0,0.0,0.0,0.08744785189628601,0.1503978967666626
"DM-12992",False,"train",0.0,0.0,0.5564098358154297,0.0,0.39934229850769043,0.0,0.0,0.0
"DM-13674",False,"train",0.0,0.0,0.0,0.17811663448810577,0.24696232378482819,0.4048846960067749,0.052678998559713364,0.10891426354646683
"DM-8091",False,"train",0.0,0.09182438254356384,0.3058716952800751,0.0,0.0,0.589504599571228,0.0,0.0
"DM-2956",False,"train",0.025532100349664688,0.02555982768535614,0.025580227375030518,0.025523172691464424,0.025557156652212143,0.8211842775344849,0.02555185742676258,0.0255113672465086
"DM-7134",False,"train",0.0,0.0,0.0,0.9452119469642639,0.0,0.0,0.0,0.0
"DM-11001",False,"train",0.24902884662151337,0.0,0.0,0.0,0.7195988297462463,0.0,0.0,0.0
"DM-8052",False,"train",0.0,0.0,0.0,0.0,0.0,0.0,0.0,0.9742119312286377
"DM-16589",False,"train",0.017148025333881378,0.017147639766335487,0.8799627423286438,0.017150675877928734,0.01715199090540409,0.017147120088338852,0.0171444583684206,0.017147313803434372
"DM-15245",False,"train",0.0,0.0,0.0,0.0,0.0,0.9769182801246643,0.0,0.0
"DM-6283",False,"train",0.0,0.0,0.0,0.0,0.0,0.0,0.9777706861495972,0.0
"DM-10543",False,"train",0.0,0.0,0.0,0.0,0.13281747698783875,0.0,0.0,0.8345102667808533
"DM-14697",True,"train",0.0,0.0,0.0,0.0,0.0,0.0,0.9325585961341858,0.0
"DM-17766",False,"train",0.0,0.0,0.0,0.6349267959594727,0.2446320503950119,0.0,0.0,0.10583099722862244
"DM-12552",False,"train",0.0,0.0,0.0,0.0,0.8908889293670654,0.0,0.0,0.06947439163923264
"DM-13719",False,"train",0.015676528215408325,0.7645428776741028,0.015674913302063942,0.141360804438591,0.015714071691036224,0.015676233917474747,0.01567917689681053,0.015675395727157593
"DM-17984",False,"train",0.0,0.1888679563999176,0.0,0.0,0.1343863606452942,0.4540956914424896,0.0,0.2024276852607727
"DM-11214",False,"train",0.025355886667966843,0.025228990241885185,0.025228068232536316,0.025227056816220284,0.02523684874176979,0.025228479877114296,0.025251047685742378,0.8232436180114746
"DM-12533",False,"train",0.0,0.9477033615112305,0.0,0.0,0.0,0.0,0.0,0.0
"DM-3821",False,"train",0.0,0.0,0.07330989092588425,0.7107784152030945,0.0,0.20714107155799866,0.0,0.0
"DM-3666",False,"train",0.031476330012083054,0.03147030249238014,0.03147124871611595,0.03147542476654053,0.031542181968688965,0.031476277858018875,0.03146982565522194,0.7796184420585632
"DM-2892",False,"train",0.0932021364569664,0.0,0.28097501397132874,0.0,0.46025314927101135,0.0,0.0,0.15450888872146606
"DM-5109",True,"train",0.0,0.27849969267845154,0.0,0.0,0.4965348243713379,0.1989506483078003,0.0,0.0
"DM-18124",False,"train",0.0,0.3723543882369995,0.0,0.0,0.0,0.0,0.0,0.5774841904640198
"DM-13315",False,"train",0.0,0.0,0.0,0.0,0.0,0.0,0.0,0.9416363835334778
"DM-5298",False,"train",0.0,0.0,0.0,0.0,0.9452198147773743,0.0,0.0,0.0
"DM-8648",False,"train",0.0,0.0,0.0,0.5905169248580933,0.28115788102149963,0.12073568999767303,0.0,0.0
"DM-9816",False,"train",0.0,0.0,0.0,0.0,0.0,0.8213058114051819,0.0,0.16439677774906158
"DM-12819",False,"train",0.0,0.0,0.0,0.41237345337867737,0.0,0.5495045781135559,0.0262172669172287,0.0
"DM-11813",True,"train",0.35344865918159485,0.013145395554602146,0.013142001815140247,0.01315259374678135,0.013157629407942295,0.013151193037629128,0.39092856645584106,0.18987394869327545
"DM-12971",True,"train",0.0,0.0,0.0,0.04783131927251816,0.06623463332653046,0.0,0.0,0.8731220364570618
"DM-11971",False,"train",0.0,0.0,0.276266485452652,0.3173365592956543,0.09802072495222092,0.1339421421289444,0.0,0.1701824814081192
"DM-1404",False,"train",0.0,0.5165353417396545,0.0,0.46710965037345886,0.0,0.0,0.0,0.0
"DM-4497",True,"train",0.020841339603066444,0.02084202878177166,0.020840153098106384,0.020865250378847122,0.3203015923500061,0.020861875265836716,0.020854603499174118,0.5545932054519653
"DM-12523",False,"train",0.0,0.0,0.0,0.0,0.9774850010871887,0.0,0.0,0.0
"DM-6635",False,"train",0.01376071386039257,0.013752707280218601,0.013758571818470955,0.9037144184112549,0.013753320090472698,0.0137570109218359,0.01375137735158205,0.013751894235610962
"DM-6248",False,"train",0.0,0.4138558804988861,0.45176464319229126,0.0,0.09938481450080872,0.0,0.0,0.0
"DM-8004",False,"train",0.9807177186012268,0.0,0.0,0.016539575532078743,0.0,0.0,0.0,0.0
"DM-3653",False,"train",0.011379435658454895,0.011378437280654907,0.011377756483852863,0.011377825401723385,0.011389766819775105,0.011379332281649113,0.011378936469554901,0.9203385710716248
"DM-3803",False,"train",0.0,0.0,0.6452834010124207,0.0,0.0,0.0,0.35405704379081726,0.0
"DM-17970",False,"train",0.0,0.9414884448051453,0.0,0.0,0.0,0.0,0.0,0.0
"DM-10984",False,"train",0.0,0.0,0.0,0.0,0.0,0.0,0.0,0.9558383822441101
"DM-10922",False,"train",0.012506792321801186,0.012503623962402344,0.012507548555731773,0.012507692910730839,0.012508011423051357,0.01251232624053955,0.012504346668720245,0.9124496579170227
"DM-5356",False,"train",0.0,0.0,0.0,0.0,0.27087488770484924,0.6947565078735352,0.0,0.0
"DM-1673",False,"train",0.0,0.1488756388425827,0.0,0.0,0.0,0.7375057935714722,0.0,0.09603536128997803
"DM-3803",False,"train",0.0,0.0,0.6452834010124207,0.0,0.0,0.0,0.35405704379081726,0.0
"DM-18009",False,"train",0.086250901222229,0.4962657690048218,0.0,0.1433313935995102,0.13653723895549774,0.12767134606838226,0.0,0.0
"DM-9710",False,"train",0.0,0.0,0.1250186264514923,0.18583151698112488,0.0,0.5322021842002869,0.0,0.14760175347328186
"DM-15023",False,"train",0.0,0.0,0.5695161819458008,0.28460559248924255,0.049129970371723175,0.09099742770195007,0.0,0.0
"DM-7956",False,"train",0.0,0.0,0.0,0.0,0.9631130695343018,0.0,0.0,0.0
"DM-9957",True,"train",0.0,0.0,0.0,0.0,0.6827877163887024,0.0,0.2930830717086792,0.0
"DM-10220",False,"train",0.0,0.10664509981870651,0.15654578804969788,0.21317961812019348,0.0,0.0,0.0,0.5170695185661316
"DM-2929",False,"train",0.0,0.0,0.0,0.9887062907218933,0.0,0.0,0.0,0.0
"DM-1755",False,"train",0.0,0.36351528763771057,0.0,0.0,0.611186146736145,0.0,0.0,0.0
"DM-11816",True,"train",0.012391556985676289,0.01239763107150793,0.012385829351842403,0.01239026989787817,0.012404349632561207,0.01240068394690752,0.012391645461320877,0.9132380485534668
"DM-18330",False,"train",0.0,0.0,0.0,0.029806578531861305,0.0,0.0,0.0,0.952668309211731
"DM-7745",False,"train",0.0,0.0,0.0,0.9891715049743652,0.0,0.0,0.0,0.0
"DM-15800",False,"train",0.0,0.27497947216033936,0.0,0.0,0.0,0.0,0.0,0.6949718594551086
"DM-10620",False,"train",0.10870841890573502,0.5415179133415222,0.0,0.0,0.0,0.30790919065475464,0.0,0.0
"DM-1136",False,"train",0.0,0.0,0.0,0.0,0.0,0.9680579900741577,0.0,0.0
"DM-12610",False,"train",0.0,0.6124784350395203,0.0,0.0,0.0,0.29634103178977966,0.06362013518810272,0.0
"DM-9307",False,"train",0.015638189390301704,0.015639586374163628,0.1555275171995163,0.7506128549575806,0.01564130373299122,0.015650341287255287,0.0156528539955616,0.015637382864952087
"DM-11047",False,"train",0.0113022206351161,0.01130191795527935,0.011332500725984573,0.6635013818740845,0.26862654089927673,0.011312877759337425,0.011323049664497375,0.011299556121230125
"DM-17652",False,"train",0.4592443108558655,0.0,0.0,0.0,0.5263871550559998,0.0,0.0,0.0
"DM-5036",False,"train",0.569252073764801,0.0,0.0,0.0,0.38902097940444946,0.0,0.0,0.0
"DM-16482",False,"train",0.9649080038070679,0.0,0.0,0.0,0.0,0.0,0.0,0.0
"DM-16415",False,"train",0.5053655505180359,0.0,0.0,0.0,0.32299572229385376,0.0,0.1544475555419922,0.0
"DM-17557",False,"train",0.0,0.11085384339094162,0.0,0.0,0.8671736121177673,0.0,0.0,0.0
"DM-14879",False,"train",0.0,0.9379271864891052,0.0,0.0,0.0,0.0,0.0,0.0
"DM-9328",False,"train",0.21580272912979126,0.0,0.0,0.1875189244747162,0.5464373230934143,0.0,0.03230857104063034,0.016937807202339172
"DM-12406",False,"train",0.013902398757636547,0.013904343359172344,0.013898721896111965,0.013944542035460472,0.01391857210546732,0.01392950490117073,0.9025948643684387,0.01390698179602623
"DM-8675",False,"train",0.0,0.0,0.0,0.3180818557739258,0.0,0.0,0.631596565246582,0.0
"DM-5185",True,"train",0.020845618098974228,0.1990230530500412,0.02090327814221382,0.020849552005529404,0.6757898330688477,0.020874349400401115,0.020845690742135048,0.02086864411830902
"DM-6500",False,"train",0.0,0.0,0.0,0.0,0.0,0.9321660399436951,0.0,0.0
"DM-16256",False,"train",0.0,0.0,0.0,0.0,0.0,0.9324604868888855,0.0,0.0
"DM-17249",False,"train",0.0,0.0,0.0,0.0,0.2783997058868408,0.0,0.0,0.6740857362747192
"DM-1632",False,"train",0.0,0.3436283767223358,0.0,0.0,0.646894097328186,0.0,0.0,0.0
"DM-15835",False,"train",0.34611767530441284,0.0,0.0,0.0,0.0,0.0,0.5949128270149231,0.0
"DM-5453",False,"train",0.18315286934375763,0.7125582695007324,0.09663694351911545,0.0,0.0,0.0,0.0,0.0
"DM-10862",False,"train",0.0,0.0,0.0,0.0,0.9697438478469849,0.0,0.0,0.0
"DM-12971",True,"train",0.0,0.0,0.0,0.04783131927251816,0.06623463332653046,0.0,0.0,0.8731220364570618
"DM-9281",False,"train",0.017871666699647903,0.017866015434265137,0.017907654866576195,0.7273297309875488,0.017889726907014847,0.017884643748402596,0.1653665155172348,0.01788400672376156
"DM-1462",False,"train",0.0,0.0,0.0,0.9373461604118347,0.0,0.0,0.0,0.0
"DM-2984",False,"train",0.0,0.0,0.0,0.9912929534912109,0.0,0.0,0.0,0.0
"DM-9384",False,"train",0.0,0.0,0.22079285979270935,0.7620753645896912,0.0,0.0,0.0,0.0
"DM-17950",False,"train",0.0,0.0384199284017086,0.0,0.308677613735199,0.3728996813297272,0.26556333899497986,0.0,0.0
"DM-14152",False,"train",0.0,0.0,0.34736043214797974,0.2606126070022583,0.2712726294994354,0.111737459897995,0.0,0.0
"DM-1471",False,"train",0.0,0.0,0.0,0.09845743328332901,0.0,0.0,0.0,0.8812414407730103
"DM-7915",False,"train",0.28217580914497375,0.0,0.0,0.0,0.22273074090480804,0.17128978669643402,0.0,0.3176557421684265
"DM-9303",False,"train",0.0,0.0,0.0,0.4422822594642639,0.5417640209197998,0.0,0.0,0.012365634553134441
"DM-3365",False,"train",0.03156212344765663,0.031620658934116364,0.031602051109075546,0.03153546527028084,0.03163092955946922,0.7789258360862732,0.03158267214894295,0.031540315598249435
"DM-17952",False,"train",0.0,0.0,0.0,0.0,0.0,0.976943850517273,0.0,0.0
"DM-13759",False,"train",0.0,0.034740693867206573,0.0,0.0,0.9494871497154236,0.0,0.0,0.0
"DM-8514",False,"train",0.01268141157925129,0.012688889168202877,0.46739768981933594,0.0126658258959651,0.4565606117248535,0.01266718190163374,0.012667777016758919,0.012670673429965973
"DM-12866",False,"train",0.0,0.0,0.0,0.08018677681684494,0.0,0.0,0.0,0.883928656578064
"DM-3362",False,"train",0.025030337274074554,0.025046061724424362,0.025011278688907623,0.5756973624229431,0.0250411219894886,0.02504817023873329,0.274096816778183,0.02502891607582569
"DM-14459",False,"train",0.0,0.0,0.0,0.6037781834602356,0.35179081559181213,0.0,0.0,0.0
"DM-10925",False,"train",0.0,0.0,0.0,0.0,0.0,0.29490143060684204,0.5040488243103027,0.18582242727279663
"DM-15705",False,"train",0.0,0.0,0.0,0.6299831867218018,0.3207826614379883,0.0,0.0,0.0
"DM-11893",False,"train",0.017925748601555824,0.8744144439697266,0.017930619418621063,0.017924539744853973,0.017934752628207207,0.017927635461091995,0.017989588901400566,0.017952676862478256
"DM-16049",False,"train",0.01397499069571495,0.01397638488560915,0.013973277062177658,0.9021405577659607,0.013995194807648659,0.013988586142659187,0.013972710818052292,0.013978238217532635
"DM-9993",False,"train",0.0,0.0,0.8068563938140869,0.0,0.0,0.1555265337228775,0.0,0.0
"DM-8650",False,"train",0.40686067938804626,0.020847046747803688,0.020864907652139664,0.46798619627952576,0.020870400592684746,0.020857088267803192,0.020859170705080032,0.020854497328400612
"DM-15344",False,"train",0.0,0.1390698254108429,0.0,0.2631245255470276,0.0,0.5847893357276917,0.0,0.0
"DM-6660",False,"train",0.0,0.0,0.0,0.8638907670974731,0.0,0.12217570841312408,0.0,0.0
"DM-655",False,"train",0.0,0.0,0.8893839120864868,0.0,0.07721896469593048,0.0,0.031337760388851166,0.0
"DM-9502",False,"train",0.0,0.0,0.24765411019325256,0.4473753273487091,0.0,0.0,0.0,0.2939334213733673
"DM-2666",False,"train",0.10437816381454468,0.0,0.0,0.3954183757305145,0.0,0.47695860266685486,0.0,0.0
"DM-7405",False,"train",0.0,0.0,0.0,0.40184471011161804,0.5760472416877747,0.0,0.0,0.0
"DM-14346",False,"train",0.9112772345542908,0.012678872793912888,0.012668660841882229,0.012670923955738544,0.012676989659667015,0.012671716511249542,0.012670028954744339,0.012685555964708328
"DM-6134",False,"train",0.01042994949966669,0.010437637567520142,0.010431662201881409,0.010443304665386677,0.010450450703501701,0.010453133843839169,0.010453050024807453,0.9269008040428162
"DM-12360",False,"train",0.0,0.6051210761070251,0.0,0.0,0.3572522699832916,0.0,0.0,0.0
"DM-794",False,"train",0.32346007227897644,0.2582937180995941,0.3811470866203308,0.0,0.019617825746536255,0.015887605026364326,0.0,0.0
"DM-5774",False,"train",0.38347265124320984,0.0,0.0,0.0,0.6148386001586914,0.0,0.0,0.0
"DM-11997",False,"train",0.0,0.0,0.0,0.0,0.969364583492279,0.0,0.0,0.0
"DM-13546",False,"train",0.0,0.0,0.0,0.0,0.0,0.9840409159660339,0.0,0.0
"DM-4214",False,"train",0.0,0.0,0.0,0.49235799908638,0.0,0.4999648630619049,0.0,0.0
"DM-4065",False,"train",0.011447056196630001,0.011449961923062801,0.011440937407314777,0.011451969854533672,0.3565952777862549,0.27055490016937256,0.011443475261330605,0.3156163990497589
"DM-17171",False,"train",0.35918331146240234,0.0,0.0,0.0,0.1573784351348877,0.2531373202800751,0.0,0.21233217418193817
"DM-15349",False,"train",0.0,0.0,0.0,0.0,0.09521353244781494,0.0,0.8574884533882141,0.0
"DM-18033",False,"train",0.0,0.7442672252655029,0.0,0.0,0.16902370750904083,0.07968566566705704,0.0,0.0
"DM-12971",True,"train",0.0,0.0,0.0,0.04783131927251816,0.06623463332653046,0.0,0.0,0.8731220364570618
"DM-9535",False,"train",0.9817391037940979,0.0,0.0,0.0,0.0,0.0,0.0,0.0
"DM-2176",False,"train",0.0,0.0,0.07457990944385529,0.0,0.897502601146698,0.0,0.0,0.0
"DM-1676",False,"train",0.3281383216381073,0.029349643737077713,0.029342787340283394,0.02935214713215828,0.4957202076911926,0.029375407844781876,0.02935301512479782,0.02936842478811741
"DM-5548",False,"train",0.0,0.0,0.07530336827039719,0.0,0.3435039222240448,0.5629110336303711,0.0,0.0
"DM-3902",False,"train",0.020840078592300415,0.19311600923538208,0.0208634901791811,0.020846327766776085,0.020842693746089935,0.02084014005959034,0.681803822517395,0.020847436040639877
"DM-14639",False,"train",0.0,0.0,0.0,0.9618573188781738,0.0,0.0,0.0,0.0
"DM-5190",True,"train",0.020913921296596527,0.020859790965914726,0.020857511088252068,0.020859891548752785,0.020871758460998535,0.020879114046692848,0.8538658022880554,0.020892255008220673
"DM-5465",False,"train",0.0747160017490387,0.0,0.0,0.08068948239088058,0.22466376423835754,0.607634425163269,0.0,0.0
"DM-5040",False,"train",0.0182005874812603,0.018181758001446724,0.018183359876275063,0.018192268908023834,0.8726846575737,0.01818736083805561,0.018184635788202286,0.018185410648584366
"DM-11524",False,"train",0.36942777037620544,0.0,0.09234072268009186,0.0,0.0,0.5251471400260925,0.0,0.0
"DM-14227",True,"train",0.0,0.11466474086046219,0.0,0.07648829370737076,0.30163154006004333,0.0,0.4769318699836731,0.026498813182115555
"DM-6588",False,"train",0.0,0.0,0.0,0.96348637342453,0.0,0.0,0.0,0.0
"DM-7320",False,"train",0.0,0.6664709448814392,0.0,0.0,0.2757822871208191,0.0,0.0,0.0
"DM-11785",True,"train",0.0,0.0,0.0,0.0,0.0,0.7352171540260315,0.0,0.21471372246742249
"DM-13542",True,"train",0.010453807190060616,0.01046250481158495,0.010455063544213772,0.010458193719387054,0.7782306671142578,0.010466298088431358,0.010456166230142117,0.15901732444763184
"DM-4840",False,"train",0.15519563853740692,0.0,0.0,0.8144772052764893,0.0,0.0,0.0,0.0
"DM-4887",False,"train",0.0,0.0,0.0,0.0,0.30892375111579895,0.6855452060699463,0.0,0.0
"DM-7974",False,"train",0.0,0.0,0.0,0.0,0.0,0.9883032441139221,0.0,0.0
"DM-8684",False,"train",0.0,0.0,0.0,0.2110152393579483,0.7056445479393005,0.07430503517389297,0.0,0.0
"DM-2983",False,"train",0.0,0.0,0.0,0.9374039173126221,0.0,0.0,0.0,0.0
"DM-4887",False,"train",0.0,0.0,0.0,0.0,0.30892375111579895,0.6855452060699463,0.0,0.0
"DM-359",False,"train",0.0,0.049500562250614166,0.0,0.0,0.0,0.0,0.0,0.9363280534744263
"DM-13791",False,"train",0.0,0.0,0.0,0.24849094450473785,0.3122301697731018,0.22389636933803558,0.0,0.19182276725769043
"DM-10909",True,"train",0.0,0.0,0.0,0.9322530031204224,0.0,0.0,0.0,0.0
"DM-833",False,"train",0.0,0.0,0.0,0.0,0.0,0.961850106716156,0.0,0.0
"DM-8088",True,"train",0.0,0.0,0.0,0.9929815530776978,0.0,0.0,0.0,0.0
"DM-9943",False,"train",0.010972809046506882,0.01098822895437479,0.01097271591424942,0.010975243523716927,0.010979090817272663,0.9231520295143127,0.010973408818244934,0.010986465960741043
"DM-12701",False,"train",0.0,0.0,0.0,0.0,0.23286955058574677,0.6047012209892273,0.0,0.14445927739143372
"DM-17197",False,"train",0.0,0.7228009700775146,0.0,0.0,0.0,0.258394330739975,0.0,0.0
"DM-832",True,"train",0.0,0.0,0.0,0.0,0.16325680911540985,0.8135810494422913,0.0,0.0
"DM-10462",False,"train",0.0,0.0,0.0,0.0,0.0,0.46785929799079895,0.0,0.5086678862571716
"DM-14153",True,"train",0.0,0.0,0.0,0.828141450881958,0.0,0.14596052467823029,0.0,0.0
"DM-7237",False,"train",0.4742656648159027,0.0,0.0,0.0,0.4909980595111847,0.0,0.0,0.0
"DM-6719",False,"train",0.0,0.4343673288822174,0.19766765832901,0.0,0.3463776707649231,0.0,0.0,0.0
"DM-9428",False,"train",0.0,0.0,0.0,0.9538483619689941,0.0,0.0,0.0,0.0
"DM-4825",False,"train",0.27179500460624695,0.0,0.0,0.703118622303009,0.0,0.0,0.0,0.0
"DM-7432",False,"train",0.010475615039467812,0.010482359677553177,0.010462225414812565,0.10000493377447128,0.010484798811376095,0.5009976625442505,0.34662023186683655,0.010472103953361511
"DM-9851",False,"train",0.0,0.0,0.0,0.0,0.0,0.9671878218650818,0.0,0.0
"DM-6628",True,"train",0.010457010939717293,0.010452655144035816,0.010454588569700718,0.010462022386491299,0.010456345975399017,0.361830472946167,0.5754321813583374,0.010454709641635418
"DM-2002",True,"train",0.0,0.10787644982337952,0.0,0.0,0.8374055624008179,0.0,0.0,0.0
"DM-4184",False,"train",0.0,0.0,0.13702574372291565,0.0,0.35942375659942627,0.0,0.11568790674209595,0.3582859933376312
"DM-10242",True,"train",0.0,0.0,0.0,0.23906365036964417,0.3564039170742035,0.3841221034526825,0.0,0.0
"DM-15390",False,"train",0.4889217019081116,0.0,0.0,0.0,0.0,0.48554033041000366,0.0,0.0
"DM-2976",False,"train",0.023766091093420982,0.02376159280538559,0.023770073428750038,0.8336142301559448,0.02378053218126297,0.023776952177286148,0.02376808598637581,0.023762458935379982
"DM-16546",False,"train",0.02051408588886261,0.020511604845523834,0.02050655335187912,0.1937992125749588,0.683102011680603,0.020507195964455605,0.020549306645989418,0.020510004833340645
"DM-13631",False,"train",0.0,0.0,0.0,0.0,0.9581689834594727,0.0,0.0,0.0
"DM-4568",False,"train",0.0,0.0,0.0,0.0,0.4119580388069153,0.548003613948822,0.0,0.0
"DM-11283",False,"train",0.0,0.0,0.0,0.0,0.0,0.7256089448928833,0.0,0.24380642175674438
"DM-9615",True,"train",0.0,0.0,0.0,0.934478759765625,0.0,0.0,0.0,0.0
"DM-9187",False,"train",0.0,0.0,0.0,0.0,0.0,0.9365414381027222,0.0,0.0
"DM-12428",False,"train",0.0,0.0674058049917221,0.0,0.0,0.0,0.14796052873134613,0.7503836750984192,0.0
"DM-18421",False,"train",0.0,0.0,0.0,0.0,0.0,0.7669057250022888,0.0,0.2085207849740982
"DM-13224",False,"train",0.020395824685692787,0.2901306748390198,0.02040177956223488,0.020415088161826134,0.020424265414476395,0.020426364615559578,0.58736252784729,0.02044353261590004
"DM-7103",False,"train",0.0,0.0,0.0,0.05390869453549385,0.8413004875183105,0.0,0.07947193831205368,0.0
"DM-17389",True,"train",0.021067533642053604,0.021073611453175545,0.02106725610792637,0.8524791598320007,0.02107943966984749,0.021072756499052048,0.021074792370200157,0.021085454151034355
"DM-5276",True,"train",0.0,0.0,0.06941482424736023,0.0,0.0,0.0,0.9226555228233337,0.0
"DM-16326",False,"train",0.0,0.0,0.0,0.0,0.0,0.0,0.0,0.9452002644538879
"DM-5717",False,"train",0.0,0.0,0.0,0.0,0.5656690001487732,0.23556257784366608,0.0,0.1883833259344101
"DM-10980",False,"train",0.012523776851594448,0.012522265315055847,0.01252006459981203,0.3898334503173828,0.012533247470855713,0.012529016472399235,0.5350123643875122,0.012525846250355244
"DM-16404",False,"train",0.0,0.0,0.0,0.10066423565149307,0.1659948080778122,0.7071600556373596,0.0,0.0
"DM-17640",False,"train",0.0,0.0,0.0,0.0,0.0,0.970396876335144,0.0,0.0
"DM-5769",False,"train",0.0,0.0,0.020048921927809715,0.1293022483587265,0.15117916464805603,0.692449688911438,0.0,0.0
"DM-609",False,"train",0.0,0.655908465385437,0.0,0.0,0.0,0.14951644837856293,0.0,0.1812480241060257
"DM-976",False,"train",0.0,0.0,0.0,0.0,0.9325792789459229,0.0,0.0,0.0
"DM-15897",False,"train",0.0,0.0,0.0,0.531493604183197,0.14348924160003662,0.2904394865036011,0.0,0.0
"DM-13835",False,"train",0.05805063620209694,0.04084935039281845,0.0,0.0,0.28252801299095154,0.6042506694793701,0.0,0.0
"DM-8564",False,"train",0.0,0.0,0.0,0.5132200717926025,0.4662947952747345,0.0,0.0,0.0
"DM-5290",False,"train",0.0,0.0,0.0,0.0,0.9442772269248962,0.0,0.0,0.0
"DM-13313",False,"train",0.014312476851046085,0.014313256368041039,0.014320475980639458,0.014314575120806694,0.014317773282527924,0.01431791391223669,0.014313660562038422,0.8997898697853088
"DM-16603",False,"train",0.0,0.0,0.08529330044984818,0.8736320734024048,0.0,0.0,0.0,0.0
"DM-8221",False,"train",0.0,0.0,0.13978219032287598,0.0,0.0,0.8417947888374329,0.0,0.0
"DM-2157",True,"train",0.0,0.0,0.9548906087875366,0.039040010422468185,0.0,0.0,0.0,0.0
"DM-4323",False,"train",0.5234176516532898,0.0,0.0,0.0,0.0,0.3285427391529083,0.0,0.11501049995422363
"DM-4825",False,"train",0.27179500460624695,0.0,0.0,0.703118622303009,0.0,0.0,0.0,0.0
"DM-1058",False,"train",0.0,0.0,0.0,0.0,0.7249737977981567,0.23727494478225708,0.0,0.0
"DM-6635",False,"train",0.01376071386039257,0.013752707280218601,0.013758571818470955,0.9037144184112549,0.013753320090472698,0.0137570109218359,0.01375137735158205,0.013751894235610962
"DM-6549",True,"train",0.0,0.0,0.0,0.0,0.9824568629264832,0.0,0.0,0.0
"DM-9428",False,"train",0.0,0.0,0.0,0.9538483619689941,0.0,0.0,0.0,0.0
"DM-1841",False,"train",0.0,0.0,0.5611656904220581,0.06705258041620255,0.3043268322944641,0.05873507261276245,0.0,0.0
"DM-3677",True,"train",0.0,0.0,0.0,0.0,0.9323570728302002,0.0,0.0,0.0
"DM-14346",False,"train",0.9112772345542908,0.012678872793912888,0.012668660841882229,0.012670923955738544,0.012676989659667015,0.012671716511249542,0.012670028954744339,0.012685555964708328
"DM-8048",False,"train",0.0,0.0,0.0,0.3644806742668152,0.28851035237312317,0.27794191241264343,0.0,0.051343582570552826
"DM-9979",True,"train",0.0,0.0,0.0,0.18000829219818115,0.38806667923927307,0.16086894273757935,0.0,0.26895037293434143
"DM-12425",True,"train",0.0,0.0,0.0,0.0,0.9680083394050598,0.0,0.0,0.0
"DM-10968",False,"train",0.0,0.234970360994339,0.0,0.706925094127655,0.0,0.0,0.0,0.0
"DM-12364",False,"train",0.0,0.293087363243103,0.0,0.0,0.0,0.39244285225868225,0.2740575075149536,0.0
"DM-12875",False,"train",0.0668557733297348,0.0,0.0,0.0,0.0,0.6650941967964172,0.0,0.23675894737243652
"DM-4231",False,"train",0.025149671360850334,0.02521909400820732,0.025154178962111473,0.6384009718894958,0.025177597999572754,0.02514634095132351,0.21059465408325195,0.025157494470477104
"DM-13782",False,"train",0.60500168800354,0.23895521461963654,0.0,0.0,0.1399790644645691,0.0,0.0,0.0
"DM-4995",False,"train",0.010645835660398006,0.010587221011519432,0.010569240897893906,0.010586629621684551,0.010572662577033043,0.9258847832679749,0.010571165010333061,0.010582471266388893
"DM-8439",False,"train",0.0,0.0,0.0,0.9582642316818237,0.0,0.0,0.0,0.0
"DM-17330",False,"train",0.0,0.0,0.0,0.0,0.0,0.8405338525772095,0.0,0.11216934770345688
"DM-5717",False,"train",0.0,0.0,0.0,0.0,0.5656690001487732,0.23556257784366608,0.0,0.1883833259344101
"DM-13800",False,"train",0.0,0.0,0.0,0.23879890143871307,0.0,0.7195212841033936,0.0,0.03174448385834694
"DM-8798",False,"train",0.0,0.0,0.0,0.0,0.7577725052833557,0.22128933668136597,0.0,0.0
"DM-5273",False,"train",0.0,0.0,0.0,0.5817428231239319,0.0,0.3904326558113098,0.0,0.0
"DM-15159",False,"train",0.0,0.39654937386512756,0.0,0.0,0.4092247486114502,0.0,0.0,0.16104866564273834
"DM-5547",False,"train",0.02503069117665291,0.2751740515232086,0.574489951133728,0.02505158632993698,0.02509913221001625,0.02506495825946331,0.0250474214553833,0.02504214644432068
"DM-11319",False,"train",0.0,0.6275097727775574,0.0,0.20776726305484772,0.0,0.14384174346923828,0.0,0.0
"DM-13384",False,"train",0.0,0.649978518486023,0.0,0.0,0.0,0.0,0.31731945276260376,0.0
"DM-15071",False,"train",0.0,0.0,0.0,0.0,0.3823840022087097,0.0,0.0,0.5807397365570068
"DM-14659",True,"train",0.017878931015729904,0.017902621999382973,0.017917383462190628,0.017891472205519676,0.2612137794494629,0.017901787534356117,0.01788215897977352,0.6314119100570679
"DM-1901",False,"train",0.0,0.0,0.0,0.0,0.21312986314296722,0.7491853833198547,0.0,0.0
"DM-12513",False,"train",0.0,0.0,0.0,0.3780791163444519,0.0,0.5974330306053162,0.0,0.0
"DM-14223",False,"train",0.0,0.9414925575256348,0.0,0.0,0.0,0.0,0.0,0.0
"DM-2693",False,"train",0.0,0.24271532893180847,0.0,0.0,0.7199414372444153,0.0,0.0,0.0
"DM-2865",False,"train",0.010568750090897083,0.010565653443336487,0.010562621988356113,0.010573245584964752,0.010570293292403221,0.9260290861129761,0.010564018972218037,0.010566328652203083
"DM-3474",False,"train",0.9799857139587402,0.0,0.0,0.0,0.0,0.0,0.0,0.0
"DM-8097",False,"train",0.0,0.0,0.0,0.8106579780578613,0.0,0.08545199036598206,0.0,0.09402492642402649
"DM-6718",False,"train",0.0,0.0,0.0,0.0,0.22029979526996613,0.09640973806381226,0.0,0.6751412153244019
"DM-782",False,"train",0.0,0.0,0.0,0.0,0.9843435287475586,0.0,0.0,0.0
"DM-11863",True,"train",0.0,0.0,0.0,0.1893317699432373,0.3468989431858063,0.451177716255188,0.0,0.0
"DM-11771",False,"train",0.41383078694343567,0.5345212817192078,0.0,0.0,0.0,0.0,0.0,0.0
"DM-2178",False,"train",0.0,0.0,0.0,0.0,0.11753611266613007,0.46632349491119385,0.40285593271255493,0.0
"DM-18181",True,"train",0.0,0.0,0.0,0.0,0.9886146783828735,0.0,0.0,0.0
"DM-827",False,"train",0.9851431250572205,0.0,0.0,0.0,0.0,0.0,0.0,0.0
"DM-4443",False,"train",0.0,0.0,0.0,0.9823106527328491,0.0,0.0,0.0,0.0
"DM-5274",False,"train",0.010438008233904839,0.010435586795210838,0.010442919097840786,0.010443142615258694,0.9269031882286072,0.010443659499287605,0.010440386831760406,0.010453120805323124
"DM-13958",True,"train",0.010443465784192085,0.010438423603773117,0.010438386350870132,0.010442794300615788,0.01045097503811121,0.0104442797601223,0.56227707862854,0.3750646412372589
"DM-13400",False,"train",0.140727236866951,0.0,0.0,0.1477850377559662,0.0,0.0,0.0,0.6811884641647339
"DM-680",True,"train",0.0,0.0,0.0,0.0,0.4204787313938141,0.415370374917984,0.0,0.15104851126670837
"DM-3347",False,"train",0.0,0.0,0.7103350758552551,0.08348732441663742,0.19834613800048828,0.0,0.0,0.0
"DM-13371",False,"train",0.01129782572388649,0.5938096046447754,0.011283371597528458,0.011296325363218784,0.33842727541923523,0.011303509585559368,0.01128365471959114,0.0112984087318182
"DM-12544",False,"train",0.0,0.0,0.0,0.9590900540351868,0.0,0.0,0.0,0.015830915421247482
"DM-18340",False,"train",0.0,0.0,0.0,0.0,0.0,0.0,0.0,0.9634838104248047
"DM-9750",False,"train",0.0,0.0,0.0,0.509694516658783,0.0,0.0,0.46530160307884216,0.0
"DM-11349",True,"train",0.0,0.0,0.0,0.6703135371208191,0.1548738181591034,0.0,0.0,0.16828782856464386
"DM-5431",False,"train",0.0,0.0,0.0,0.6286078095436096,0.0,0.35871264338493347,0.0,0.0
"DM-8579",False,"train",0.0,0.0,0.0,0.0,0.0,0.0,0.0,0.9786091446876526
"DM-17747",False,"train",0.0,0.0,0.0,0.37323272228240967,0.0,0.5078269839286804,0.08911500126123428,0.0
"DM-13498",True,"train",0.0,0.0,0.0,0.017807066440582275,0.9698754549026489,0.0,0.0,0.0
"DM-3701",False,"train",0.0,0.0,0.0,0.4032854437828064,0.4381411373615265,0.12947452068328857,0.0,0.0
"DM-18421",False,"train",0.0,0.0,0.0,0.0,0.0,0.7669057250022888,0.0,0.2085207849740982
"DM-15173",False,"train",0.0,0.0,0.0,0.0,0.0,0.0,0.9756631255149841,0.0
"DM-16926",False,"train",0.0,0.0,0.0,0.983146071434021,0.0,0.0,0.0,0.0
"DM-224",False,"train",0.01576300710439682,0.01576615869998932,0.015760384500026703,0.015763504430651665,0.8896598815917969,0.01576254889369011,0.015762506052851677,0.01576201803982258
"DM-9599",False,"train",0.0,0.0,0.1114802435040474,0.3377183675765991,0.5392857193946838,0.0,0.0,0.0
"DM-11932",False,"train",0.011044965125620365,0.18530678749084473,0.011043867096304893,0.011055249720811844,0.7483921647071838,0.011052742600440979,0.011050930246710777,0.011053287424147129
"DM-15499",True,"train",0.6090626120567322,0.10573866218328476,0.0,0.0,0.021814925596117973,0.2512100636959076,0.0,0.0
"DM-6980",False,"train",0.016815152019262314,0.016807889565825462,0.01681588403880596,0.016819268465042114,0.016850018873810768,0.439214289188385,0.45983418822288513,0.016843315213918686
"DM-7178",False,"train",0.0,0.0,0.0,0.7318064570426941,0.0,0.2359476238489151,0.0,0.0
"DM-11517",False,"train",0.0,0.6694334745407104,0.0,0.0,0.2982286810874939,0.0,0.0,0.0
"DM-10875",True,"train",0.02084825560450554,0.020849771797657013,0.020849943161010742,0.6843037009239197,0.020850203931331635,0.19058160483837128,0.02086719125509262,0.020849330350756645
"DM-18779",True,"train",0.0,0.0,0.0,0.976128101348877,0.0,0.0,0.0,0.0
"DM-1287",False,"train",0.012528249993920326,0.2608697712421417,0.012526420876383781,0.012524975463747978,0.012532432563602924,0.012524531222879887,0.6639682054519653,0.012525448575615883
"DM-15249",False,"train",0.0,0.0,0.0,0.0,0.5251507759094238,0.0,0.0,0.4477020800113678
"DM-9886",False,"train",0.0,0.0,0.09172487258911133,0.14283457398414612,0.2529577910900116,0.4888363778591156,0.0,0.0
"DM-5641",False,"train",0.0,0.0,0.0,0.0,0.2291295975446701,0.0,0.0,0.7540923357009888
"DM-4398",False,"train",0.0,0.0,0.0,0.0,0.0,0.0,0.0,0.9634531736373901
"DM-8873",False,"train",0.010443257167935371,0.01042802631855011,0.010428503155708313,0.01044202409684658,0.010446269065141678,0.9269533157348633,0.010428342036902905,0.010430226102471352
"DM-9306",False,"train",0.015635017305612564,0.015633590519428253,0.01563623920083046,0.8905302882194519,0.015637338161468506,0.01564650610089302,0.015647634863853455,0.01563337817788124
"DM-18689",False,"train",0.0,0.666450023651123,0.0,0.0,0.0,0.3100176155567169,0.0,0.0
"DM-9603",False,"train",0.0,0.0,0.0,0.4515746831893921,0.0,0.5398077964782715,0.0,0.0
"DM-5784",False,"train",0.40821120142936707,0.0,0.34661996364593506,0.05628585442900658,0.0,0.0,0.0,0.17613083124160767
"DM-4035",False,"train",0.0,0.0,0.40623295307159424,0.0,0.5488287210464478,0.0,0.0,0.025954432785511017
"DM-10878",False,"train",0.01563544012606144,0.015634281560778618,0.01563732884824276,0.8905078768730164,0.01564844511449337,0.015651116147637367,0.015649715438485146,0.0156357791274786
"DM-17908",False,"train",0.0,0.0,0.0,0.0,0.0,0.9436339139938354,0.0,0.0
"DM-16392",False,"train",0.0,0.0,0.0,0.1276858001947403,0.30680426955223083,0.5615836381912231,0.0,0.0
"DM-9940",False,"train",0.3004758059978485,0.0,0.0,0.0,0.6704810857772827,0.0,0.0,0.0
"DM-15349",False,"train",0.0,0.0,0.0,0.0,0.09521353244781494,0.0,0.8574884533882141,0.0
"DM-4920",False,"train",0.0,0.0,0.0,0.0,0.9756594896316528,0.0,0.0,0.0
"DM-4786",False,"train",0.025111576542258263,0.025129035115242004,0.025115573778748512,0.025132322683930397,0.025126978754997253,0.02512453868985176,0.025120677426457405,0.8241392374038696
"DM-7690",False,"train",0.0,0.0,0.0,0.7546921372413635,0.0,0.0,0.0,0.22835642099380493
"DM-16844",False,"train",0.0,0.0,0.0,0.3879176378250122,0.0,0.5815807580947876,0.0,0.0
"DM-6514",False,"train",0.0,0.0,0.0,0.0,0.7733113169670105,0.0,0.0,0.21608273684978485
"DM-18169",True,"train",0.015655286610126495,0.015659432858228683,0.015655267983675003,0.01565851829946041,0.01566459611058235,0.8903465270996094,0.015692146494984627,0.015668204054236412
"DM-10502",True,"train",0.0,0.0,0.0,0.0,0.9780896306037903,0.0,0.0,0.0
"DM-8001",False,"train",0.0,0.025929661467671394,0.0,0.0,0.8645091652870178,0.07104871422052383,0.0,0.035811346024274826
"DM-8707",False,"train",0.0,0.0,0.0,0.0,0.0,0.932540237903595,0.0,0.0
"DM-16296",True,"train",0.1064440980553627,0.5576257705688477,0.0,0.0,0.3201494812965393,0.0,0.0,0.0
"DM-5545",False,"train",0.019597897306084633,0.019591527059674263,0.019589034840464592,0.01959197409451008,0.8628050684928894,0.01964513771235943,0.01958734169602394,0.019592005759477615
"DM-10346",False,"train",0.0,0.0,0.0,0.0,0.23855774104595184,0.0,0.0,0.7319999933242798
"DM-10482",False,"train",0.0,0.0,0.06437008827924728,0.0,0.0,0.9044361710548401,0.0,0.0
"DM-15928",True,"train",0.010492432862520218,0.5652862787246704,0.010493438690900803,0.010499386116862297,0.010510065592825413,0.010499821975827217,0.010491147637367249,0.3717273771762848
"DM-7498",True,"train",0.0,0.0,0.0,0.0,0.9370929002761841,0.0,0.0,0.0
"DM-2178",False,"train",0.0,0.0,0.0,0.0,0.11753611266613007,0.46632349491119385,0.40285593271255493,0.0
"DM-15106",False,"train",0.0,0.0,0.0,0.0,0.9579296708106995,0.0,0.0,0.0
"DM-14040",False,"train",0.01566004566848278,0.5443410873413086,0.2285185605287552,0.015660792589187622,0.015675287693738937,0.015676984563469887,0.01567392796278,0.1487932801246643
"DM-8294",False,"train",0.011106761172413826,0.3382017910480499,0.01110956259071827,0.011115320958197117,0.011129288002848625,0.011110820807516575,0.011128794401884079,0.5950976014137268
"DM-10823",False,"train",0.0,0.0,0.0,0.0,0.7360490560531616,0.15539593994617462,0.0,0.08471120148897171
"DM-7900",False,"train",0.0,0.012308928184211254,0.0,0.0,0.9608359336853027,0.0,0.0,0.0
"DM-4129",False,"train",0.0,0.0,0.5666276216506958,0.1142951175570488,0.1524249017238617,0.1488146185874939,0.0,0.0
"DM-10461",False,"train",0.01059925090521574,0.010601065121591091,0.01060951966792345,0.6636386513710022,0.010609233751893044,0.0106083108112216,0.01059935986995697,0.27273455262184143
"DM-764",False,"train",0.0,0.0,0.0,0.5789636969566345,0.31838467717170715,0.0,0.0696909949183464,0.0
"DM-18453",False,"train",0.0,0.0,0.0,0.0,0.9511853456497192,0.0,0.0,0.0
"DM-10971",False,"train",0.0,0.0,0.0,0.0,0.0,0.0,0.20819801092147827,0.7445960640907288
"DM-15845",False,"train",0.0,0.0,0.0,0.0,0.9646063446998596,0.0,0.0,0.0
"DM-5874",False,"train",0.0,0.0,0.0,0.23382480442523956,0.5366156697273254,0.14711081981658936,0.06797183305025101,0.0
"DM-7271",False,"train",0.0,0.0,0.29772892594337463,0.19746257364749908,0.0,0.4842471480369568,0.0,0.0
"DM-9750",False,"train",0.0,0.0,0.0,0.509694516658783,0.0,0.0,0.46530160307884216,0.0
"DM-14029",True,"train",0.0,0.0,0.0,0.0,0.3594140112400055,0.0,0.0,0.6206431984901428
"DM-9853",False,"train",0.0,0.0,0.0,0.17555329203605652,0.0,0.6555352210998535,0.0,0.14264293015003204
"DM-6635",False,"train",0.01376071386039257,0.013752707280218601,0.013758571818470955,0.9037144184112549,0.013753320090472698,0.0137570109218359,0.01375137735158205,0.013751894235610962
"DM-10795",False,"train",0.0,0.0,0.0,0.0,0.0,0.960152268409729,0.0,0.0
"DM-9873",False,"train",0.0,0.0,0.2571974992752075,0.09532682597637177,0.2752748727798462,0.12970656156539917,0.23815031349658966,0.0
"DM-10394",False,"train",0.0,0.0,0.0,0.2429756373167038,0.6687324047088623,0.0,0.05998234450817108,0.0
"DM-10384",True,"train",0.0,0.0,0.0,0.9512801170349121,0.0,0.0,0.0,0.0
"DM-7139",False,"train",0.0,0.49721771478652954,0.0,0.0,0.0,0.1429356187582016,0.33570507168769836,0.0
"DM-13878",False,"train",0.0,0.0,0.0,0.0,0.0,0.9741775989532471,0.0,0.0
"DM-8542",False,"train",0.0,0.0,0.0,0.7479279041290283,0.0,0.0,0.0,0.2332092672586441
"DM-3438",False,"train",0.09408179670572281,0.0,0.0,0.0,0.8927397131919861,0.0,0.0,0.0
"DM-10452",False,"train",0.3964165151119232,0.0,0.0,0.05588623508810997,0.0,0.5103967189788818,0.0,0.0
"DM-1514",False,"train",0.3306733965873718,0.0,0.18207374215126038,0.4591962397098541,0.0,0.0,0.0,0.0
"DM-11117",False,"train",0.0,0.1421547383069992,0.0,0.0,0.0,0.8197773694992065,0.0,0.0
"DM-12211",True,"train",0.0,0.0,0.0,0.0,0.0,0.0,0.0,0.9821019172668457
"DM-7221",False,"train",0.0,0.0,0.032945647835731506,0.1917361468076706,0.39330440759658813,0.01632647030055523,0.0,0.3634190559387207
"DM-441",False,"train",0.0,0.08559758216142654,0.0,0.5485576391220093,0.35887688398361206,0.0,0.0,0.0
"DM-17525",False,"train",0.0,0.0,0.0,0.7601094841957092,0.20231755077838898,0.0,0.0,0.0
"DM-2883",False,"train",0.32807275652885437,0.0,0.0,0.0,0.0,0.0,0.5216999650001526,0.1358577460050583
"DM-9585",False,"train",0.011390511877834797,0.011404700577259064,0.011389126069843769,0.9202075004577637,0.011408795602619648,0.011401593685150146,0.011406912468373775,0.011390906758606434
"DM-5357",False,"train",0.010464455932378769,0.01047180313616991,0.010472163558006287,0.01047127041965723,0.926727294921875,0.010467820800840855,0.010463706217706203,0.010461485013365746
"DM-5320",False,"train",0.0,0.0,0.0,0.0,0.8320770263671875,0.0,0.0,0.15064957737922668
"DM-3894",False,"train",0.0,0.0,0.0,0.0,0.0,0.49462267756462097,0.0,0.47406861186027527
"DM-5823",False,"train",0.0,0.0,0.0,0.3831038177013397,0.0,0.49399736523628235,0.09109841287136078,0.0
"DM-11772",False,"train",0.0,0.0,0.0,0.0,0.5960846543312073,0.0,0.0,0.39253535866737366
"DM-6083",False,"train",0.0,0.41452014446258545,0.0,0.0,0.5403647422790527,0.0,0.0,0.0
"DM-2137",False,"train",0.5756533145904541,0.020851485431194305,0.020848264917731285,0.020853878930211067,0.29920241236686707,0.02087382599711418,0.020848054438829422,0.020868772640824318
"DM-4829",True,"train",0.011370291002094746,0.01137478742748499,0.01137001533061266,0.011372637934982777,0.9203959703445435,0.01137284655123949,0.011370820924639702,0.01137264259159565
"DM-4504",True,"train",0.01563103124499321,0.015630314126610756,0.01563866250216961,0.015657098963856697,0.01565364934504032,0.015636321157217026,0.015648722648620605,0.8905041813850403
"DM-9604",False,"train",0.0,0.0,0.0,0.39829468727111816,0.34392407536506653,0.06167570501565933,0.0,0.17613397538661957
"DM-1296",False,"train",0.0,0.0,0.0,0.0,0.9637864232063293,0.0,0.0,0.0
"DM-1147",False,"train",0.012755949050188065,0.012782934121787548,0.48481088876724243,0.4385984539985657,0.012768520042300224,0.012757353484630585,0.012755515053868294,0.01277040783315897
"DM-8454",False,"train",0.02505405619740486,0.025012318044900894,0.025014109909534454,0.8248116374015808,0.02506154216825962,0.025018947198987007,0.02501182071864605,0.025015583261847496
"DM-15084",False,"train",0.0,0.0,0.0,0.0,0.4815390110015869,0.0,0.3775099813938141,0.10932925343513489
"DM-13496",False,"train",0.0,0.0,0.0,0.0,0.554182231426239,0.0,0.0,0.4120752215385437
"DM-8888",False,"train",0.0,0.0,0.0,0.39553624391555786,0.0,0.4161105155944824,0.17906968295574188,0.0
"DM-6538",False,"train",0.0,0.0,0.0,0.0,0.5639702677726746,0.0,0.4000660479068756,0.0
"DM-4499",True,"train",0.017863204702734947,0.01786329597234726,0.017867615446448326,0.017884792760014534,0.4609052836894989,0.01788630336523056,0.01787671633064747,0.431852787733078
"DM-419",True,"train",0.035604894161224365,0.03561128303408623,0.035610880702733994,0.035611800849437714,0.7507373690605164,0.035607606172561646,0.035606879740953445,0.035609275102615356
"DM-7452",False,"train",0.9662744998931885,0.0,0.0,0.0,0.0,0.0,0.0,0.0
"DM-8870",False,"train",0.011114001274108887,0.011096682399511337,0.011096754111349583,0.011112513020634651,0.011118534952402115,0.9222652316093445,0.011097096838057041,0.01109917089343071
"DM-13878",False,"train",0.0,0.0,0.0,0.0,0.0,0.9741775989532471,0.0,0.0
"DM-1312",True,"train",0.0,0.9561115503311157,0.0,0.0,0.0,0.0,0.0,0.0
"DM-1813",False,"train",0.0,0.19033360481262207,0.2780689299106598,0.4923989474773407,0.0,0.0,0.0,0.0
"DM-11898",False,"train",0.0,0.0,0.0,0.9373005032539368,0.0,0.0,0.0,0.0
"DM-4165",False,"train",0.0,0.0,0.0,0.19573885202407837,0.10594213753938675,0.1408202350139618,0.0,0.5450955629348755
"DM-13787",False,"train",0.0,0.0,0.8529177904129028,0.0,0.11283697932958603,0.0,0.027261944487690926,0.0
"DM-10429",False,"train",0.0,0.0,0.42097049951553345,0.2584780156612396,0.30628710985183716,0.0,0.0,0.0
"DM-1573",False,"train",0.0,0.0,0.0,0.0,0.0,0.9415730237960815,0.0,0.0
"DM-5835",False,"train",0.0,0.948259174823761,0.0,0.0,0.0,0.0,0.0,0.0
"DM-14306",False,"train",0.0,0.0,0.0,0.09187643229961395,0.3047865331172943,0.0,0.5760121941566467,0.0
"DM-1766",True,"train",0.0,0.0,0.0,0.0,0.0,0.0,0.0,0.9663039445877075
"DM-2552",False,"train",0.0,0.994704008102417,0.0,0.0,0.0,0.0,0.0,0.0
"DM-10875",True,"train",0.02084825560450554,0.020849771797657013,0.020849943161010742,0.6843037009239197,0.020850203931331635,0.19058160483837128,0.02086719125509262,0.020849330350756645
"DM-967",False,"train",0.0,0.4123583734035492,0.25613856315612793,0.0,0.0,0.31784164905548096,0.0,0.0
"DM-11811",False,"train",0.012657573446631432,0.01264054886996746,0.012633198872208595,0.012640057131648064,0.9115098714828491,0.012638582848012447,0.012636048719286919,0.012644090689718723
"DM-13851",False,"train",0.0,0.10244263708591461,0.0353248231112957,0.5733335614204407,0.0,0.27824729681015015,0.0,0.0
"DM-17451",False,"train",0.0,0.0,0.7855612635612488,0.0,0.20451772212982178,0.0,0.0,0.0
"DM-527",False,"train",0.0,0.0,0.0,0.9634761214256287,0.0,0.0,0.0,0.0
"DM-8215",True,"train",0.0,0.0,0.2661796510219574,0.0,0.44744354486465454,0.1423017978668213,0.0,0.139656201004982
"DM-16418",False,"train",0.0,0.0,0.0,0.0,0.0,0.0,0.9374269843101501,0.0
"DM-10369",False,"train",0.0,0.0,0.0,0.9430477023124695,0.0,0.0,0.0,0.0
"DM-15916",False,"train",0.0,0.0,0.0,0.0,0.15875451266765594,0.6773996353149414,0.0,0.1507803201675415
"DM-514",True,"train",0.02506137266755104,0.025060266256332397,0.02508070319890976,0.02505919337272644,0.02506130188703537,0.025066541507840157,0.8245500326156616,0.025060605257749557
"DM-1573",False,"train",0.0,0.0,0.0,0.0,0.0,0.9415730237960815,0.0,0.0
"DM-13625",False,"train",0.0,0.0,0.0,0.0,0.0,0.0,0.0,0.9848949313163757
"DM-18323",False,"train",0.9163899421691895,0.011950519867241383,0.011935976333916187,0.011944453231990337,0.011953490786254406,0.011944292113184929,0.011933701112866402,0.01194758154451847
"DM-1445",False,"train",0.030552376061677933,0.030589530244469643,0.030588490888476372,0.2934214770793915,0.030587106943130493,0.030559690669178963,0.5231556296348572,0.030545692890882492
"DM-5759",True,"train",0.0,0.0,0.0,0.0,0.15945883095264435,0.821242094039917,0.0,0.0
"DM-3245",True,"train",0.0,0.9601773023605347,0.0,0.0,0.0,0.0,0.0,0.0
"DM-14139",False,"train",0.0,0.0,0.0,0.0,0.958004891872406,0.0,0.0,0.0
"DM-6363",False,"train",0.04241711273789406,0.042417190968990326,0.04241710528731346,0.04241703450679779,0.04241703450679779,0.7030800580978394,0.04241731017827988,0.04241715744137764
"DM-13268",False,"train",0.1336962729692459,0.03448477014899254,0.0,0.5547868609428406,0.215889573097229,0.05134141445159912,0.0,0.0
"DM-7805",False,"train",0.0,0.0,0.0,0.0,0.0,0.10675567388534546,0.0,0.8704075217247009
"DM-14722",False,"train",0.021069666370749474,0.021064504981040955,0.021064918488264084,0.021081436425447464,0.8524913787841797,0.02108089253306389,0.02107231691479683,0.021074941381812096
"DM-8122",False,"train",0.0,0.20945027470588684,0.0,0.7775501012802124,0.0,0.0,0.0,0.0
"DM-13973",False,"train",0.0,0.9484825730323792,0.0,0.0,0.0,0.0,0.0,0.0
"DM-13192",False,"train",0.0,0.0,0.0,0.0,0.33281996846199036,0.0,0.0,0.6276649236679077
"DM-13411",False,"train",0.0,0.0,0.9915710687637329,0.0,0.0,0.0,0.0,0.0
"DM-6125",False,"train",0.0,0.0,0.0,0.7919884920120239,0.18216966092586517,0.0,0.0,0.0
"DM-8755",False,"train",0.01562776416540146,0.015628190711140633,0.015628615394234657,0.015631921589374542,0.015638228505849838,0.01563492976129055,0.890572190284729,0.015638191252946854
"DM-8166",False,"train",0.018433963879942894,0.01844158209860325,0.018425364047288895,0.018434885889291763,0.018447862938046455,0.01843389868736267,0.018430117517709732,0.870952308177948
"DM-14643",False,"train",0.03138933330774307,0.03126038238406181,0.03131183981895447,0.03132668882608414,0.0312638096511364,0.031265486031770706,0.7809105515480042,0.03127191960811615
"DM-17399",False,"train",0.0,0.0,0.0,0.40419453382492065,0.3579850196838379,0.23046539723873138,0.0,0.0
"DM-1815",False,"train",0.0,0.0,0.5686419606208801,0.0,0.0,0.0,0.2056279182434082,0.1927492469549179
"DM-7783",False,"train",0.0,0.0,0.0,0.5423054099082947,0.0,0.3309330642223358,0.0,0.08539517223834991
"DM-14742",False,"train",0.3832310438156128,0.0,0.0,0.0,0.20849741995334625,0.39516153931617737,0.0,0.0
"DM-9535",False,"train",0.9817391037940979,0.0,0.0,0.0,0.0,0.0,0.0,0.0
"DM-2627",False,"train",0.08271188288927078,0.28938034176826477,0.0,0.0,0.40765613317489624,0.20732885599136353,0.0,0.0
"DM-3952",False,"train",0.0,0.0,0.8196655511856079,0.0,0.0,0.0,0.15122269093990326,0.0
"DM-3257",True,"train",0.0,0.0,0.0,0.0,0.0,0.9627398252487183,0.0,0.0
"DM-8434",True,"train",0.0,0.0,0.0,0.8419063687324524,0.0,0.0,0.0,0.10030842572450638
"DM-7045",False,"train",0.0,0.0,0.0,0.0,0.0,0.9634356498718262,0.0,0.0
"DM-13489",False,"train",0.0,0.0,0.0,0.5275295376777649,0.08377482742071152,0.0,0.0,0.3788778483867645
"DM-14721",False,"train",0.013092005625367165,0.013097883202135563,0.17740733921527863,0.01309732161462307,0.1819789707660675,0.5751315355300903,0.01310097798705101,0.013093973509967327
"DM-7784",False,"train",0.0,0.0,0.0,0.28418517112731934,0.0,0.7017436027526855,0.0,0.0
"DM-16535",False,"train",0.0,0.7939989566802979,0.0,0.0,0.18620382249355316,0.0,0.0,0.0
"DM-3686",False,"train",0.0,0.04193325340747833,0.0,0.0,0.9416272044181824,0.0,0.0,0.0
"DM-10093",False,"train",0.23032113909721375,0.018930956721305847,0.0,0.15394271910190582,0.21456076204776764,0.06269529461860657,0.3163418769836426,0.0
"DM-6983",False,"train",0.5031965374946594,0.492122620344162,0.0,0.0,0.0,0.0,0.0,0.0
"DM-9852",False,"train",0.0,0.0,0.0,0.8038128614425659,0.0,0.18200728297233582,0.0,0.0
"DM-6500",False,"train",0.0,0.0,0.0,0.0,0.0,0.9321660399436951,0.0,0.0
"DM-12117",False,"train",0.995737612247467,0.0,0.0,0.0,0.0,0.0,0.0,0.0
"DM-4780",False,"train",0.9062040448188782,0.0,0.0,0.02227214351296425,0.0,0.0,0.06251868605613708,0.0
"DM-18340",False,"train",0.0,0.0,0.0,0.0,0.0,0.0,0.0,0.9634838104248047
"DM-1771",False,"train",0.0,0.0,0.0,0.0,0.0,0.9696978330612183,0.0,0.0
"DM-10876",False,"train",0.020851057022809982,0.020851286128163338,0.02085261419415474,0.8540214896202087,0.02085385099053383,0.020850863307714462,0.020865049213171005,0.020853806287050247
"DM-2322",True,"train",0.9373709559440613,0.0,0.0,0.0,0.0,0.0,0.0,0.0
"DM-15513",False,"train",0.0,0.0,0.0,0.9538184404373169,0.0,0.0,0.0,0.0
"DM-17678",False,"train",0.03084537386894226,0.03086247481405735,0.2871096432209015,0.030877407640218735,0.5278075933456421,0.03085429221391678,0.03081599622964859,0.030827175825834274
"DM-2192",True,"train",0.0,0.0,0.0,0.0,0.9546540975570679,0.0,0.0,0.0
"DM-11803",False,"train",0.0,0.0,0.0,0.39914706349372864,0.0,0.42523446679115295,0.1545996218919754,0.0
"DM-13973",False,"train",0.0,0.9484825730323792,0.0,0.0,0.0,0.0,0.0,0.0
"DM-11764",False,"train",0.0275227352976799,0.0,0.12648507952690125,0.8372727036476135,0.0,0.0,0.0,0.0
"DM-6640",True,"train",0.0,0.0,0.0,0.43441906571388245,0.0,0.47601771354675293,0.0,0.07314038276672363
"DM-14708",True,"train",0.02126445434987545,0.8511033654212952,0.021258965134620667,0.021260906010866165,0.021266762167215347,0.02130219154059887,0.021266262978315353,0.021277131512761116
"DM-4704",False,"train",0.09104692935943604,0.30815234780311584,0.0,0.05255560576915741,0.0,0.0,0.0,0.5359650254249573
"DM-3511",True,"train",0.06258340179920197,0.561916172504425,0.06258340179920197,0.06258339434862137,0.06258339434862137,0.06258340179920197,0.06258343160152435,0.06258340924978256
"DM-11319",False,"train",0.0,0.6275097727775574,0.0,0.20776726305484772,0.0,0.14384174346923828,0.0,0.0
"DM-2708",False,"train",0.0,0.0,0.3214753568172455,0.6516769528388977,0.0,0.0,0.0,0.0
"DM-5885",False,"train",0.0,0.05403078347444534,0.0,0.0,0.7274665236473083,0.0,0.0,0.19439491629600525
"DM-14762",True,"train",0.0,0.0,0.0,0.0,0.3935112953186035,0.5655925273895264,0.027725331485271454,0.0
"DM-10149",False,"train",0.0,0.0,0.0,0.9325787425041199,0.0,0.0,0.0,0.0
"DM-12464",False,"train",0.010704224929213524,0.010701662860810757,0.01069578155875206,0.7408502101898193,0.010711717419326305,0.010701661929488182,0.01070438139140606,0.19493034482002258
"DM-9371",False,"train",0.3341853618621826,0.0,0.0,0.0,0.0,0.0,0.0,0.6093266606330872
"DM-12918",True,"train",0.0,0.0,0.0,0.9618841409683228,0.0,0.0,0.0,0.0
"DM-13747",False,"train",0.0,0.0,0.5492848753929138,0.0,0.0,0.0,0.0,0.39429226517677307
"DM-3960",False,"train",0.9257909655570984,0.01061070617288351,0.010588261298835278,0.010600708425045013,0.010603263042867184,0.010592889972031116,0.010594903491437435,0.010618263855576515
"DM-3090",False,"train",0.0,0.0,0.0,0.9415202140808105,0.0,0.0,0.0,0.0
"DM-14574",False,"train",0.0,0.4823261797428131,0.0,0.0,0.34291383624076843,0.1562589704990387,0.0,0.0
"DM-5122",False,"train",0.06768105179071426,0.10217301547527313,0.40738895535469055,0.0,0.0,0.4198167622089386,0.0,0.0
"DM-17214",False,"train",0.0,0.0,0.0,0.0,0.0,0.0,0.0,0.9538984298706055
"DM-10189",True,"train",0.0,0.0,0.0,0.30247896909713745,0.0,0.6787249445915222,0.0,0.0
"DM-8706",False,"train",0.0,0.0,0.0,0.0,0.0,0.43938618898391724,0.0,0.5297149419784546
"DM-5782",False,"train",0.057066746056079865,0.0,0.0,0.0,0.9052526354789734,0.0,0.0,0.0
"DM-13811",False,"train",0.0,0.0,0.0,0.0,0.546920120716095,0.0,0.438343346118927,0.0
"DM-5162",False,"train",0.0,0.0,0.0,0.2785051465034485,0.6337770819664001,0.0,0.0,0.07115888595581055
"DM-4438",False,"train",0.0,0.35150790214538574,0.0,0.0,0.0,0.590640127658844,0.0,0.0
"DM-609",False,"train",0.0,0.655908465385437,0.0,0.0,0.0,0.14951644837856293,0.0,0.1812480241060257
"DM-6360",False,"train",0.0,0.0,0.0,0.0,0.5272320508956909,0.0,0.0,0.4417521357536316
"DM-7780",False,"train",0.015677189454436302,0.015679778531193733,0.015663418918848038,0.8902787566184998,0.01567014865577221,0.015680894255638123,0.015666212886571884,0.01568363606929779
"DM-2708",False,"train",0.0,0.0,0.3214753568172455,0.6516769528388977,0.0,0.0,0.0,0.0
"DM-11729",False,"train",0.9733650088310242,0.0,0.0,0.0,0.0,0.0,0.0,0.0
"DM-8665",False,"train",0.0,0.0,0.0,0.0,0.0,0.0,0.0,0.9484513998031616
"DM-4210",False,"train",0.0,0.0,0.4086850881576538,0.0,0.0,0.21202999353408813,0.0,0.360272616147995
"DM-17344",True,"train",0.0,0.0,0.0,0.7029623985290527,0.0,0.252861350774765,0.0,0.0
"DM-11718",True,"train",0.0,0.0,0.0,0.0,0.28781071305274963,0.698729395866394,0.0,0.0
"DM-7928",False,"train",0.0,0.0,0.0,0.0,0.42477667331695557,0.5397598147392273,0.0,0.0
"DM-4590",True,"train",0.0,0.0,0.0,0.0,0.0,0.38110506534576416,0.0,0.5783277153968811
"DM-17909",False,"train",0.6358357667922974,0.3283153176307678,0.0,0.0,0.0,0.0,0.0,0.0
"DM-1810",False,"train",0.0,0.0,0.6125981211662292,0.0,0.3569754958152771,0.0,0.0,0.0
"DM-14287",False,"train",0.0,0.0847935602068901,0.0,0.0,0.3793138563632965,0.5188032984733582,0.0,0.0
"DM-6656",False,"train",0.0,0.0,0.0,0.5257654786109924,0.0,0.13312192261219025,0.0,0.33411625027656555
"DM-17525",False,"train",0.0,0.0,0.0,0.7601094841957092,0.20231755077838898,0.0,0.0,0.0
"DM-15450",False,"train",0.0,0.0,0.0,0.9840077757835388,0.0,0.0,0.0,0.0
"DM-13601",False,"train",0.05240829661488533,0.0,0.0,0.682798445224762,0.019057340919971466,0.2404778152704239,0.0,0.0
"DM-7174",False,"train",0.9202711582183838,0.01138417236506939,0.011389270424842834,0.011392033658921719,0.011396456509828568,0.011395223438739777,0.011385208927094936,0.011386471800506115
"DM-7255",False,"train",0.0,0.0,0.0,0.0,0.2639520764350891,0.7282336950302124,0.0,0.0
"DM-9571",False,"train",0.0,0.44736796617507935,0.0,0.0,0.5197809338569641,0.0,0.0,0.0
"DM-8636",True,"train",0.1544908732175827,0.0,0.0,0.0,0.4168296754360199,0.3982677757740021,0.0,0.0
"DM-7273",False,"train",0.0,0.0,0.0,0.08841191977262497,0.12489499151706696,0.7235782742500305,0.0,0.051391709595918655
"DM-6352",False,"train",0.0,0.11277574300765991,0.0,0.0,0.0,0.7594138383865356,0.08979273587465286,0.0
"DM-8528",False,"train",0.319324254989624,0.0,0.0,0.0,0.0,0.21783098578453064,0.0,0.4179838001728058
"DM-9002",False,"train",0.12060722708702087,0.0,0.0,0.0,0.0,0.867066502571106,0.0,0.0
"DM-16048",True,"train",0.0,0.0,0.0,0.09708263725042343,0.14105680584907532,0.0,0.0,0.7497023344039917
"DM-12102",False,"train",0.0,0.0,0.7362836003303528,0.0,0.0,0.21769149601459503,0.0,0.0
"DM-444",False,"train",0.8629258871078491,0.019564805552363396,0.019568173214793205,0.01960195228457451,0.019584370777010918,0.019611429423093796,0.01956934481859207,0.019574075937271118
"DM-5288",False,"train",0.4158928692340851,0.0,0.0,0.4227907657623291,0.0,0.0,0.0,0.15058687329292297
"DM-25",False,"train",0.0,0.6307412385940552,0.31329190731048584,0.0,0.0,0.0,0.0,0.0
"DM-4393",False,"train",0.0,0.0,0.0,0.495900422334671,0.0,0.49318355321884155,0.0,0.0
"DM-14168",False,"train",0.0,0.2901504337787628,0.07232251018285751,0.0,0.622755229473114,0.0,0.0,0.0
"DM-16023",False,"train",0.0,0.0,0.0,0.8309280276298523,0.1596679538488388,0.0,0.0,0.0
"DM-15742",False,"train",0.0,0.0,0.0,0.0,0.19173704087734222,0.784686803817749,0.0,0.0
"DM-7378",False,"train",0.0,0.9374372363090515,0.0,0.0,0.0,0.0,0.0,0.0
"DM-10236",False,"train",0.0,0.0,0.0,0.7114468216896057,0.0,0.2748563587665558,0.0,0.0
"DM-8088",True,"train",0.0,0.0,0.0,0.9929815530776978,0.0,0.0,0.0,0.0
"DM-8059",False,"train",0.0,0.0,0.0,0.0,0.12354479730129242,0.8642375469207764,0.0,0.0
"DM-12364",False,"train",0.0,0.293087363243103,0.0,0.0,0.0,0.39244285225868225,0.2740575075149536,0.0
"DM-7117",False,"train",0.0,0.0,0.0,0.9909619092941284,0.0,0.0,0.0,0.0
"DM-11871",False,"train",0.012529493309557438,0.012532307766377926,0.012529286555945873,0.012539593502879143,0.4333938658237457,0.012535086832940578,0.4913984537124634,0.012541953474283218
"DM-18039",False,"train",0.0,0.0,0.23185771703720093,0.0,0.7211430668830872,0.0,0.0,0.0
"DM-11758",False,"train",0.0,0.0,0.0,0.2916681170463562,0.0,0.6663863062858582,0.0,0.0
"DM-13405",False,"train",0.0,0.06820490211248398,0.0,0.0,0.5030632019042969,0.0,0.0,0.39859071373939514
"DM-14001",False,"train",0.01563539355993271,0.6563318371772766,0.015681762248277664,0.24973691999912262,0.015639791265130043,0.01563987508416176,0.01563519611954689,0.015699226409196854
"DM-16253",True,"train",0.0,0.0,0.0,0.0,0.0,0.9408329725265503,0.0,0.0
"DM-9498",False,"train",0.0,0.0,0.030046237632632256,0.04016337916254997,0.30784285068511963,0.0,0.0,0.6100040078163147
"DM-1309",False,"train",0.05968403071165085,0.4861413240432739,0.0,0.0,0.0,0.0,0.19478486478328705,0.24638357758522034
"DM-604",False,"train",0.0,0.0,0.0,0.9860567450523376,0.0,0.0,0.0,0.0
"DM-5782",False,"train",0.057066746056079865,0.0,0.0,0.0,0.9052526354789734,0.0,0.0,0.0
"DM-3437",False,"train",0.0,0.0,0.13892146944999695,0.0,0.824687123298645,0.0,0.0,0.0
"DM-1462",False,"train",0.0,0.0,0.0,0.9373461604118347,0.0,0.0,0.0,0.0
"DM-8084",False,"train",0.8804985880851746,0.0,0.11691660434007645,0.0,0.0,0.0,0.0,0.0
"DM-4398",False,"train",0.0,0.0,0.0,0.0,0.0,0.0,0.0,0.9634531736373901
"DM-15319",True,"train",0.020863540470600128,0.02087429352104664,0.020859183743596077,0.02085311897099018,0.21761447191238403,0.020853569731116295,0.6572191119194031,0.020862679928541183
"DM-5435",False,"train",0.2892654836177826,0.0,0.0,0.0,0.427506685256958,0.2590568959712982,0.0,0.0
"DM-17529",False,"train",0.02145189605653286,0.0,0.7685815095901489,0.0,0.19196972250938416,0.0,0.0,0.0
"DM-8227",False,"train",0.4421197175979614,0.0,0.17632925510406494,0.05484751611948013,0.0,0.31285640597343445,0.0,0.0
"DM-11609",False,"train",0.0,0.0,0.0,0.0,0.9726194739341736,0.0,0.0,0.0
"DM-5307",False,"train",0.0,0.6073545217514038,0.0,0.0,0.36723557114601135,0.0,0.0,0.0
"DM-12407",False,"train",0.0156328696757555,0.015637483447790146,0.015631869435310364,0.015654241666197777,0.015655608847737312,0.015663906931877136,0.8904798626899719,0.015644190832972527
"DM-9049",False,"train",0.0,0.0,0.0,0.2977888882160187,0.1917145997285843,0.16290555894374847,0.33919739723205566,0.0
"DM-5185",True,"train",0.020845618098974228,0.1990230530500412,0.02090327814221382,0.020849552005529404,0.6757898330688477,0.020874349400401115,0.020845690742135048,0.02086864411830902
"DM-3176",False,"train",0.017827099189162254,0.376069575548172,0.01782926358282566,0.01783374696969986,0.5169477462768555,0.0178325604647398,0.017834272235631943,0.017825696617364883
"DM-10500",False,"train",0.0,0.0,0.0,0.0,0.24032004177570343,0.0,0.0,0.7253449559211731
"DM-11289",False,"train",0.0,0.0,0.0,0.4955635070800781,0.0,0.0,0.0,0.4883699119091034
"DM-3653",False,"train",0.011379435658454895,0.011378437280654907,0.011377756483852863,0.011377825401723385,0.011389766819775105,0.011379332281649113,0.011378936469554901,0.9203385710716248
"DM-7590",False,"train",0.01060281228274107,0.010594269260764122,0.010583162307739258,0.010607986710965633,0.9258222579956055,0.010583983734250069,0.01060908567160368,0.010596433654427528
"DM-7665",False,"train",0.0,0.0,0.03711387515068054,0.0,0.2364141345024109,0.04064285010099411,0.0,0.6767017245292664
"DM-10873",False,"train",0.020840903744101524,0.020842015743255615,0.02084241434931755,0.6209957599639893,0.02084246091544628,0.020841628313064575,0.25395292043685913,0.02084190770983696
"DM-10197",False,"train",0.0,0.0,0.36833062767982483,0.3200869858264923,0.0,0.0,0.2821996212005615,0.0
"DM-7593",False,"train",0.0,0.0,0.0,0.0,0.08652588725090027,0.8717420697212219,0.0,0.0
"DM-1974",False,"train",0.0,0.0,0.0,0.0,0.0,0.6625150442123413,0.0,0.3106098473072052
"DM-8216",False,"train",0.0,0.23290613293647766,0.0,0.34002602100372314,0.0,0.34636935591697693,0.06273544579744339,0.0
"DM-2837",False,"train",0.0,0.0,0.0,0.8672535419464111,0.11671826988458633,0.0,0.0,0.0
"DM-4214",False,"train",0.0,0.0,0.0,0.49235799908638,0.0,0.4999648630619049,0.0,0.0
"DM-7653",False,"train",0.31184664368629456,0.0,0.19779647886753082,0.0,0.25339066982269287,0.0,0.0,0.21311724185943604
"DM-4410",True,"train",0.0,0.0,0.0,0.14851944148540497,0.8315477967262268,0.0,0.0,0.0
"DM-8594",False,"train",0.0,0.0,0.0,0.0,0.0,0.11576542258262634,0.44490280747413635,0.4121234118938446
"DM-15417",False,"train",0.0,0.0,0.0,0.0,0.9762569069862366,0.0,0.0,0.0
"DM-4579",False,"train",0.0,0.0,0.0,0.0,0.9373931884765625,0.0,0.0,0.0
"DM-14125",False,"train",0.0,0.0,0.0,0.0,0.14696583151817322,0.0,0.0,0.809916079044342
"DM-17611",False,"train",0.0,0.0,0.0,0.0,0.8737863898277283,0.0,0.03524762764573097,0.07306727766990662
"DM-7090",True,"train",0.0,0.0,0.0,0.15587852895259857,0.0,0.24589446187019348,0.0,0.576074481010437
"DM-10370",False,"train",0.0,0.0,0.0,0.20710189640522003,0.2259833812713623,0.0,0.0,0.5481444597244263
"DM-15249",False,"train",0.0,0.0,0.0,0.0,0.5251507759094238,0.0,0.0,0.4477020800113678
"DM-12315",False,"train",0.09335185587406158,0.0,0.0,0.0,0.4414428174495697,0.3765173852443695,0.0,0.07028388231992722
"DM-14997",True,"train",0.0,0.2467934638261795,0.0,0.0,0.7452903985977173,0.0,0.0,0.0
"DM-5452",False,"train",0.0,0.0,0.0,0.2690751552581787,0.0,0.6966664791107178,0.0,0.0
"DM-10102",False,"train",0.40413975715637207,0.25561028718948364,0.0,0.0,0.32834088802337646,0.0,0.0,0.0
"DM-9615",True,"train",0.0,0.0,0.0,0.934478759765625,0.0,0.0,0.0,0.0
"DM-17114",False,"train",0.0,0.4548797011375427,0.0,0.0,0.5023102760314941,0.0,0.0,0.0
"DM-7829",False,"train",0.0,0.0,0.0,0.0,0.0,0.5489455461502075,0.0,0.41882452368736267
"DM-10905",False,"train",0.07562316954135895,0.0,0.0,0.0,0.0,0.8925248980522156,0.0,0.0
"DM-6463",False,"train",0.0,0.0,0.0,0.9769018292427063,0.0,0.0,0.0,0.0
"DM-17687",False,"train",0.04213190823793411,0.04214789718389511,0.04212969169020653,0.042131200432777405,0.042175937443971634,0.042147260159254074,0.042155031114816666,0.7049810886383057
"DM-17281",False,"train",0.0,0.0,0.0,0.0,0.0,0.9707731604576111,0.0,0.0
"DM-5524",False,"train",0.0,0.0,0.0,0.30665090680122375,0.0,0.0,0.0,0.661803126335144
"DM-13450",False,"train",0.0,0.0,0.0,0.0,0.3193090558052063,0.6474135518074036,0.0,0.0
"DM-2983",False,"train",0.0,0.0,0.0,0.9374039173126221,0.0,0.0,0.0,0.0
"DM-16280",False,"train",0.0,0.0,0.0,0.0,0.83781898021698,0.0,0.0,0.12280584126710892
"DM-7567",False,"train",0.8881598114967346,0.0,0.09469711035490036,0.0,0.0,0.0,0.0,0.01220471691340208
"DM-6538",False,"train",0.0,0.0,0.0,0.0,0.5639702677726746,0.0,0.4000660479068756,0.0
"DM-16256",False,"train",0.0,0.0,0.0,0.0,0.0,0.9324604868888855,0.0,0.0
"DM-13506",False,"train",0.1194644644856453,0.24656875431537628,0.0,0.0,0.0,0.0,0.49864694476127625,0.09597919881343842
"DM-1616",False,"train",0.0,0.0,0.0,0.0,0.980086624622345,0.0,0.0,0.0
"DM-9542",True,"train",0.0,0.0,0.0,0.0,0.0,0.46987617015838623,0.0,0.49963435530662537
"DM-454",True,"train",0.03652174025774002,0.0,0.0,0.23969051241874695,0.1691649705171585,0.5465975999832153,0.0,0.0
"DM-13679",False,"train",0.01137622818350792,0.011375568807125092,0.011371981352567673,0.011373145505785942,0.011378050781786442,0.011374250054359436,0.01137356273829937,0.920377254486084
"DM-5323",False,"train",0.0,0.0,0.0,0.9507492184638977,0.0,0.0,0.0,0.0
"DM-12355",False,"train",0.0,0.0,0.0,0.08825451135635376,0.33061331510543823,0.10165204852819443,0.3175828754901886,0.15776118636131287
"DM-8102",False,"train",0.13638301193714142,0.0,0.0,0.0,0.33519357442855835,0.0,0.0,0.5011728405952454
"DM-4998",False,"train",0.0,0.0,0.07104617357254028,0.9216281175613403,0.0,0.0,0.0,0.0
"DM-8656",False,"train",0.0,0.08038253337144852,0.914624035358429,0.0,0.0,0.0,0.0,0.0
"DM-1579",False,"train",0.0,0.16973979771137238,0.0,0.0,0.2510952949523926,0.5592366456985474,0.0,0.0
"DM-7321",True,"train",0.0,0.13187983632087708,0.0,0.0,0.0,0.0,0.0,0.8412867188453674
"DM-2657",False,"train",0.0,0.0,0.0,0.0,0.20204290747642517,0.7664157748222351,0.0,0.0
"DM-13053",False,"train",0.0,0.0,0.0,0.3198310136795044,0.1661321222782135,0.269844651222229,0.0,0.23304538428783417
"DM-10197",False,"train",0.0,0.0,0.36833062767982483,0.3200869858264923,0.0,0.0,0.2821996212005615,0.0
"DM-10933",False,"train",0.0,0.4071406424045563,0.0,0.0,0.5543745160102844,0.0,0.0,0.0
"DM-12008",True,"train",0.0,0.0,0.0,0.7557353377342224,0.0,0.0,0.0,0.20849688351154327
"DM-16050",False,"train",0.0,0.0,0.0,0.0,0.7061445116996765,0.2694459557533264,0.0,0.0
"DM-16166",False,"train",0.09875159710645676,0.0,0.40742677450180054,0.0,0.4177854657173157,0.0,0.06890635192394257,0.0
"DM-8661",False,"train",0.0114949531853199,0.011503735557198524,0.01149692852050066,0.9195075631141663,0.011496668681502342,0.011496144346892834,0.01149691641330719,0.011507089249789715
"DM-1282",False,"train",0.0,0.0,0.0,0.0,0.4548339247703552,0.0,0.0,0.49362707138061523
"DM-4939",False,"train",0.0,0.0,0.1933102309703827,0.29973673820495605,0.0,0.46519383788108826,0.0,0.0
"DM-446",True,"train",0.0,0.0,0.0,0.25396299362182617,0.7142835259437561,0.0,0.0,0.0
"DM-12019",True,"train",0.5556390881538391,0.3939306437969208,0.0,0.0,0.0,0.0,0.0,0.0
"DM-1005",False,"train",0.015638310462236404,0.015651974827051163,0.015658607706427574,0.01563793234527111,0.01565954089164734,0.8904767036437988,0.015644244849681854,0.01563270203769207
"DM-16655",False,"train",0.0,0.4126252830028534,0.07183542102575302,0.0,0.0,0.4850618243217468,0.0,0.0
"DM-8428",False,"train",0.010861990973353386,0.41029614210128784,0.010845005512237549,0.010848179459571838,0.5245986580848694,0.010854975320398808,0.010842228308320045,0.010852796025574207
"DM-2950",False,"train",0.0,0.0,0.0,0.0,0.9714342951774597,0.0,0.0,0.0
"DM-8419",False,"train",0.02036818116903305,0.02035822533071041,0.020359497517347336,0.8574476838111877,0.020376725122332573,0.02036033198237419,0.020369693636894226,0.02035963162779808
"DM-11255",False,"train",0.0,0.0,0.0,0.0,0.07037203758955002,0.908646821975708,0.0,0.0
"DM-15213",False,"train",0.3827398121356964,0.0,0.36383140087127686,0.0,0.0,0.0,0.0,0.23380616307258606
"DM-1611",True,"train",0.9203088879585266,0.01137576438486576,0.011383097618818283,0.011380406096577644,0.011393141001462936,0.011382250115275383,0.01138262078166008,0.011393777094781399
"DM-10502",True,"train",0.0,0.0,0.0,0.0,0.9780896306037903,0.0,0.0,0.0
"DM-5771",False,"train",0.0,0.0,0.0,0.0,0.6813949346542358,0.2968927025794983,0.0,0.0
"DM-7532",False,"train",0.0,0.0,0.0,0.6256518363952637,0.09176497161388397,0.0,0.27741795778274536,0.0
"DM-6463",False,"train",0.0,0.0,0.0,0.9769018292427063,0.0,0.0,0.0,0.0
"DM-13916",False,"train",0.0,0.2026321291923523,0.0,0.0,0.0,0.746904194355011,0.0,0.0
"DM-6141",False,"train",0.0,0.0,0.0,0.0,0.2975967228412628,0.19872725009918213,0.0,0.48471179604530334
"DM-7937",False,"train",0.0,0.0,0.0,0.27582454681396484,0.4724394381046295,0.20359203219413757,0.0,0.0
"DM-3512",True,"train",0.07177551835775375,0.0,0.0,0.0,0.08687293529510498,0.0,0.0,0.8124686479568481
"DM-5187",False,"train",0.0,0.15354245901107788,0.0,0.0,0.8266478180885315,0.0,0.0,0.0
"DM-16661",False,"train",0.0,0.0,0.0,0.6182445287704468,0.0,0.0,0.0,0.3712790906429291
"DM-17313",False,"train",0.010059835389256477,0.3364046514034271,0.010059854947030544,0.01006686594337225,0.6032049059867859,0.010078975930809975,0.010061457753181458,0.010063455440104008
"DM-5607",False,"train",0.0,0.0,0.0,0.8393589854240417,0.0,0.1415126472711563,0.0,0.0
"DM-1696",False,"train",0.49286624789237976,0.018463674932718277,0.018460847437381744,0.01848680153489113,0.39628687500953674,0.018491948023438454,0.018462521955370903,0.01848110742866993
"DM-16025",False,"train",0.0,0.30646950006484985,0.4066031277179718,0.0,0.2486751526594162,0.0,0.0,0.033460598438978195
"DM-17227",True,"train",0.04632268473505974,0.0,0.0,0.0,0.27202755212783813,0.6685311198234558,0.0,0.0
"DM-4893",False,"train",0.0,0.0,0.0,0.1928168088197708,0.4681851863861084,0.32082146406173706,0.0,0.0
"DM-8216",False,"train",0.0,0.23290613293647766,0.0,0.34002602100372314,0.0,0.34636935591697693,0.06273544579744339,0.0
"DM-1431",True,"train",0.5259154438972473,0.43994948267936707,0.0,0.0,0.0,0.0,0.0,0.0
"DM-5037",False,"train",0.0,0.0,0.0,0.0,0.9373340010643005,0.0,0.0,0.0
"DM-13222",True,"train",0.1649535745382309,0.0,0.0,0.0,0.2935422956943512,0.0,0.5149965882301331,0.0
"DM-1697",False,"train",0.2755300998687744,0.020860299468040466,0.020854754373431206,0.020875178277492523,0.599250316619873,0.020897934213280678,0.02085636742413044,0.02087506093084812
"DM-15800",False,"train",0.0,0.27497947216033936,0.0,0.0,0.0,0.0,0.0,0.6949718594551086
"DM-12794",False,"train",0.0,0.475613534450531,0.0,0.0,0.0,0.08832097053527832,0.40937456488609314,0.0
"DM-15108",False,"train",0.0,0.0,0.0,0.5549971461296082,0.39242005348205566,0.0,0.0,0.0
"DM-1331",False,"train",0.0,0.0,0.9675384759902954,0.0,0.0,0.0,0.0,0.0
"DM-4781",False,"train",0.0,0.0,0.09329508244991302,0.0,0.8901491761207581,0.0,0.0,0.0
"DM-17485",False,"train",0.015629908069968224,0.01562979631125927,0.015629509463906288,0.015631716698408127,0.015633512288331985,0.015638601034879684,0.015638919547200203,0.8905680179595947
"DM-13766",False,"train",0.18925951421260834,0.0,0.21242912113666534,0.566273033618927,0.0,0.0,0.0,0.0
"DM-10235",False,"train",0.0,0.0,0.0,0.9828111529350281,0.0,0.0,0.0,0.0
"DM-7462",False,"train",0.0,0.0,0.2627018690109253,0.0,0.09421125054359436,0.6347406506538391,0.0,0.0
"DM-14778",False,"train",0.0,0.0,0.0,0.6071352958679199,0.21514935791492462,0.10491487383842468,0.0,0.06566773355007172
"DM-5521",False,"train",0.01796049252152443,0.017958033829927444,0.01797359623014927,0.018010219559073448,0.8741850256919861,0.01795971766114235,0.01797652803361416,0.017976364120841026
"DM-8818",False,"train",0.0,0.0,0.0,0.9619125723838806,0.0,0.0,0.0,0.0
"DM-6647",False,"train",0.0,0.0,0.0,0.7415016293525696,0.0,0.2424767166376114,0.0,0.0
"DM-11479",True,"train",0.0,0.0,0.2357141673564911,0.21535207331180573,0.5265412330627441,0.0,0.0,0.0
"DM-12611",False,"train",0.2667272686958313,0.0,0.09282135218381882,0.3130034804344177,0.31323182582855225,0.0,0.0,0.0
"DM-15352",False,"train",0.010450572706758976,0.010435035452246666,0.010436500422656536,0.010438801720738411,0.010434231720864773,0.01043983455747366,0.9269309639930725,0.010434091091156006
"DM-5218",False,"train",0.0,0.5105749368667603,0.0,0.08036074787378311,0.18679073452949524,0.0,0.18416444957256317,0.0
"DM-12389",True,"train",0.0,0.0,0.0,0.13873375952243805,0.24277475476264954,0.5943964719772339,0.0,0.0
"DM-13272",True,"train",0.0,0.0,0.0,0.0,0.0,0.9644219875335693,0.0,0.0
"DM-8647",False,"train",0.0,0.0,0.0,0.0,0.0,0.3769994378089905,0.4426226317882538,0.16689684987068176
"DM-11377",False,"train",0.0,0.0,0.0,0.0,0.0,0.0,0.9795998334884644,0.0
"DM-10305",False,"train",0.0,0.31004953384399414,0.036386895924806595,0.0,0.4632496237754822,0.05953005701303482,0.0,0.12006226181983948
"DM-13962",False,"train",0.01787291094660759,0.23460441827774048,0.01787693053483963,0.017893144860863686,0.6580544710159302,0.01788203977048397,0.017913324758410454,0.017902817577123642
"DM-5129",False,"train",0.010080601088702679,0.010081570595502853,0.01008015125989914,0.010081963613629341,0.9294244647026062,0.010084430687129498,0.010084236972033978,0.010082585737109184
"DM-1349",True,"train",0.0,0.0,0.0,0.0,0.0,0.4983721375465393,0.0,0.4502013325691223
"DM-8645",False,"train",0.0,0.0,0.0,0.37414759397506714,0.5095297694206238,0.0,0.1041530892252922,0.0
"DM-18520",False,"train",0.013950166292488575,0.013982659205794334,0.013948379084467888,0.013958827592432499,0.013950969092547894,0.013958681374788284,0.9023008346557617,0.013949497602880001
"DM-1135",False,"train",0.0,0.0,0.0,0.0,0.0,0.9742253422737122,0.0,0.0
"DM-1291",False,"train",0.0,0.0,0.0,0.0,0.9686644673347473,0.0,0.0,0.0
"DM-9965",False,"train",0.0,0.0,0.0,0.48691660165786743,0.47895923256874084,0.0,0.0,0.0
"DM-17487",False,"train",0.015629909932613373,0.01562979631125927,0.015629511326551437,0.015631718561053276,0.015633514150977135,0.01563859172165394,0.015640245750546455,0.8905667066574097
"DM-13811",False,"train",0.0,0.0,0.0,0.0,0.546920120716095,0.0,0.438343346118927,0.0
"DM-9553",False,"train",0.2783066928386688,0.0,0.0,0.0,0.7044522762298584,0.0,0.0,0.0
"DM-10362",True,"train",0.0,0.0,0.0,0.0,0.0,0.3549374043941498,0.5905165076255798,0.0
"DM-11682",False,"train",0.0,0.0,0.0,0.34277233481407166,0.0,0.36069169640541077,0.05969178304076195,0.2289145141839981
"DM-10795",False,"train",0.0,0.0,0.0,0.0,0.0,0.960152268409729,0.0,0.0
"DM-12950",True,"train",0.0,0.5980600118637085,0.0,0.2102009803056717,0.0,0.0,0.1569548100233078,0.0
"DM-15138",False,"train",0.0,0.09173869341611862,0.0,0.0,0.6783830523490906,0.21140830218791962,0.0,0.0
"DM-17399",False,"train",0.0,0.0,0.0,0.40419453382492065,0.3579850196838379,0.23046539723873138,0.0,0.0
"DM-12544",False,"train",0.0,0.0,0.0,0.9590900540351868,0.0,0.0,0.0,0.015830915421247482
"DM-1903",False,"train",0.07446842640638351,0.0,0.0,0.0,0.725806713104248,0.0,0.17243964970111847,0.0
"DM-2955",False,"train",0.0,0.0,0.0,0.9808855056762695,0.0,0.0,0.0,0.0
"DM-5595",False,"train",0.8317595720291138,0.0,0.0,0.0,0.1640557199716568,0.0,0.0,0.0
"DM-9862",False,"train",0.0,0.0,0.0,0.5799869894981384,0.0,0.41223981976509094,0.0,0.0
"DM-16781",True,"train",0.0,0.0,0.0,0.14549297094345093,0.28409433364868164,0.0,0.0,0.5553525686264038
"DM-5288",False,"train",0.4158928692340851,0.0,0.0,0.4227907657623291,0.0,0.0,0.0,0.15058687329292297
"DM-18855",False,"train",0.0,0.0,0.0,0.9768663644790649,0.0,0.0,0.0,0.0
"DM-3162",False,"train",0.571546196937561,0.0,0.07920081168413162,0.0,0.0,0.0,0.0,0.3118445873260498
"DM-9851",False,"train",0.0,0.0,0.0,0.0,0.0,0.9671878218650818,0.0,0.0
"DM-15776",False,"train",0.14372389018535614,0.0,0.0,0.0,0.0,0.8341270685195923,0.0,0.0
"DM-11247",False,"train",0.0,0.0,0.0,0.0,0.146791011095047,0.0,0.08063360303640366,0.7403481602668762
"DM-1845",False,"train",0.0,0.0,0.0,0.0,0.619483470916748,0.0,0.0,0.34960487484931946
"DM-13241",True,"train",0.0,0.0,0.0,0.0,0.14241091907024384,0.0,0.0,0.8430673480033875
"DM-7657",False,"train",0.643581211566925,0.0,0.0,0.0,0.3365733325481415,0.0,0.0,0.0
"DM-13796",False,"train",0.0,0.0,0.0,0.0,0.7570449709892273,0.0,0.0,0.2247832715511322
"DM-5474",False,"train",0.0,0.0,0.0,0.0,0.0,0.9809143543243408,0.0,0.0
"DM-7117",False,"train",0.0,0.0,0.0,0.9909619092941284,0.0,0.0,0.0,0.0
"DM-787",False,"train",0.015646765008568764,0.01566185988485813,0.01564766839146614,0.5512730479240417,0.3548068404197693,0.015653332695364952,0.01565713807940483,0.015653308480978012
"DM-2980",True,"train",0.0,0.0,0.0,0.8049360513687134,0.0,0.18205134570598602,0.0,0.0
"DM-554",False,"train",0.0,0.1313888281583786,0.0,0.0,0.8546874523162842,0.0,0.0,0.0
"DM-12156",False,"train",0.0,0.0,0.0,0.10417752712965012,0.8380284905433655,0.0,0.0,0.0
"DM-9316",True,"train",0.0,0.48376402258872986,0.08940447866916656,0.0,0.0,0.1486530601978302,0.2591060698032379,0.0
"DM-1314",False,"train",0.0,0.42034417390823364,0.0,0.4895697236061096,0.07549981027841568,0.0,0.0,0.0
"DM-1732",False,"train",0.0,0.0,0.9552628397941589,0.034540727734565735,0.0,0.0,0.0,0.0
"DM-11871",False,"train",0.012529493309557438,0.012532307766377926,0.012529286555945873,0.012539593502879143,0.4333938658237457,0.012535086832940578,0.4913984537124634,0.012541953474283218
"DM-3618",False,"train",0.07125447690486908,0.38299745321273804,0.0,0.4406839907169342,0.08205857127904892,0.0,0.0,0.0
"DM-4589",False,"train",0.0,0.0,0.10153582692146301,0.04932785406708717,0.15117180347442627,0.6109522581100464,0.0,0.08004766702651978
"DM-4960",False,"train",0.0,0.0,0.0,0.7232781052589417,0.266564279794693,0.0,0.0,0.0
"DM-13432",False,"train",0.0,0.0,0.0,0.39316636323928833,0.0,0.40751975774765015,0.03834998235106468,0.1479472517967224
"DM-11890",False,"train",0.0,0.0,0.11999644339084625,0.830635130405426,0.0,0.0,0.0,0.0
"DM-16731",False,"train",0.11160469055175781,0.0,0.0,0.8448247909545898,0.0,0.0,0.0,0.0
"DM-8646",False,"train",0.28425347805023193,0.0,0.03379826620221138,0.0,0.0,0.0,0.0,0.6664127707481384
"DM-3243",False,"train",0.0,0.0,0.0,0.127711221575737,0.0,0.0,0.8454524278640747,0.0
"DM-5507",True,"train",0.025016894564032555,0.025009535253047943,0.602847695350647,0.025023967027664185,0.025045044720172882,0.025034045800566673,0.025018692016601562,0.24700415134429932
"DM-14134",False,"train",0.010438070632517338,0.010437012650072575,0.010438332334160805,0.010438799858093262,0.9269194602966309,0.010450776666402817,0.010435109958052635,0.010442415252327919
"DM-7448",False,"train",0.0,0.0,0.501501202583313,0.0,0.47762325406074524,0.0,0.0,0.0
"DM-17824",False,"train",0.011350786313414574,0.011356468312442303,0.31707143783569336,0.011351976543664932,0.01136061642318964,0.6147987842559814,0.011354000307619572,0.011355911381542683
"DM-11750",False,"train",0.0,0.0,0.0,0.5924466252326965,0.0,0.3664414882659912,0.0,0.0
"DM-17487",False,"train",0.015629909932613373,0.01562979631125927,0.015629511326551437,0.015631718561053276,0.015633514150977135,0.01563859172165394,0.015640245750546455,0.8905667066574097
"DM-12552",False,"train",0.0,0.0,0.0,0.0,0.8908889293670654,0.0,0.0,0.06947439163923264
"DM-15139",True,"train",0.0,0.0,0.0,0.0,0.8484914302825928,0.0,0.0,0.12465435266494751
"DM-11316",False,"train",0.03239670395851135,0.03240273520350456,0.03240063041448593,0.03245636448264122,0.0324549563229084,0.7730265259742737,0.03241550177335739,0.03244656324386597
"DM-7115",False,"train",0.0,0.0,0.5645190477371216,0.3922218382358551,0.033055905252695084,0.0,0.0,0.0
"DM-17296",False,"train",0.0,0.0,0.0,0.0,0.0,0.0,0.0,0.9447463154792786
"DM-7979",False,"train",0.0,0.0,0.0,0.0,0.521270751953125,0.4585179388523102,0.0,0.0
"DM-1464",False,"train",0.01138618029654026,0.01138817798346281,0.011385730467736721,0.8724208474159241,0.011411277577280998,0.011396121233701706,0.01139206625521183,0.05921962112188339
"DM-1616",False,"train",0.0,0.0,0.0,0.0,0.980086624622345,0.0,0.0,0.0
"DM-1896",False,"train",0.0,0.0,0.0,0.0,0.8488436937332153,0.12406032532453537,0.0,0.0
"DM-4691",False,"train",0.025031425058841705,0.025142643600702286,0.02502903901040554,0.4258192777633667,0.025026412680745125,0.02502615377306938,0.4238816499710083,0.025043439120054245
"DM-15651",True,"train",0.0,0.13482758402824402,0.0,0.0,0.8291380405426025,0.0,0.0,0.0
"DM-5465",False,"train",0.0747160017490387,0.0,0.0,0.08068948239088058,0.22466376423835754,0.607634425163269,0.0,0.0
"DM-3947",False,"train",0.12324478477239609,0.01138108316808939,0.011390301398932934,0.011385278776288033,0.01139324251562357,0.8084364533424377,0.011384720914065838,0.011384066194295883
"DM-1761",False,"train",0.0,0.0,0.0,0.5382648706436157,0.0,0.4530080556869507,0.0,0.0
"DM-10044",False,"train",0.0,0.0,0.0,0.0,0.0,0.9619039297103882,0.0,0.0
"DM-17533",False,"train",0.0,0.9648841619491577,0.0,0.0,0.0,0.0,0.0,0.0
"DM-14781",False,"train",0.0,0.0,0.0,0.7080031037330627,0.0,0.27828550338745117,0.0,0.0
"DM-9498",False,"train",0.0,0.0,0.030046237632632256,0.04016337916254997,0.30784285068511963,0.0,0.0,0.6100040078163147
"DM-11010",False,"train",0.0,0.0,0.6957122683525085,0.1652759462594986,0.0,0.13021765649318695,0.0,0.0
"DM-16832",False,"train",0.0,0.0,0.43716710805892944,0.0,0.2619166970252991,0.0,0.0,0.2747178077697754
"DM-14725",False,"train",0.0,0.0,0.9830049276351929,0.0,0.0,0.0,0.0,0.0
"DM-531",False,"train",0.0,0.0,0.4717921316623688,0.0,0.5093684792518616,0.015933670103549957,0.0,0.0
"DM-8425",False,"train",0.0,0.0,0.0,0.0,0.22383542358875275,0.13304556906223297,0.0,0.6155499219894409
"DM-18330",False,"train",0.0,0.0,0.0,0.029806578531861305,0.0,0.0,0.0,0.952668309211731
"DM-240",True,"train",0.10164052993059158,0.0,0.0,0.33821892738342285,0.5498500466346741,0.0,0.0,0.0
"DM-14153",True,"train",0.0,0.0,0.0,0.828141450881958,0.0,0.14596052467823029,0.0,0.0
"DM-4135",False,"train",0.0,0.0,0.0,0.0,0.0,0.46280521154403687,0.0,0.5168580412864685
"DM-14658",False,"train",0.0,0.12766240537166595,0.0,0.0,0.3247930109500885,0.0,0.5285606980323792,0.0
"DM-6919",False,"train",0.0,0.0,0.0,0.0,0.2823297083377838,0.5941400527954102,0.0,0.10201523452997208
"DM-15591",False,"train",0.0,0.0,0.0,0.3213064670562744,0.0,0.6595394015312195,0.0,0.0
"DM-12698",False,"train",0.0,0.0,0.0,0.0,0.0,0.9731253385543823,0.0,0.0
"DM-5880",False,"train",0.2103806883096695,0.16969074308872223,0.0,0.0,0.3203381896018982,0.0,0.0,0.27449899911880493
"DM-3698",False,"train",0.1229993924498558,0.0,0.0,0.17761483788490295,0.4608008563518524,0.0,0.0,0.2292131781578064
"DM-8500",False,"train",0.0,0.0,0.0,0.910834550857544,0.0,0.07698936015367508,0.0,0.0
"DM-9140",False,"train",0.0,0.0,0.0,0.6169263124465942,0.0898943617939949,0.2792139947414398,0.0,0.0
"DM-8230",False,"train",0.12276918441057205,0.0,0.0,0.0,0.2976977825164795,0.5765634775161743,0.0,0.0
"DM-13962",False,"train",0.01787291094660759,0.23460441827774048,0.01787693053483963,0.017893144860863686,0.6580544710159302,0.01788203977048397,0.017913324758410454,0.017902817577123642
"DM-7070",False,"train",0.09797953069210052,0.0,0.0,0.8712783455848694,0.0,0.0,0.0,0.0
"DM-12382",False,"train",0.02517860382795334,0.025172842666506767,0.31995806097984314,0.02520701475441456,0.5288887023925781,0.025196649134159088,0.025203708559274673,0.025194408372044563
"DM-3265",False,"train",0.0447872057557106,0.0,0.0,0.7062830924987793,0.0,0.0,0.23094365000724792,0.0
"DM-13643",False,"train",0.8517012596130371,0.02118210680782795,0.02116967737674713,0.021166089922189713,0.021188940852880478,0.021244211122393608,0.021162552759051323,0.02118515782058239
"DM-14233",False,"train",0.010485575534403324,0.010501054115593433,0.010485158301889896,0.010494569316506386,0.010494783520698547,0.010496499948203564,0.9265496134757996,0.010492776520550251
"DM-7800",False,"train",0.0,0.0,0.0,0.0,0.0,0.0,0.0,0.9780920743942261
"DM-7587",True,"train",0.0,0.0,0.0,0.9447838664054871,0.0,0.0,0.0,0.04081147164106369
"DM-10193",False,"train",0.0,0.45859649777412415,0.0,0.48485565185546875,0.0,0.0,0.0,0.0
"DM-203",True,"train",0.0,0.963458776473999,0.0,0.0,0.0,0.0,0.0,0.0
"DM-12431",False,"train",0.0,0.0,0.0,0.09755411744117737,0.879975438117981,0.0,0.0,0.0
"DM-16867",True,"train",0.0,0.0,0.0,0.0,0.45093992352485657,0.0,0.4905998110771179,0.0
"DM-14759",False,"train",0.0,0.0,0.0,0.9555701613426208,0.0,0.0,0.0,0.0
"DM-2411",False,"train",0.0817287340760231,0.0,0.0,0.0,0.8836682438850403,0.0,0.0,0.0
"DM-9384",False,"train",0.0,0.0,0.22079285979270935,0.7620753645896912,0.0,0.0,0.0,0.0
"DM-8334",False,"train",0.0,0.0,0.0,0.0,0.0,0.0,0.0,0.979121208190918
"DM-6785",False,"train",0.0,0.10106586664915085,0.0,0.0,0.8780468106269836,0.0,0.0,0.0
"DM-3163",True,"train",0.19598522782325745,0.0,0.0,0.07342908531427383,0.7072277665138245,0.0,0.0,0.0
"DM-9109",False,"train",0.0,0.0,0.0,0.07455100119113922,0.0,0.9167649149894714,0.0,0.0
"DM-12361",False,"train",0.0,0.0,0.0,0.0,0.9624066948890686,0.0,0.0,0.0
"DM-9970",False,"train",0.0,0.0,0.0,0.0,0.41143858432769775,0.5766169428825378,0.0,0.0
"DM-12783",True,"train",0.0,0.0,0.0,0.5787039995193481,0.21729464828968048,0.1975255161523819,0.0,0.0
"DM-7553",False,"train",0.0,0.380420058965683,0.0,0.595184326171875,0.0,0.0,0.0,0.0
"DM-16384",False,"train",0.0,0.0,0.0,0.8579340577125549,0.0,0.0,0.09499843418598175,0.0
"DM-10461",False,"train",0.01059925090521574,0.010601065121591091,0.01060951966792345,0.6636386513710022,0.010609233751893044,0.0106083108112216,0.01059935986995697,0.27273455262184143
"DM-1355",False,"train",0.034302908927202225,0.10052239149808884,0.0,0.0,0.3277854323387146,0.528374433517456,0.0,0.0
"DM-8520",False,"train",0.17727306485176086,0.0,0.0,0.17867913842201233,0.0,0.6345351338386536,0.0,0.0
"DM-5791",False,"train",0.0,0.0,0.0,0.0,0.9561595320701599,0.0,0.0,0.0
"DM-5774",False,"train",0.38347265124320984,0.0,0.0,0.0,0.6148386001586914,0.0,0.0,0.0
"DM-14344",False,"train",0.7804163694381714,0.0,0.0,0.0,0.0,0.0,0.0,0.19925785064697266
"DM-12853",False,"train",0.036743514239788055,0.0,0.0,0.0,0.41152215003967285,0.43211105465888977,0.0,0.11675910651683807
"DM-1927",True,"train",0.01401024591177702,0.6532388925552368,0.014013553038239479,0.01401553675532341,0.014021793380379677,0.2626701295375824,0.014008545316755772,0.014021283946931362
"DM-4488",True,"train",0.02500404231250286,0.02500387839972973,0.0250072218477726,0.025072207674384117,0.025016088038682938,0.025009900331497192,0.025021081790328026,0.8248655796051025
"DM-3114",False,"train",0.0,0.4552083909511566,0.0,0.0,0.06786826252937317,0.4613361060619354,0.0,0.0
"DM-5488",True,"train",0.0,0.0,0.0,0.0,0.9340646266937256,0.0,0.0,0.05151067674160004
"DM-2253",False,"train",0.0,0.0,0.0,0.0,0.9774877429008484,0.0,0.0,0.0
"DM-5130",False,"train",0.16486480832099915,0.0,0.0,0.0,0.0,0.8141159415245056,0.0,0.0
"DM-3181",False,"train",0.015918441116809845,0.6085917353630066,0.015920216217637062,0.015922391787171364,0.295885294675827,0.015922028571367264,0.01592271216213703,0.01591719500720501
"DM-6254",False,"train",0.0,0.0,0.0,0.43399062752723694,0.371029794216156,0.08059521019458771,0.09963298588991165,0.0
"DM-7467",False,"train",0.0,0.0,0.0,0.0,0.0,0.9645205140113831,0.0,0.0
"DM-16340",False,"train",0.04686833918094635,0.6719207763671875,0.046868305653333664,0.04686775803565979,0.04686812683939934,0.04686807841062546,0.046869855374097824,0.0468687042593956
"DM-17289",False,"train",0.031054463237524033,0.03105028346180916,0.031047752127051353,0.031036168336868286,0.7826588153839111,0.03106597252190113,0.03103659301996231,0.031049923971295357
"DM-6139",False,"train",0.0,0.0,0.0,0.0,0.0,0.9657211899757385,0.0,0.0
"DM-6945",False,"train",0.11001519113779068,0.0,0.0,0.7307526469230652,0.0,0.07704908400774002,0.0,0.0736740380525589
"DM-2955",False,"train",0.0,0.0,0.0,0.9808855056762695,0.0,0.0,0.0,0.0
"DM-2201",True,"train",0.011246815323829651,0.35943424701690674,0.011260734871029854,0.011259720660746098,0.01126315351575613,0.01126218680292368,0.011250592768192291,0.5730225443840027
"DM-15795",False,"train",0.04210669547319412,0.042106740176677704,0.042106691747903824,0.7051323056221008,0.04222735017538071,0.04210667684674263,0.042106807231903076,0.04210672155022621
"DM-12175",False,"train",0.021074198186397552,0.021114598959684372,0.02107449807226658,0.021126864477992058,0.8523074984550476,0.02107507735490799,0.021155254915356636,0.021071970462799072
"DM-8500",False,"train",0.0,0.0,0.0,0.910834550857544,0.0,0.07698936015367508,0.0,0.0
"DM-8047",False,"train",0.018123190850019455,0.01811826229095459,0.33756664395332336,0.018138447776436806,0.5537053942680359,0.01811864785850048,0.01811162382364273,0.018117791041731834
"DM-3778",False,"train",0.0,0.0,0.0,0.0,0.0,0.0,0.6064891219139099,0.36923977732658386
"DM-2804",False,"train",0.46398624777793884,0.0,0.0,0.0,0.0,0.0,0.4964725375175476,0.0
"DM-5448",False,"train",0.0,0.0,0.0,0.0,0.9440169334411621,0.0,0.0,0.0
"DM-9506",False,"train",0.0,0.0,0.01604332961142063,0.30735501646995544,0.032410599291324615,0.6397568583488464,0.0,0.0
"DM-2057",False,"train",0.9633785486221313,0.0,0.0,0.0,0.0,0.0,0.0,0.0
"DM-11871",False,"train",0.012529493309557438,0.012532307766377926,0.012529286555945873,0.012539593502879143,0.4333938658237457,0.012535086832940578,0.4913984537124634,0.012541953474283218
"DM-8758",False,"train",0.0,0.0,0.0,0.7830217480659485,0.0,0.1842118352651596,0.0,0.0
"DM-16837",False,"train",0.0,0.0,0.0,0.9537960886955261,0.0,0.0,0.0,0.0
"DM-14849",False,"train",0.30892032384872437,0.0,0.0,0.0,0.0,0.37265095114707947,0.0,0.29729607701301575
"DM-4829",True,"train",0.011370291002094746,0.01137478742748499,0.01137001533061266,0.011372637934982777,0.9203959703445435,0.01137284655123949,0.011370820924639702,0.01137264259159565
"DM-8831",False,"train",0.0,0.043849315494298935,0.0,0.0,0.3345883786678314,0.6048291921615601,0.0,0.0
"DM-8612",False,"train",0.0,0.0,0.0,0.8288534283638,0.0,0.1269233226776123,0.03056112676858902,0.0
"DM-3515",False,"train",0.0,0.8871952891349792,0.0,0.0,0.0849575325846672,0.0,0.0,0.0
"DM-10601",True,"train",0.0,0.0,0.0,0.0,0.38257840275764465,0.09739548712968826,0.0,0.5078344941139221
"DM-15615",False,"train",0.27153196930885315,0.0,0.7113822102546692,0.0,0.0,0.0,0.0,0.0
"DM-18520",False,"train",0.013950166292488575,0.013982659205794334,0.013948379084467888,0.013958827592432499,0.013950969092547894,0.013958681374788284,0.9023008346557617,0.013949497602880001
"DM-10820",False,"train",0.0,0.0,0.0751672238111496,0.0,0.7300503849983215,0.15963521599769592,0.0,0.0
"DM-13154",True,"train",0.0,0.0,0.0,0.2345539927482605,0.0,0.0,0.0,0.7257832884788513
"DM-13065",False,"train",0.0,0.0,0.0,0.0,0.6247052550315857,0.34368985891342163,0.0,0.0
"DM-3946",False,"train",0.030893001705408096,0.030895110219717026,0.030924327671527863,0.03090333566069603,0.03090149164199829,0.7836961150169373,0.030904969200491905,0.030881596729159355
"DM-17557",False,"train",0.0,0.11085384339094162,0.0,0.0,0.8671736121177673,0.0,0.0,0.0
"DM-4835",True,"train",0.0,0.18122290074825287,0.0,0.0,0.35139548778533936,0.44782307744026184,0.0,0.0
"DM-11322",False,"train",0.0,0.0,0.0,0.0,0.7883739471435547,0.0,0.0,0.19408556818962097
"DM-10765",True,"train",0.010441450402140617,0.010438823141157627,0.010444513522088528,0.010449792258441448,0.010461442172527313,0.010451806709170341,0.6083478927612305,0.3289642930030823
"DM-10532",False,"train",0.14534655213356018,0.0,0.0,0.053788453340530396,0.0,0.7883554697036743,0.0,0.0
"DM-827",False,"train",0.9851431250572205,0.0,0.0,0.0,0.0,0.0,0.0,0.0
"DM-3253",False,"train",0.19917254149913788,0.0,0.0,0.0,0.7589903473854065,0.0,0.0,0.0
"DM-18542",False,"train",0.013117428869009018,0.013111716136336327,0.013116121292114258,0.01311668660491705,0.9081824421882629,0.013121108524501324,0.013120489194989204,0.013113958761096
"DM-9863",False,"train",0.0,0.0,0.0,0.0,0.0,0.0,0.0,0.9763149619102478
"DM-11095",False,"train",0.0,0.0,0.0,0.0,0.6029539108276367,0.3714192509651184,0.0,0.0
"DM-17481",False,"train",0.015629909932613373,0.01562979631125927,0.015629511326551437,0.015631716698408127,0.015633514150977135,0.015638558194041252,0.015639446675777435,0.8905675411224365
"DM-9843",False,"train",0.0,0.04619237408041954,0.0,0.08473142981529236,0.0,0.0,0.0,0.8514421582221985
"DM-9141",False,"train",0.0,0.0,0.0,0.15580494701862335,0.0,0.7650488615036011,0.028155220672488213,0.04817791283130646
"DM-6663",False,"train",0.38277220726013184,0.08311962336301804,0.0,0.0,0.3453029692173004,0.0,0.0,0.1838976889848709
"DM-5822",False,"train",0.0,0.07220422476530075,0.6028062105178833,0.32374802231788635,0.0,0.0,0.0,0.0
"DM-18196",False,"train",0.0,0.776199460029602,0.0,0.0,0.0,0.0748368576169014,0.0,0.12809690833091736
"DM-13059",False,"train",0.025042874738574028,0.4226323068141937,0.02507348731160164,0.025037448853254318,0.02503800578415394,0.025038432329893112,0.42709946632385254,0.025037961080670357
"DM-15635",True,"train",0.0,0.0,0.0,0.31558969616889954,0.161640465259552,0.5095705986022949,0.0,0.0
"DM-1253",False,"train",0.02505858801305294,0.025059988722205162,0.025064000859856606,0.303275465965271,0.025108756497502327,0.546289324760437,0.025059862062335014,0.02508404478430748
"DM-13852",False,"train",0.011376230046153069,0.011375571601092815,0.011371982283890247,0.011373146437108517,0.011378047056496143,0.01137425098568201,0.011373563669621944,0.920377254486084
"DM-28",False,"train",0.0,0.0,0.0,0.0,0.3116774260997772,0.0,0.0,0.6504473686218262
"DM-14135",True,"train",0.7166163325309753,0.0104373162612319,0.010464710183441639,0.010449444875121117,0.010443754494190216,0.22067983448505402,0.010456206277012825,0.010452380403876305
"DM-15545",True,"train",0.722854495048523,0.0,0.0,0.0,0.0,0.23296187818050385,0.0,0.0
"DM-13215",False,"train",0.0,0.06297749280929565,0.0,0.0,0.0,0.3532322347164154,0.5539023876190186,0.0
"DM-2900",False,"train",0.3405091166496277,0.6261321306228638,0.0,0.0,0.0,0.0,0.0,0.0
"DM-17214",False,"train",0.0,0.0,0.0,0.0,0.0,0.0,0.0,0.9538984298706055
"DM-8629",False,"train",0.10210184752941132,0.2560104429721832,0.4103218913078308,0.0,0.0,0.2231707125902176,0.0,0.0
"DM-2977",False,"train",0.0,0.0,0.0,0.9703454971313477,0.0,0.0,0.0,0.0
"DM-8096",True,"train",0.0,0.0,0.0,0.10795940458774567,0.14614389836788177,0.6050390005111694,0.0,0.12644970417022705
"DM-2095",False,"train",0.41046586632728577,0.0,0.0,0.0,0.0,0.5600141286849976,0.0,0.0
"DM-10528",False,"train",0.012509983964264393,0.012510949745774269,0.012511895038187504,0.012511355802416801,0.012519688345491886,0.012511440552771091,0.012509244494140148,0.9124155044555664
"DM-14842",True,"train",0.08099246025085449,0.0,0.0,0.11305783689022064,0.0,0.0,0.7576296925544739,0.0
"DM-17974",False,"train",0.0,0.0,0.0,0.12075019627809525,0.0,0.8464406132698059,0.0,0.0
"DM-8660",True,"train",0.0,0.0,0.0,0.7525100111961365,0.0,0.0,0.0,0.20991839468479156
"DM-228",True,"train",0.0,0.47099828720092773,0.0,0.0,0.0,0.0,0.4913424849510193,0.0
"DM-7785",False,"train",0.0,0.0,0.0,0.0,0.0,0.9634358286857605,0.0,0.0
"DM-9307",False,"train",0.015638189390301704,0.015639586374163628,0.1555275171995163,0.7506128549575806,0.01564130373299122,0.015650341287255287,0.0156528539955616,0.015637382864952087
"DM-2316",False,"train",0.0,0.0,0.03169219568371773,0.20186997950077057,0.5610952377319336,0.201687753200531,0.0,0.0
"DM-5716",True,"train",0.01222969125956297,0.012226293794810772,0.01223030872642994,0.012234777212142944,0.012243974953889847,0.6452580094337463,0.012228279374539852,0.28134864568710327
"DM-5914",True,"train",0.5378416180610657,0.0,0.0,0.0,0.31295111775398254,0.1322573721408844,0.0,0.0
"DM-6252",False,"train",0.0,0.14286696910858154,0.0,0.3721984028816223,0.2726304233074188,0.1965070217847824,0.0,0.0
"DM-11873",True,"train",0.0,0.0,0.0,0.8262539505958557,0.0,0.0,0.0,0.158384308218956
"DM-16926",False,"train",0.0,0.0,0.0,0.983146071434021,0.0,0.0,0.0,0.0
"DM-10361",False,"train",0.0,0.0,0.0,0.0,0.9482436776161194,0.0,0.0,0.0
"DM-13737",True,"train",0.0,0.0,0.0,0.0,0.9581813216209412,0.0,0.0,0.0
"DM-13796",False,"train",0.0,0.0,0.0,0.0,0.7570449709892273,0.0,0.0,0.2247832715511322
"DM-6500",False,"train",0.0,0.0,0.0,0.0,0.0,0.9321660399436951,0.0,0.0
"DM-2475",False,"train",0.02062799222767353,0.020658686757087708,0.02063099667429924,0.02063007839024067,0.8555538654327393,0.02063264511525631,0.020640183240175247,0.020625511184334755
"DM-12272",True,"train",0.23925505578517914,0.0,0.7049262523651123,0.0,0.0,0.0,0.0,0.0
"DM-11395",False,"train",0.0,0.0,0.0,0.0,0.3422548174858093,0.21944114565849304,0.0,0.4131315052509308
"DM-16186",True,"train",0.0,0.0,0.0,0.0,0.20987476408481598,0.0,0.7322460412979126,0.0
"DM-10543",False,"train",0.0,0.0,0.0,0.0,0.13281747698783875,0.0,0.0,0.8345102667808533
"DM-216",False,"train",0.3250505328178406,0.03083123080432415,0.030792279168963432,0.030766716226935387,0.49022915959358215,0.030774051323533058,0.030786802992224693,0.030769189819693565
"DM-16532",False,"train",0.0,0.0,0.43424758315086365,0.0,0.4548216164112091,0.09322177618741989,0.015393191948533058,0.0
"DM-202",True,"train",0.0,0.572704017162323,0.0,0.0,0.33898356556892395,0.0,0.06987038254737854,0.0
"DM-10947",False,"train",0.7924561500549316,0.0,0.0,0.0,0.13040415942668915,0.0,0.0,0.06108125299215317
"DM-7777",False,"train",0.0,0.0,0.0,0.0,0.0,0.9648823142051697,0.0,0.0
"DM-10953",False,"train",0.0,0.0,0.0,0.9960181713104248,0.0,0.0,0.0,0.0
"DM-19075",False,"train",0.0,0.05262952297925949,0.0,0.0,0.0,0.7987335920333862,0.0,0.12684084475040436
"DM-12598",False,"train",0.24272103607654572,0.0,0.0,0.0,0.0,0.0,0.0,0.7177069187164307
"DM-17345",False,"train",0.0,0.4738239049911499,0.0,0.0,0.0,0.12496127188205719,0.13035139441490173,0.2495420128107071
"DM-7893",True,"train",0.22799153625965118,0.0,0.0,0.0,0.4881817102432251,0.0,0.2673695683479309,0.0
"DM-1914",True,"train",0.015756871551275253,0.015792325139045715,0.01575285568833351,0.01576663926243782,0.8896109461784363,0.015765657648444176,0.015759866684675217,0.01579485833644867
"DM-4690",False,"train",0.02087334357202053,0.02085309848189354,0.5010057687759399,0.020843185484409332,0.37386152148246765,0.02086780034005642,0.020848587155342102,0.020846717059612274
"DM-4577",False,"train",0.020947998389601707,0.020952442660927773,0.020949402824044228,0.02095382660627365,0.24026277661323547,0.02098514884710312,0.020950861275196075,0.6339975595474243
"DM-8686",False,"train",0.0,0.0,0.0,0.0,0.9920317530632019,0.0,0.0,0.0
"DM-11170",False,"train",0.018119359388947487,0.01812162809073925,0.01813448965549469,0.2584243416786194,0.6327707767486572,0.01812424324452877,0.01818089187145233,0.018124256283044815
"DM-12852",False,"train",0.043141257017850876,0.6983529925346375,0.043059106916189194,0.043097276240587234,0.04314515367150307,0.0430653877556324,0.04306676238775253,0.043072089552879333
"DM-3980",False,"train",0.0,0.0774030089378357,0.0,0.0,0.0,0.8754027485847473,0.0,0.0
"DM-10359",True,"train",0.0,0.0,0.0,0.0,0.9416216015815735,0.0,0.0,0.0
"DM-6717",False,"train",0.015900155529379845,0.015924450010061264,0.48696884512901306,0.01590837724506855,0.015908045694231987,0.01591312512755394,0.015893952921032906,0.41758307814598083
"DM-7127",False,"train",0.0,0.0,0.0,0.0,0.3370048701763153,0.08137968182563782,0.5398550033569336,0.0
"DM-13478",False,"train",0.0,0.0,0.0,0.0,0.0,0.1416044384241104,0.0,0.8439369797706604
"DM-9671",False,"train",0.0,0.0,0.0,0.6442636251449585,0.0,0.32858341932296753,0.0,0.0
"DM-2887",True,"train",0.0,0.0,0.0,0.0,0.0,0.0,0.988274335861206,0.0
"DM-2797",True,"train",0.0,0.0,0.0,0.6060795783996582,0.36858946084976196,0.0,0.0,0.0
"DM-2421",False,"train",0.0,0.0,0.6956530213356018,0.0,0.2742365002632141,0.0,0.0,0.0
"DM-15634",True,"train",0.0,0.0,0.0,0.9713894724845886,0.0,0.0,0.0,0.0
"DM-15927",False,"train",0.0,0.974213182926178,0.0,0.0,0.0,0.0,0.0,0.0
"DM-11433",False,"train",0.0,0.3496376574039459,0.0,0.0,0.0,0.4966699481010437,0.13781145215034485,0.0
"DM-17510",False,"train",0.8739181160926819,0.01800074428319931,0.01800902932882309,0.018021104857325554,0.01803085021674633,0.018015466630458832,0.01799926348030567,0.01800544187426567
"DM-3265",False,"train",0.0447872057557106,0.0,0.0,0.7062830924987793,0.0,0.0,0.23094365000724792,0.0
"DM-6614",False,"train",0.6722193360328674,0.0,0.0,0.0,0.2773516774177551,0.0,0.0,0.0
"DM-5933",False,"train",0.0,0.0,0.0,0.0,0.9561291337013245,0.0,0.0,0.0
"DM-19236",False,"train",0.0,0.0,0.605468213558197,0.0,0.0,0.0,0.0,0.37046700716018677
"DM-9639",False,"train",0.0,0.34421607851982117,0.0,0.0,0.0,0.0,0.6115781664848328,0.0
"DM-4729",False,"train",0.0,0.0,0.0,0.9877298474311829,0.0,0.0,0.0,0.0
"DM-17603",True,"train",0.0,0.062407832592725754,0.0,0.0,0.0,0.6629374623298645,0.0,0.24856333434581757
"DM-7892",False,"train",0.0,0.0,0.0,0.0,0.46757566928863525,0.0,0.5131615996360779,0.0
"DM-16314",False,"train",0.01734037511050701,0.017331674695014954,0.26184582710266113,0.017339374870061874,0.0173444002866745,0.6341435313224792,0.017325865104794502,0.01732897199690342
"DM-18169",True,"train",0.015655286610126495,0.015659432858228683,0.015655267983675003,0.01565851829946041,0.01566459611058235,0.8903465270996094,0.015692146494984627,0.015668204054236412
"DM-10188",False,"train",0.0,0.0,0.0,0.49400168657302856,0.0,0.2924644649028778,0.0,0.1994287520647049
"DM-1598",False,"train",0.0,0.0,0.0,0.0,0.96329265832901,0.0,0.0,0.0
"DM-1598",False,"train",0.0,0.0,0.0,0.0,0.96329265832901,0.0,0.0,0.0
"DM-2434",False,"train",0.0,0.0,0.0,0.20692642033100128,0.5197668671607971,0.0,0.0,0.258026123046875
"DM-13456",True,"train",0.0,0.0,0.0,0.0,0.40774092078208923,0.0,0.4072713553905487,0.14571678638458252
"DM-4786",False,"train",0.025111576542258263,0.025129035115242004,0.025115573778748512,0.025132322683930397,0.025126978754997253,0.02512453868985176,0.025120677426457405,0.8241392374038696
"DM-2279",False,"train",0.02502959594130516,0.8247349858283997,0.025023365393280983,0.025018956512212753,0.025128399953246117,0.025035163387656212,0.025011863559484482,0.02501773089170456
"DM-5389",False,"train",0.0,0.0,0.0,0.38142824172973633,0.0,0.0,0.0,0.576832115650177
"DM-17031",False,"train",0.0,0.0,0.0,0.0,0.9878078699111938,0.0,0.0,0.0
"DM-8990",False,"train",0.0,0.15546417236328125,0.06350331008434296,0.0,0.5735806226730347,0.20238013565540314,0.0,0.0
"DM-11555",False,"train",0.0,0.0,0.3475058376789093,0.6023110151290894,0.0,0.0,0.0,0.0
"DM-14997",True,"train",0.0,0.2467934638261795,0.0,0.0,0.7452903985977173,0.0,0.0,0.0
"DM-16070",False,"train",0.0,0.0,0.6787863969802856,0.0,0.3047991991043091,0.0,0.0,0.0
"DM-7822",False,"train",0.0,0.0,0.0,0.0,0.3556240200996399,0.0,0.2637500762939453,0.34765321016311646
"DM-10145",False,"train",0.0,0.0,0.0,0.0,0.1335276961326599,0.8449349999427795,0.0,0.0
"DM-8818",False,"train",0.0,0.0,0.0,0.9619125723838806,0.0,0.0,0.0,0.0
"DM-3960",False,"train",0.9257909655570984,0.01061070617288351,0.010588261298835278,0.010600708425045013,0.010603263042867184,0.010592889972031116,0.010594903491437435,0.010618263855576515
"DM-1076",False,"train",0.0,0.0,0.0,0.0,0.0,0.0,0.0,0.9582654237747192
"DM-6166",False,"train",0.0,0.0,0.0,0.0,0.06876076012849808,0.2326328009366989,0.6638194918632507,0.0
"DM-11971",False,"train",0.0,0.0,0.276266485452652,0.3173365592956543,0.09802072495222092,0.1339421421289444,0.0,0.1701824814081192
"DM-10346",False,"train",0.0,0.0,0.0,0.0,0.23855774104595184,0.0,0.0,0.7319999933242798
"DM-7469",False,"train",0.011404840275645256,0.011393685825169086,0.01138987671583891,0.01139782927930355,0.9202109575271606,0.011412623338401318,0.01139210257679224,0.011398034170269966
"DM-14356",False,"train",0.02851286344230175,0.0,0.05489597097039223,0.45546984672546387,0.45230352878570557,0.0,0.0,0.0
"DM-4571",False,"train",0.0,0.0,0.0,0.0,0.68647700548172,0.27384182810783386,0.0,0.0
"DM-12571",False,"train",0.0,0.0,0.27367985248565674,0.23493057489395142,0.10280339419841766,0.0,0.0,0.3859989643096924
"DM-16837",False,"train",0.0,0.0,0.0,0.9537960886955261,0.0,0.0,0.0,0.0
"DM-2320",False,"train",0.0,0.0,0.7748833298683167,0.0,0.0,0.0,0.0,0.18930628895759583
"DM-5799",False,"train",0.0,0.0,0.12346742302179337,0.2353232055902481,0.6200685501098633,0.0,0.0,0.0
"DM-5681",True,"train",0.0,0.20889410376548767,0.0,0.0,0.7685855627059937,0.0,0.0,0.0
"DM-7558",False,"train",0.0,0.33087924122810364,0.0,0.0,0.6333585977554321,0.0,0.0,0.0
"DM-9201",False,"train",0.01849203370511532,0.01847827434539795,0.018481990322470665,0.8706125617027283,0.018494611606001854,0.0184854194521904,0.01847621612250805,0.018478920683264732
"DM-16069",False,"train",0.12701758742332458,0.0,0.0,0.8353968858718872,0.0,0.0,0.0,0.0
"DM-4490",True,"train",0.020841926336288452,0.02083801105618477,0.020844796672463417,0.02085382677614689,0.02086501196026802,0.020862091332674026,0.020853105932474136,0.8540412187576294
"DM-10465",False,"train",0.0,0.0,0.0,0.050540775060653687,0.3619690239429474,0.5762544274330139,0.0,0.0
"DM-12992",False,"train",0.0,0.0,0.5564098358154297,0.0,0.39934229850769043,0.0,0.0,0.0
"DM-4826",True,"train",0.02513747662305832,0.8239927887916565,0.025138795375823975,0.025128362700343132,0.025225603953003883,0.025117790326476097,0.02513609267771244,0.02512304298579693
"DM-18329",False,"train",0.0,0.0,0.0,0.0,0.0,0.6919959187507629,0.0,0.2643962800502777
"DM-13458",True,"train",0.02085009403526783,0.020899781957268715,0.020859211683273315,0.020841537043452263,0.02085326798260212,0.020851261913776398,0.8540003895759583,0.020844431594014168
"DM-5282",False,"train",0.0,0.0,0.0,0.9910261034965515,0.0,0.0,0.0,0.0
"DM-964",False,"train",0.0,0.0,0.0,0.0,0.9372466206550598,0.0,0.0,0.0
"DM-14891",False,"train",0.0,0.0,0.0,0.0,0.0,0.0,0.9756651520729065,0.0
"DM-9748",False,"train",0.012927012518048286,0.012954209931194782,0.29792317748069763,0.012925616465508938,0.6244839429855347,0.012931300327181816,0.01292747724801302,0.012927243486046791
"DM-16305",False,"train",0.0,0.0,0.0,0.0,0.4050619304180145,0.30097904801368713,0.23081302642822266,0.04943381994962692
"DM-13055",False,"train",0.0,0.0,0.0,0.0,0.3392253816127777,0.0,0.6375834941864014,0.0
"DM-9584",True,"train",0.010435144416987896,0.010432515293359756,0.010435170494019985,0.010436552576720715,0.613585889339447,0.010443084873259068,0.32379797101020813,0.01043365802615881
"DM-2618",False,"train",0.018031377345323563,0.0180320106446743,0.8736647963523865,0.0180338267236948,0.018083948642015457,0.018071698024868965,0.01802976056933403,0.01805257424712181
"DM-15808",False,"train",0.015900233760476112,0.015882058069109917,0.015873810276389122,0.015876132994890213,0.8887779712677002,0.015887193381786346,0.015914181247353554,0.015888400375843048
"DM-10971",False,"train",0.0,0.0,0.0,0.0,0.0,0.0,0.20819801092147827,0.7445960640907288
"DM-8044",False,"train",0.0,0.0,0.0,0.0,0.9830559492111206,0.0,0.0,0.0
"DM-13506",False,"train",0.1194644644856453,0.24656875431537628,0.0,0.0,0.0,0.0,0.49864694476127625,0.09597919881343842
"DM-7396",False,"train",0.0,0.0,0.0,0.6699629426002502,0.17893724143505096,0.11719582229852676,0.0,0.0
"DM-13986",False,"train",0.020104557275772095,0.020118635147809982,0.020105328410863876,0.020109103992581367,0.8591496348381042,0.02010791189968586,0.020160134881734848,0.020144661888480186
"DM-1068",False,"train",0.0,0.0,0.0,0.0,0.819275438785553,0.0,0.0,0.15067602694034576
"DM-12407",False,"train",0.0156328696757555,0.015637483447790146,0.015631869435310364,0.015654241666197777,0.015655608847737312,0.015663906931877136,0.8904798626899719,0.015644190832972527
"DM-17514",False,"train",0.012589730322360992,0.012593303807079792,0.012590267695486546,0.012592069804668427,0.01259799487888813,0.012591988779604435,0.9118469953536987,0.012597664259374142
"DM-10362",True,"train",0.0,0.0,0.0,0.0,0.0,0.3549374043941498,0.5905165076255798,0.0
"DM-3971",False,"train",0.8204932808876038,0.025675397366285324,0.02562750317156315,0.025623658671975136,0.025652024894952774,0.025628022849559784,0.025632325559854507,0.025667745620012283
"DM-12362",False,"train",0.0,0.5706124305725098,0.0,0.0,0.38763779401779175,0.0,0.0,0.0
"DM-5192",True,"train",0.5468559861183167,0.020849408581852913,0.020847056061029434,0.020851319655776024,0.3279877305030823,0.020872633904218674,0.020850801840424538,0.020885039120912552
"DM-9105",False,"train",0.0,0.0,0.10297783464193344,0.0,0.7419235706329346,0.0,0.0,0.117730513215065
"DM-17876",False,"train",0.0,0.0,0.0,0.08391845226287842,0.0,0.3612767159938812,0.0,0.5315353274345398
"DM-1256",False,"train",0.025037547573447227,0.025040145963430405,0.0250416100025177,0.28596749901771545,0.025060003623366356,0.27007824182510376,0.02503892406821251,0.3187360465526581
"DM-10752",False,"train",0.0,0.0,0.0,0.5331170558929443,0.4490799009799957,0.0,0.0,0.0
"DM-5885",False,"train",0.0,0.05403078347444534,0.0,0.0,0.7274665236473083,0.0,0.0,0.19439491629600525
"DM-8265",False,"train",0.0,0.417773962020874,0.2529152035713196,0.0,0.31427520513534546,0.0,0.0,0.0
"DM-9433",False,"train",0.1209612712264061,0.0,0.42607933282852173,0.4288991689682007,0.0,0.0,0.019866906106472015,0.0
"DM-10111",False,"train",0.0,0.0,0.0,0.044067949056625366,0.2067038118839264,0.5470121502876282,0.0,0.18839627504348755
"DM-6884",False,"train",0.0,0.0,0.7287594079971313,0.0,0.2477550357580185,0.0,0.0,0.0
"DM-3949",False,"train",0.2778167426586151,0.0,0.0,0.0,0.0,0.2078876793384552,0.4890810549259186,0.0
"DM-13267",False,"train",0.0,0.0,0.0,0.0,0.9561634659767151,0.0,0.0,0.0
"DM-11863",True,"train",0.0,0.0,0.0,0.1893317699432373,0.3468989431858063,0.451177716255188,0.0,0.0
"DM-588",False,"train",0.0,0.48174360394477844,0.0,0.3866029977798462,0.12638786435127258,0.0,0.0,0.0
"DM-17764",False,"train",0.0,0.9717209935188293,0.0,0.0,0.0,0.0,0.0,0.0
"DM-754",True,"train",0.0,0.0,0.0,0.0,0.9415199756622314,0.0,0.0,0.0
"DM-6663",False,"train",0.38277220726013184,0.08311962336301804,0.0,0.0,0.3453029692173004,0.0,0.0,0.1838976889848709
"DM-17603",True,"train",0.0,0.062407832592725754,0.0,0.0,0.0,0.6629374623298645,0.0,0.24856333434581757
"DM-10833",True,"train",0.0,0.0,0.0,0.11345575004816055,0.0,0.839613676071167,0.0,0.0
"DM-17146",False,"train",0.0,0.0,0.0,0.4256172478199005,0.0,0.24832284450531006,0.0,0.2816546559333801
"DM-13904",False,"train",0.0,0.1415773630142212,0.0,0.6398658156394958,0.0,0.0,0.1855417639017105,0.0
"DM-1087",True,"train",0.11863894760608673,0.0,0.0,0.0,0.8600752949714661,0.0,0.0,0.0
"DM-4630",False,"train",0.09283104538917542,0.0,0.0,0.0,0.8570577502250671,0.0,0.0,0.0
"DM-9970",False,"train",0.0,0.0,0.0,0.0,0.41143858432769775,0.5766169428825378,0.0,0.0
"DM-772",True,"train",0.0,0.0,0.19708169996738434,0.0,0.7742430567741394,0.0,0.0,0.0
"DM-9675",False,"train",0.0,0.0,0.05293193832039833,0.0,0.7527959942817688,0.17245803773403168,0.0,0.0
"DM-903",False,"train",0.0,0.0,0.0,0.2806713879108429,0.6958936452865601,0.0,0.0,0.0
"DM-9306",False,"train",0.015635017305612564,0.015633590519428253,0.01563623920083046,0.8905302882194519,0.015637338161468506,0.01564650610089302,0.015647634863853455,0.01563337817788124
"DM-915",False,"train",0.020892713218927383,0.02090449631214142,0.020889950916171074,0.020905565470457077,0.02091948501765728,0.020914223045110703,0.8536704778671265,0.0209030881524086
"DM-15680",False,"train",0.0,0.0,0.0,0.0,0.43828198313713074,0.0,0.0,0.5143763422966003
"DM-4938",False,"train",0.0,0.7317572236061096,0.23446021974086761,0.029203323647379875,0.0,0.0,0.0,0.0
"DM-10287",False,"train",0.0,0.0,0.0,0.7788089513778687,0.19335626065731049,0.0,0.0,0.0
"DM-15011",False,"train",0.0,0.0,0.0,0.0,0.0,0.8580962419509888,0.0,0.12283532321453094
"DM-10971",False,"train",0.0,0.0,0.0,0.0,0.0,0.0,0.20819801092147827,0.7445960640907288
"DM-12305",False,"train",0.0,0.0,0.0,0.21362046897411346,0.48461198806762695,0.0,0.0,0.28248950839042664
"DM-9933",True,"train",0.0,0.0,0.3415243625640869,0.0,0.0,0.0,0.0,0.6556103229522705
"DM-9169",False,"train",0.011509483680129051,0.011526165530085564,0.01151222549378872,0.011516325175762177,0.9193311333656311,0.011529136449098587,0.011510008946061134,0.011565502732992172
"DM-14725",False,"train",0.0,0.0,0.9830049276351929,0.0,0.0,0.0,0.0,0.0
"DM-10824",False,"train",0.01705280877649784,0.017047692090272903,0.017043491825461388,0.01707511954009533,0.017049474641680717,0.8416053056716919,0.05608995631337166,0.01703619956970215
"DM-11569",False,"train",0.0,0.0,0.0,0.06994213163852692,0.6393582224845886,0.27001023292541504,0.0,0.0
"DM-17485",False,"train",0.015629908069968224,0.01562979631125927,0.015629509463906288,0.015631716698408127,0.015633512288331985,0.015638601034879684,0.015638919547200203,0.8905680179595947
"DM-17067",False,"train",0.11024166643619537,0.0,0.0,0.0,0.1858697533607483,0.0,0.6780550479888916,0.0
"DM-13538",False,"train",0.0,0.9791313409805298,0.0,0.0,0.0,0.0,0.0,0.0
"DM-17843",False,"train",0.0,0.0,0.0,0.9630450010299683,0.034791186451911926,0.0,0.0,0.0
"DM-10105",False,"train",0.756458044052124,0.0,0.0,0.23056486248970032,0.0,0.0,0.011804559268057346,0.0
"DM-6945",False,"train",0.11001519113779068,0.0,0.0,0.7307526469230652,0.0,0.07704908400774002,0.0,0.0736740380525589
"DM-15355",False,"train",0.0,0.49894630908966064,0.49230560660362244,0.0,0.0,0.0,0.0,0.0
"DM-9784",True,"train",0.0,0.0,0.0,0.0,0.0,0.9786224961280823,0.0,0.0
"DM-12664",False,"train",0.0,0.0,0.0,0.539456307888031,0.0,0.39129170775413513,0.0,0.052331745624542236
"DM-1770",True,"train",0.5585379004478455,0.0,0.0642138347029686,0.0,0.0,0.0,0.0,0.3502652049064636
"DM-14630",False,"train",0.012156819924712181,0.4151792824268341,0.012152809649705887,0.012157263234257698,0.22565217316150665,0.012156193144619465,0.012147650122642517,0.29839780926704407
"DM-10878",False,"train",0.01563544012606144,0.015634281560778618,0.01563732884824276,0.8905078768730164,0.01564844511449337,0.015651116147637367,0.015649715438485146,0.0156357791274786
"DM-17533",False,"train",0.0,0.9648841619491577,0.0,0.0,0.0,0.0,0.0,0.0
"DM-5204",False,"train",0.01116575114428997,0.011173460632562637,0.011170468293130398,0.011167681775987148,0.011176091618835926,0.9218131899833679,0.011168492026627064,0.01116490364074707
"DM-1906",False,"train",0.053018294274806976,0.0,0.0,0.02783498540520668,0.8613754510879517,0.0,0.0,0.052988581359386444
"DM-4625",False,"train",0.0,0.0,0.0,0.0,0.32273271679878235,0.6608754992485046,0.0,0.0
"DM-2191",True,"train",0.03806126490235329,0.0,0.0,0.0,0.9386084079742432,0.0,0.0,0.0
"DM-7378",False,"train",0.0,0.9374372363090515,0.0,0.0,0.0,0.0,0.0,0.0
"DM-3911",True,"train",0.0,0.07407833635807037,0.0,0.36320504546165466,0.36757752299308777,0.08363636583089828,0.0,0.1056569516658783
"DM-17564",True,"train",0.0,0.0,0.029677724465727806,0.7982238531112671,0.15923748910427094,0.0,0.0,0.0
"DM-13325",True,"train",0.0,0.0,0.5335650444030762,0.43274298310279846,0.0,0.0,0.0,0.0
"DM-4450",False,"train",0.025028599426150322,0.02509540505707264,0.025035163387656212,0.6402218341827393,0.025036735460162163,0.025032000616192818,0.20947067439556122,0.02507958747446537
"DM-2885",True,"train",0.013837160542607307,0.0,0.5654894113540649,0.0867588222026825,0.0,0.0,0.3288363218307495,0.0
"DM-11454",True,"train",0.0,0.3773331046104431,0.0,0.137115016579628,0.4760238528251648,0.0,0.0,0.0
"DM-16128",False,"train",0.8686690330505371,0.0,0.0,0.0,0.1124456450343132,0.0,0.0,0.0
"DM-10305",False,"train",0.0,0.31004953384399414,0.036386895924806595,0.0,0.4632496237754822,0.05953005701303482,0.0,0.12006226181983948
"DM-9281",False,"train",0.017871666699647903,0.017866015434265137,0.017907654866576195,0.7273297309875488,0.017889726907014847,0.017884643748402596,0.1653665155172348,0.01788400672376156
"DM-16451",False,"train",0.0,0.0,0.0,0.0,0.0,0.0,0.0,0.9615835547447205
"DM-2494",False,"train",0.0,0.0,0.0,0.15230821073055267,0.0,0.8076885342597961,0.0,0.0
"DM-14533",False,"train",0.0,0.30695363879203796,0.0,0.0,0.0,0.0,0.0,0.6553474068641663
"DM-625",True,"train",0.0,0.0,0.8603612780570984,0.13668222725391388,0.0,0.0,0.0,0.0
"DM-13574",False,"train",0.0,0.3172741234302521,0.0,0.0,0.1931784301996231,0.0,0.0,0.4570951461791992
"DM-15537",False,"train",0.0,0.0,0.0,0.26432687044143677,0.6996755599975586,0.0,0.0,0.0
"DM-14391",True,"train",0.0,0.38271960616111755,0.0,0.03486722707748413,0.14602942764759064,0.0,0.0,0.42814528942108154
"DM-1331",False,"train",0.0,0.0,0.9675384759902954,0.0,0.0,0.0,0.0,0.0
"DM-14227",True,"train",0.0,0.11466474086046219,0.0,0.07648829370737076,0.30163154006004333,0.0,0.4769318699836731,0.026498813182115555
"DM-14997",True,"train",0.0,0.2467934638261795,0.0,0.0,0.7452903985977173,0.0,0.0,0.0
"DM-313",True,"train",0.0,0.0,0.34330981969833374,0.0,0.5038710832595825,0.1200767308473587,0.0,0.0
"DM-18121",False,"train",0.0,0.0,0.0,0.08982883393764496,0.04227854311466217,0.08440947532653809,0.04420497268438339,0.7320970296859741
"DM-1151",False,"train",0.0,0.0,0.0,0.0,0.0,0.9283693432807922,0.04557618871331215,0.0
"DM-5879",False,"train",0.7828155755996704,0.0,0.0,0.0,0.0,0.1768127828836441,0.0,0.0
"DM-6597",False,"train",0.2256436049938202,0.0,0.0,0.19788599014282227,0.5638710856437683,0.0,0.0,0.0
"DM-15613",False,"train",0.0,0.11097211390733719,0.0,0.7833940982818604,0.0,0.0,0.0,0.09487815201282501
"DM-2429",False,"train",0.0,0.7763754725456238,0.0,0.0,0.1860109567642212,0.0,0.0,0.0
"DM-13526",False,"train",0.0,0.11010155081748962,0.0,0.0,0.5943440198898315,0.0,0.0,0.28604909777641296
"DM-12531",False,"train",0.0,0.0,0.0,0.0,0.9657602906227112,0.0,0.0,0.0
"DM-13331",False,"train",0.0,0.0,0.0,0.37168073654174805,0.5945019721984863,0.0,0.0,0.0
"DM-10495",False,"train",0.0,0.0,0.0,0.7738391160964966,0.0,0.18493400514125824,0.02542189508676529,0.0
"DM-18388",False,"train",0.013946575112640858,0.013966275379061699,0.013947166502475739,0.013953940011560917,0.6547605991363525,0.013963961973786354,0.2615150809288025,0.0139464121311903
"DM-13307",False,"train",0.0,0.0,0.0,0.0,0.6401104927062988,0.15312719345092773,0.0,0.16307304799556732
"DM-789",False,"train",0.02178492210805416,0.021779535338282585,0.021795116364955902,0.24202553927898407,0.02178533561527729,0.6272600293159485,0.021784024313092232,0.021785464137792587
"DM-8626",False,"train",0.07094108313322067,0.0,0.0,0.7131174802780151,0.0,0.0,0.0,0.1975434124469757
"DM-8105",False,"train",0.0,0.0,0.0,0.4999407231807709,0.48018041253089905,0.0,0.0,0.0
"DM-6922",False,"train",0.0,0.528559684753418,0.0,0.0,0.0,0.4435836672782898,0.0,0.0
"DM-15499",True,"train",0.6090626120567322,0.10573866218328476,0.0,0.0,0.021814925596117973,0.2512100636959076,0.0,0.0
"DM-11535",False,"train",0.0,0.0,0.07439497113227844,0.07662701606750488,0.8172494173049927,0.0,0.0,0.0
"DM-7762",True,"train",0.0,0.0,0.0,0.0,0.06311944127082825,0.3973006308078766,0.0,0.5291463136672974
"DM-9873",False,"train",0.0,0.0,0.2571974992752075,0.09532682597637177,0.2752748727798462,0.12970656156539917,0.23815031349658966,0.0
"DM-4825",False,"train",0.27179500460624695,0.0,0.0,0.703118622303009,0.0,0.0,0.0,0.0
"DM-5463",False,"train",0.0,0.0,0.0,0.0,0.6786130666732788,0.0,0.0,0.28806522488594055
"DM-11533",False,"train",0.0,0.0,0.0,0.0,0.9662726521492004,0.0,0.0,0.0
"DM-5190",True,"train",0.020913921296596527,0.020859790965914726,0.020857511088252068,0.020859891548752785,0.020871758460998535,0.020879114046692848,0.8538658022880554,0.020892255008220673
"DM-16045",True,"train",0.9766457080841064,0.0,0.0,0.0,0.0,0.0,0.0,0.0
"DM-4577",False,"train",0.020947998389601707,0.020952442660927773,0.020949402824044228,0.02095382660627365,0.24026277661323547,0.02098514884710312,0.020950861275196075,0.6339975595474243
"DM-15527",False,"train",0.16075842082500458,0.0,0.0,0.0,0.6142009496688843,0.21019455790519714,0.0,0.0
"DM-17370",False,"train",0.0,0.16793787479400635,0.0,0.0,0.0,0.6475789546966553,0.1514454036951065,0.0
"DM-1762",True,"train",0.0,0.0,0.4829349219799042,0.0,0.5066589117050171,0.0,0.0,0.0
"DM-8080",False,"train",0.0,0.0,0.0,0.0,0.39263930916786194,0.5774964690208435,0.0,0.0
"DM-6635",False,"train",0.01376071386039257,0.013752707280218601,0.013758571818470955,0.9037144184112549,0.013753320090472698,0.0137570109218359,0.01375137735158205,0.013751894235610962
"DM-7722",False,"train",0.0,0.17530053853988647,0.0,0.0,0.0941065102815628,0.7127305865287781,0.0,0.0
"DM-15040",False,"train",0.6122796535491943,0.0,0.0,0.3237816393375397,0.051786888390779495,0.0,0.0,0.0
"DM-13835",False,"train",0.05805063620209694,0.04084935039281845,0.0,0.0,0.28252801299095154,0.6042506694793701,0.0,0.0
"DM-12587",False,"train",0.03670298680663109,0.0367315448820591,0.03670307621359825,0.7430153489112854,0.03671880066394806,0.03671421855688095,0.03670830652117729,0.036705780774354935
"DM-9535",False,"train",0.9817391037940979,0.0,0.0,0.0,0.0,0.0,0.0,0.0
"DM-4411",False,"train",0.0,0.0,0.0,0.533592700958252,0.4168354272842407,0.0,0.0,0.0
"DM-3983",False,"train",0.0,0.0,0.0,0.0,0.9840348362922668,0.0,0.0,0.0
"DM-5907",False,"train",0.0,0.0,0.17173317074775696,0.0,0.06178229674696922,0.7521494626998901,0.0,0.0
"DM-7167",True,"train",0.0,0.0,0.0,0.5552834272384644,0.043446291238069534,0.3928819000720978,0.0,0.0
"DM-17965",False,"train",0.0,0.0,0.0,0.0,0.23885251581668854,0.0,0.7322587966918945,0.0
"DM-13460",False,"train",0.3112814426422119,0.020868100225925446,0.020867448300123215,0.02087986096739769,0.020880788564682007,0.020893042907118797,0.5634406805038452,0.020888570696115494
"DM-17211",False,"train",0.0,0.0,0.0,0.08320866525173187,0.0,0.10367580503225327,0.0,0.8005742430686951
"DM-1332",False,"train",0.0,0.0,0.07907915115356445,0.0,0.9107679128646851,0.0,0.0,0.0
"DM-12473",False,"train",0.0,0.0,0.2534243166446686,0.0,0.0,0.7290871739387512,0.0,0.0
"DM-2729",False,"train",0.0,0.0,0.5932890176773071,0.15775659680366516,0.23083049058914185,0.0,0.0,0.0
"DM-10045",False,"train",0.0,0.0,0.0201105996966362,0.26967698335647583,0.45633530616760254,0.24731609225273132,0.0,0.0
"DM-16839",False,"train",0.0,0.24119092524051666,0.0,0.0,0.18835614621639252,0.0,0.5543966889381409,0.0
"DM-1744",False,"train",0.44291460514068604,0.09445258975028992,0.0,0.0,0.0,0.2991631329059601,0.16160573065280914,0.0
"DM-5276",True,"train",0.0,0.0,0.06941482424736023,0.0,0.0,0.0,0.9226555228233337,0.0
"DM-18388",False,"train",0.013946575112640858,0.013966275379061699,0.013947166502475739,0.013953940011560917,0.6547605991363525,0.013963961973786354,0.2615150809288025,0.0139464121311903
"DM-14527",False,"train",0.0,0.0,0.0,0.38429197669029236,0.3360643982887268,0.0,0.0,0.26865875720977783
"DM-3161",False,"train",0.9371609687805176,0.0,0.0,0.0,0.0,0.0,0.0,0.0
"DM-10765",True,"train",0.010441450402140617,0.010438823141157627,0.010444513522088528,0.010449792258441448,0.010461442172527313,0.010451806709170341,0.6083478927612305,0.3289642930030823
"DM-6283",False,"train",0.0,0.0,0.0,0.0,0.0,0.0,0.9777706861495972,0.0
"DM-848",False,"train",0.0,0.0,0.0,0.9816728830337524,0.0,0.0,0.0,0.0
"DM-10733",False,"train",0.0,0.0,0.0,0.0,0.0,0.9763163924217224,0.0,0.0
"DM-359",False,"train",0.0,0.049500562250614166,0.0,0.0,0.0,0.0,0.0,0.9363280534744263
"DM-359",False,"train",0.0,0.049500562250614166,0.0,0.0,0.0,0.0,0.0,0.9363280534744263
"DM-8208",False,"train",0.0,0.12486454099416733,0.0,0.07584773004055023,0.31053176522254944,0.4817761778831482,0.0,0.0
"DM-11604",False,"train",0.0,0.0,0.0,0.0,0.0,0.6491318345069885,0.0,0.3127433657646179
"DM-7840",False,"train",0.0,0.0,0.0,0.2712508738040924,0.44875791668891907,0.0,0.0,0.2750272750854492
"DM-11040",False,"train",0.0,0.0,0.0,0.0,0.7072169184684753,0.0,0.0,0.25524231791496277
"DM-2792",False,"train",0.0,0.0,0.0,0.0,0.0,0.9511985182762146,0.0,0.0
"DM-15602",False,"train",0.0,0.0,0.6382783651351929,0.0,0.0,0.0,0.354753702878952,0.0
"DM-3243",False,"train",0.0,0.0,0.0,0.127711221575737,0.0,0.0,0.8454524278640747,0.0
"DM-7237",False,"train",0.4742656648159027,0.0,0.0,0.0,0.4909980595111847,0.0,0.0,0.0
"DM-14001",False,"train",0.01563539355993271,0.6563318371772766,0.015681762248277664,0.24973691999912262,0.015639791265130043,0.01563987508416176,0.01563519611954689,0.015699226409196854
"DM-14542",False,"train",0.01146699208766222,0.7150229215621948,0.011465133167803288,0.2161598652601242,0.01146838441491127,0.011482483707368374,0.011464559473097324,0.011469700373709202
"DM-11284",False,"train",0.9982165098190308,0.0,0.0,0.0,0.0,0.0,0.0,0.0
"DM-18440",False,"train",0.012272504158318043,0.012290011160075665,0.012269623577594757,0.01227559894323349,0.9140677452087402,0.012272458523511887,0.012275256216526031,0.01227682176977396
"DM-527",False,"train",0.0,0.0,0.0,0.9634761214256287,0.0,0.0,0.0,0.0
"DM-12697",False,"train",0.0,0.0,0.0,0.9156473278999329,0.0,0.0,0.05979587882757187,0.0
"DM-11422",False,"train",0.0,0.0,0.0,0.0,0.0,0.9743252992630005,0.0,0.0
"DM-13306",False,"train",0.0,0.2977549135684967,0.0,0.4016309678554535,0.0,0.15220822393894196,0.12328163534402847,0.0
"DM-13698",False,"train",0.0,0.0,0.0,0.0,0.0,0.0,0.9702956080436707,0.0
"DM-3946",False,"train",0.030893001705408096,0.030895110219717026,0.030924327671527863,0.03090333566069603,0.03090149164199829,0.7836961150169373,0.030904969200491905,0.030881596729159355
"DM-8227",False,"train",0.4421197175979614,0.0,0.17632925510406494,0.05484751611948013,0.0,0.31285640597343445,0.0,0.0
"DM-16443",False,"train",0.0,0.0,0.0,0.0,0.0,0.7214043736457825,0.0,0.2555951178073883
"DM-15858",False,"train",0.8739174604415894,0.0,0.0,0.1070714145898819,0.0,0.0,0.0,0.0
"DM-10252",False,"train",0.0,0.0,0.0,0.0,0.0,0.9726052284240723,0.0,0.0
"DM-8694",False,"train",0.0,0.0,0.0,0.0,0.6013545393943787,0.38567519187927246,0.0,0.0
"DM-16612",False,"train",0.0,0.0,0.0,0.0,0.0,0.0,0.9407715201377869,0.0
"DM-4210",False,"train",0.0,0.0,0.4086850881576538,0.0,0.0,0.21202999353408813,0.0,0.360272616147995
"DM-9252",False,"train",0.0,0.0,0.0,0.0,0.17216745018959045,0.16588959097862244,0.4769643545150757,0.17102114856243134
"DM-10947",False,"train",0.7924561500549316,0.0,0.0,0.0,0.13040415942668915,0.0,0.0,0.06108125299215317
"DM-11533",False,"train",0.0,0.0,0.0,0.0,0.9662726521492004,0.0,0.0,0.0
"DM-6287",False,"train",0.0,0.0,0.0,0.0,0.0,0.7126611471176147,0.2045317441225052,0.0664503425359726
"DM-5986",False,"train",0.0,0.0,0.0,0.0,0.0,0.8723516464233398,0.08253426849842072,0.0
"DM-17687",False,"train",0.04213190823793411,0.04214789718389511,0.04212969169020653,0.042131200432777405,0.042175937443971634,0.042147260159254074,0.042155031114816666,0.7049810886383057
"DM-16655",False,"train",0.0,0.4126252830028534,0.07183542102575302,0.0,0.0,0.4850618243217468,0.0,0.0
"DM-2253",False,"train",0.0,0.0,0.0,0.0,0.9774877429008484,0.0,0.0,0.0
"DM-4903",True,"train",0.0,0.0,0.0,0.07799170911312103,0.82881098985672,0.0,0.0,0.07873402535915375
"DM-9584",True,"train",0.010435144416987896,0.010432515293359756,0.010435170494019985,0.010436552576720715,0.613585889339447,0.010443084873259068,0.32379797101020813,0.01043365802615881
"DM-15865",False,"train",0.0,0.0,0.0,0.0,0.0,0.9369924664497375,0.0,0.0
"DM-9277",False,"train",0.017870355397462845,0.017863215878605843,0.017865484580397606,0.8748816847801208,0.01788708195090294,0.01789066754281521,0.017862403765320778,0.017879148945212364
"DM-7164",False,"train",0.0,0.0,0.0,0.5391199588775635,0.0,0.24034787714481354,0.0,0.21320728957653046
"DM-9758",False,"train",0.0,0.9481652975082397,0.0,0.0,0.0,0.0,0.0,0.0
"DM-10538",False,"train",0.012902957387268543,0.012910054065287113,0.012903601862490177,0.012933177873492241,0.2576378285884857,0.012914007529616356,0.6648955345153809,0.012902812100946903
"DM-1285",False,"train",0.0,0.9556398391723633,0.0,0.0,0.0,0.0,0.0,0.0
"DM-2514",False,"train",0.10069388896226883,0.29405152797698975,0.12073224782943726,0.0,0.0,0.46911385655403137,0.0,0.0
"DM-7453",False,"train",0.0,0.0,0.0,0.0,0.0,0.9532280564308167,0.0,0.0
"DM-11677",False,"train",0.0,0.7092759013175964,0.21815669536590576,0.0,0.0,0.0,0.0,0.04823550581932068
"DM-11628",False,"train",0.0,0.0,0.0,0.0,0.0,0.988451361656189,0.0,0.0
"DM-631",False,"train",0.03505438566207886,0.03505227714776993,0.03504793345928192,0.0350516252219677,0.7545527815818787,0.035085152834653854,0.03505831956863403,0.03509749099612236
"DM-11033",False,"train",0.7043977379798889,0.0,0.0,0.033535584807395935,0.0,0.2527199983596802,0.0,0.0
"DM-5643",False,"train",0.3453233242034912,0.0,0.0,0.2617298364639282,0.0,0.3684121072292328,0.0,0.0
"DM-14435",True,"train",0.0,0.0,0.0,0.31334617733955383,0.05100202187895775,0.0,0.0,0.6307328343391418
"DM-17757",False,"train",0.012076371349394321,0.07352963089942932,0.1470860242843628,0.7465811371803284,0.0,0.0,0.019326353445649147,0.0
"DM-11287",False,"train",0.011373089626431465,0.01140186283737421,0.01137619186192751,0.011391175910830498,0.011388284154236317,0.011388381943106651,0.011375601403415203,0.9203054308891296
"DM-13805",True,"train",0.0,0.0,0.0,0.0,0.857245147228241,0.11073748022317886,0.0,0.0
"DM-12692",False,"train",0.0,0.0,0.0,0.13897143304347992,0.0,0.7415709495544434,0.08958367258310318,0.0
"DM-7765",False,"train",0.15169164538383484,0.0,0.0,0.0,0.0,0.7946323752403259,0.0,0.0
"DM-6719",False,"train",0.0,0.4343673288822174,0.19766765832901,0.0,0.3463776707649231,0.0,0.0,0.0
"DM-18121",False,"train",0.0,0.0,0.0,0.08982883393764496,0.04227854311466217,0.08440947532653809,0.04420497268438339,0.7320970296859741
"DM-8277",False,"train",0.012200392782688141,0.012183044105768204,0.012183687649667263,0.1594516634941101,0.20294898748397827,0.5766578912734985,0.012192770838737488,0.012181524187326431
"DM-8629",False,"train",0.10210184752941132,0.2560104429721832,0.4103218913078308,0.0,0.0,0.2231707125902176,0.0,0.0
"DM-13866",True,"train",0.0,0.0,0.0,0.0,0.1780712604522705,0.0,0.0,0.8040031790733337
"DM-13998",False,"train",0.015681380406022072,0.4807029664516449,0.01567341946065426,0.42522451281547546,0.015688449144363403,0.0156833715736866,0.01567237079143524,0.01567351631820202
"DM-17",False,"train",0.0,0.0,0.0,0.9449978470802307,0.0,0.0,0.0,0.0
"DM-9639",False,"train",0.0,0.34421607851982117,0.0,0.0,0.0,0.0,0.6115781664848328,0.0
"DM-13400",False,"train",0.140727236866951,0.0,0.0,0.1477850377559662,0.0,0.0,0.0,0.6811884641647339
"DM-9784",True,"train",0.0,0.0,0.0,0.0,0.0,0.9786224961280823,0.0,0.0
"DM-14640",False,"train",0.03128300979733467,0.03128251060843468,0.031283970922231674,0.03128282353281975,0.03144627436995506,0.031283918768167496,0.7808545827865601,0.03128291293978691
"DM-290",False,"train",0.0,0.0,0.0,0.20697878301143646,0.3828469514846802,0.0,0.40038520097732544,0.0
"DM-4208",False,"train",0.0,0.0,0.0,0.0,0.8625717163085938,0.0,0.0,0.09826194494962692
"DM-16858",False,"train",0.0,0.0,0.0,0.0,0.0,0.9415977001190186,0.0,0.0
"DM-8571",True,"train",0.0,0.0,0.0,0.5102693438529968,0.03157276287674904,0.08800486475229263,0.0,0.36206674575805664
"DM-9500",True,"train",0.0,0.0,0.0,0.0,0.49762287735939026,0.0,0.26710087060928345,0.2258956879377365
"DM-17219",False,"train",0.0,0.0,0.0,0.0,0.8785218596458435,0.0,0.0,0.08830296993255615
"DM-3653",False,"train",0.011379435658454895,0.011378437280654907,0.011377756483852863,0.011377825401723385,0.011389766819775105,0.011379332281649113,0.011378936469554901,0.9203385710716248
"DM-13488",True,"train",0.0,0.0,0.0,0.0,0.0,0.963355541229248,0.0,0.0
"DM-421",False,"train",0.012309285812079906,0.0123189901933074,0.012299690395593643,0.012303393334150314,0.35160526633262634,0.5745505690574646,0.012299288995563984,0.01231354009360075
"DM-8074",False,"train",0.010202019475400448,0.010224184021353722,0.010202297940850258,0.010204022750258446,0.5506742596626282,0.3880879282951355,0.01019984856247902,0.010205389931797981
"DM-4165",False,"train",0.0,0.0,0.0,0.19573885202407837,0.10594213753938675,0.1408202350139618,0.0,0.5450955629348755
"DM-554",False,"train",0.0,0.1313888281583786,0.0,0.0,0.8546874523162842,0.0,0.0,0.0
"DM-5781",False,"train",0.0,0.0,0.0,0.0,0.0,0.9649350047111511,0.0,0.0
"DM-5275",False,"train",0.0,0.0,0.0,0.7992736101150513,0.0,0.1645813286304474,0.0,0.0
"DM-10462",False,"train",0.0,0.0,0.0,0.0,0.0,0.46785929799079895,0.0,0.5086678862571716
"DM-2299",True,"train",0.7354943156242371,0.0,0.0,0.0,0.24085208773612976,0.0,0.0,0.0
"DM-11329",True,"train",0.01795564405620098,0.01790834404528141,0.017906082794070244,0.017901821061968803,0.8746713995933533,0.017902826890349388,0.017881207168102264,0.017872687429189682
"DM-9933",True,"train",0.0,0.0,0.3415243625640869,0.0,0.0,0.0,0.0,0.6556103229522705
"DM-3162",False,"train",0.571546196937561,0.0,0.07920081168413162,0.0,0.0,0.0,0.0,0.3118445873260498
"DM-14260",False,"train",0.0,0.5425454378128052,0.0,0.0,0.0,0.4233037531375885,0.0,0.0
"DM-11951",True,"train",0.0,0.7255295515060425,0.0,0.0,0.0,0.0,0.228622704744339,0.0
"DM-8695",False,"train",0.0,0.0,0.0,0.3896968364715576,0.0,0.5717853307723999,0.0,0.0
"DM-7767",False,"train",0.012517260387539864,0.01251267734915018,0.012511922977864742,0.6972527503967285,0.01252930797636509,0.22763730585575104,0.012511334381997585,0.012527400627732277
"DM-5933",False,"train",0.0,0.0,0.0,0.0,0.9561291337013245,0.0,0.0,0.0
"DM-8434",True,"train",0.0,0.0,0.0,0.8419063687324524,0.0,0.0,0.0,0.10030842572450638
"DM-17919",False,"train",0.08001010119915009,0.0,0.0,0.2944677174091339,0.5704190135002136,0.03969874233007431,0.0,0.0
"DM-15233",False,"train",0.0,0.0,0.0,0.0,0.0,0.9742062091827393,0.0,0.0
"DM-4756",True,"train",0.09232069551944733,0.0,0.0,0.0,0.0,0.8656923174858093,0.0,0.0
"DM-2622",True,"train",0.0,0.0,0.0,0.0,0.9715949892997742,0.0,0.0,0.0
"DM-6077",False,"train",0.0,0.1151081994175911,0.0,0.0,0.0,0.8422555923461914,0.0,0.0
"DM-13727",False,"train",0.48234304785728455,0.0,0.0,0.0,0.4624398350715637,0.0,0.0,0.0
"DM-4478",False,"train",0.0208389014005661,0.020843978971242905,0.020848475396633148,0.020849091932177544,0.33321359753608704,0.020846093073487282,0.02085455134510994,0.541705310344696
"DM-17675",False,"train",0.0,0.5666162967681885,0.0,0.3040340840816498,0.0,0.0,0.1026347279548645,0.0
"DM-11892",False,"train",0.5037930607795715,0.02502601034939289,0.025017250329256058,0.02503832057118416,0.02505224198102951,0.025054216384887695,0.025017468258738518,0.34600135684013367
"DM-4214",False,"train",0.0,0.0,0.0,0.49235799908638,0.0,0.4999648630619049,0.0,0.0
"DM-14673",False,"train",0.0,0.0,0.0,0.41451260447502136,0.1018422394990921,0.4641619920730591,0.0,0.0
"DM-3574",False,"train",0.02110309526324272,0.021001432090997696,0.021024206653237343,0.021004142239689827,0.8528257012367249,0.021010268479585648,0.02102377451956272,0.021007351577281952
"DM-16482",False,"train",0.9649080038070679,0.0,0.0,0.0,0.0,0.0,0.0,0.0
"DM-875",False,"train",0.08240551501512527,0.0,0.0,0.2681172490119934,0.3799370527267456,0.22877903282642365,0.03455875813961029,0.0
"DM-1295",False,"train",0.0,0.0,0.0,0.0,0.0,0.32526645064353943,0.0,0.6442565321922302
"DM-5362",True,"train",0.0,0.0,0.0,0.14736443758010864,0.8212748765945435,0.0,0.0,0.0
"DM-13631",False,"train",0.0,0.0,0.0,0.0,0.9581689834594727,0.0,0.0,0.0
"DM-17307",False,"train",0.03132406249642372,0.28937599062919617,0.03133096918463707,0.522343635559082,0.03140836954116821,0.03139288350939751,0.03132977709174156,0.03149428591132164
"DM-3384",False,"train",0.0,0.02779613807797432,0.0,0.6479799747467041,0.308860719203949,0.0,0.0,0.0
"DM-14468",False,"train",0.0,0.0,0.0,0.9707826972007751,0.0,0.0,0.0,0.0
"DM-2000",True,"train",0.0,0.0,0.07270744442939758,0.0,0.883121132850647,0.0,0.0,0.0
"DM-6166",False,"train",0.0,0.0,0.0,0.0,0.06876076012849808,0.2326328009366989,0.6638194918632507,0.0
"DM-7610",False,"train",0.0,0.0,0.2829591631889343,0.0,0.0,0.0,0.0,0.6771326065063477
"DM-18843",False,"train",0.020857904106378555,0.8540840148925781,0.020850829780101776,0.020838923752307892,0.02084488794207573,0.020840151235461235,0.02084340527653694,0.020839883014559746
"DM-18671",False,"train",0.0,0.7652264833450317,0.0,0.20792388916015625,0.0,0.0,0.0,0.0
"DM-1588",True,"train",0.01789270155131817,0.14770056307315826,0.017878254875540733,0.017899420112371445,0.01788397505879402,0.7449878454208374,0.017869964241981506,0.017887309193611145
"DM-2625",False,"train",0.5896438956260681,0.0,0.0,0.0,0.37621477246284485,0.0,0.0,0.0
"DM-9899",False,"train",0.0,0.0,0.0,0.0,0.16236069798469543,0.8098397254943848,0.0,0.0
"DM-8665",False,"train",0.0,0.0,0.0,0.0,0.0,0.0,0.0,0.9484513998031616
"DM-78",False,"train",0.0,0.0,0.0,0.0,0.10593532770872116,0.0,0.0,0.8747777342796326
"DM-9135",True,"train",0.0,0.0,0.12389645725488663,0.0,0.0,0.8614200949668884,0.0,0.0
"DM-12652",True,"train",0.0,0.0,0.0,0.9560898542404175,0.0,0.0,0.0,0.0
"DM-9846",False,"train",0.0,0.0,0.0,0.0,0.9649384021759033,0.0,0.0,0.0
"DM-1587",True,"train",0.15584169328212738,0.26228371262550354,0.017886178568005562,0.01789865642786026,0.017890114337205887,0.1777942031621933,0.017874855548143387,0.33253058791160583
"DM-17465",False,"train",0.0391109324991703,0.0,0.0,0.6331732869148254,0.15806108713150024,0.0,0.16392169892787933,0.0
"DM-6612",False,"train",0.0,0.0,0.0,0.5061699151992798,0.48511627316474915,0.0,0.0,0.0
"DM-4579",False,"train",0.0,0.0,0.0,0.0,0.9373931884765625,0.0,0.0,0.0
"DM-5363",True,"train",0.0,0.0,0.0,0.0,0.0,0.0,0.0,0.9581039547920227
"DM-2192",True,"train",0.0,0.0,0.0,0.0,0.9546540975570679,0.0,0.0,0.0
"DM-16246",True,"train",0.11956051737070084,0.8794117569923401,0.0,0.0,0.0,0.0,0.0,0.0
"DM-790",False,"train",0.02127574011683464,0.021270643919706345,0.02131764404475689,0.8509523272514343,0.021279431879520416,0.021334940567612648,0.021274173632264137,0.02129511535167694
"DM-9098",False,"train",0.0,0.4722544550895691,0.0,0.0,0.0,0.49717429280281067,0.0,0.0
"DM-5298",False,"train",0.0,0.0,0.0,0.0,0.9452198147773743,0.0,0.0,0.0
"DM-17486",False,"train",0.015629908069968224,0.01562979631125927,0.015629509463906288,0.015631716698408127,0.015633512288331985,0.015638602897524834,0.015638990327715874,0.89056795835495
"DM-8555",False,"train",0.0,0.0,0.0,0.0,0.0,0.9662601947784424,0.0,0.0
"DM-7329",False,"train",0.0,0.9374451637268066,0.0,0.0,0.0,0.0,0.0,0.0
"DM-817",False,"train",0.0,0.0,0.0,0.0,0.741734504699707,0.23602592945098877,0.0,0.0
"DM-8439",False,"train",0.0,0.0,0.0,0.9582642316818237,0.0,0.0,0.0,0.0
"DM-5849",False,"train",0.0,0.0,0.0,0.0,0.41149234771728516,0.0,0.4100319743156433,0.15333595871925354
"DM-5506",False,"train",0.3356914520263672,0.0,0.1923936903476715,0.0,0.43015551567077637,0.0,0.0,0.0
"DM-6726",False,"train",0.0,0.0,0.0,0.0891103744506836,0.057845089584589005,0.33362382650375366,0.0,0.5119911432266235
"DM-10525",False,"train",0.0,0.0,0.249395951628685,0.0,0.0,0.0,0.74174565076828,0.0
"DM-8004",False,"train",0.9807177186012268,0.0,0.0,0.016539575532078743,0.0,0.0,0.0,0.0
"DM-800",False,"train",0.0,0.0,0.9756495952606201,0.0,0.0,0.0,0.0,0.0
"DM-4920",False,"train",0.0,0.0,0.0,0.0,0.9756594896316528,0.0,0.0,0.0
"DM-622",True,"train",0.0,0.1289786845445633,0.0,0.0,0.6654257774353027,0.19052879512310028,0.0,0.0
"DM-10880",False,"train",0.015644676983356476,0.015643460676074028,0.015677595511078835,0.8904283046722412,0.01564626395702362,0.015660377219319344,0.01565675623714924,0.015642570331692696
"DM-14553",False,"train",0.0,0.0,0.0,0.967486560344696,0.0,0.0,0.0,0.0
"DM-18323",False,"train",0.9163899421691895,0.011950519867241383,0.011935976333916187,0.011944453231990337,0.011953490786254406,0.011944292113184929,0.011933701112866402,0.01194758154451847
"DM-7529",False,"train",0.010391154326498508,0.010398968122899532,0.38219335675239563,0.21379601955413818,0.3520159125328064,0.01040081400424242,0.010405373759567738,0.010398361831903458
"DM-16012",False,"train",0.06824428588151932,0.040858447551727295,0.2156120240688324,0.12401533871889114,0.0,0.0,0.0,0.542009174823761
"DM-447",False,"train",0.0,0.0,0.0,0.42178642749786377,0.5491500496864319,0.0,0.0,0.0
"DM-9636",False,"train",0.24826574325561523,0.0,0.0,0.0,0.0,0.0,0.0,0.720379114151001
"DM-11655",False,"train",0.0,0.3710833489894867,0.071994349360466,0.0,0.5399371385574341,0.0,0.0,0.0
"DM-7576",False,"train",0.0,0.0,0.0,0.24698610603809357,0.0,0.2940512001514435,0.43493831157684326,0.0
"DM-9789",True,"train",0.04403351992368698,0.0,0.0,0.1789335459470749,0.0,0.2654639482498169,0.5040692090988159,0.0
"DM-5316",False,"train",0.19247989356517792,0.021313248202204704,0.021320108324289322,0.021304244175553322,0.021357884630560875,0.021319203078746796,0.02131049893796444,0.679594874382019
"DM-14733",False,"train",0.0,0.0,0.0,0.0,0.5742600560188293,0.4073633551597595,0.0,0.0
"DM-13313",False,"train",0.014312476851046085,0.014313256368041039,0.014320475980639458,0.014314575120806694,0.014317773282527924,0.01431791391223669,0.014313660562038422,0.8997898697853088
"DM-8352",False,"train",0.14134472608566284,0.0,0.0,0.6619159579277039,0.0,0.16291646659374237,0.0,0.0
"DM-597",False,"train",0.0,0.2192714959383011,0.0,0.0,0.7008352875709534,0.0,0.04378243163228035,0.0
"DM-14910",False,"train",0.17418159544467926,0.0,0.0,0.0,0.0,0.043013930320739746,0.7760210037231445,0.0
"DM-9199",False,"train",0.03132951259613037,0.031293850392103195,0.7808857560157776,0.0312938392162323,0.03131233528256416,0.031294334679841995,0.03129555657505989,0.031294822692871094
"DM-17114",False,"train",0.0,0.4548797011375427,0.0,0.0,0.5023102760314941,0.0,0.0,0.0
"DM-11811",False,"train",0.012657573446631432,0.01264054886996746,0.012633198872208595,0.012640057131648064,0.9115098714828491,0.012638582848012447,0.012636048719286919,0.012644090689718723
"DM-1210",False,"train",0.0,0.0,0.06304045766592026,0.0,0.0,0.9234974384307861,0.0,0.0
"DM-10795",False,"train",0.0,0.0,0.0,0.0,0.0,0.960152268409729,0.0,0.0
"DM-9999",True,"train",0.0,0.2217838317155838,0.0,0.7245649695396423,0.0,0.0,0.0,0.0
"DM-18743",False,"train",0.020984778180718422,0.21798090636730194,0.24118532240390778,0.12091370671987534,0.13751517236232758,0.2592802047729492,0.0,0.0
"DM-9764",True,"train",0.0,0.0,0.0,0.9533376693725586,0.0,0.0,0.0,0.0
"DM-2497",False,"train",0.0,0.0,0.4934355616569519,0.257270485162735,0.10458852350711823,0.12914179265499115,0.0,0.0
"DM-8385",False,"train",0.0,0.2532666027545929,0.0,0.3700001537799835,0.0,0.0,0.0,0.35393232107162476
"DM-9239",False,"train",0.025774382054805756,0.0257576834410429,0.44278016686439514,0.02575898915529251,0.40259650349617004,0.025759611278772354,0.025798138231039047,0.025774464011192322
"DM-16642",False,"train",0.7532013654708862,0.0,0.0,0.0,0.0,0.2089875042438507,0.0,0.0
"DM-5356",False,"train",0.0,0.0,0.0,0.0,0.27087488770484924,0.6947565078735352,0.0,0.0
"DM-7416",False,"train",0.3968859016895294,0.014001577161252499,0.014002783223986626,0.014009488746523857,0.5190683603286743,0.014014260843396187,0.014005488716065884,0.014012112282216549
"DM-17349",False,"train",0.0,0.6526511907577515,0.0,0.0,0.0,0.11687520146369934,0.0,0.20524528622627258
"DM-6547",True,"train",0.012749078683555126,0.012757495976984501,0.012750652618706226,0.01275958213955164,0.9106932282447815,0.012755787000060081,0.012778946198523045,0.012755244970321655
"DM-10426",True,"train",0.0,0.9562238454818726,0.0,0.0,0.0,0.0,0.0,0.0
"DM-9857",False,"train",0.0,0.0,0.0,0.0,0.0,0.8777282238006592,0.0,0.1102636307477951
"DM-9050",False,"train",0.0,0.0,0.0,0.1788453459739685,0.8093279004096985,0.0,0.0,0.0
"DM-10035",False,"train",0.0,0.0,0.19022533297538757,0.3316749930381775,0.45885083079338074,0.0,0.0,0.0
"DM-10197",False,"train",0.0,0.0,0.36833062767982483,0.3200869858264923,0.0,0.0,0.2821996212005615,0.0
"DM-7866",False,"train",0.0,0.0,0.0,0.0,0.2645282745361328,0.7126744389533997,0.0,0.0
"DM-2953",False,"train",0.0,0.20723551511764526,0.0,0.7457475662231445,0.0,0.0,0.0,0.0
"DM-18542",False,"train",0.013117428869009018,0.013111716136336327,0.013116121292114258,0.01311668660491705,0.9081824421882629,0.013121108524501324,0.013120489194989204,0.013113958761096
"DM-8052",False,"train",0.0,0.0,0.0,0.0,0.0,0.0,0.0,0.9742119312286377
"DM-3358",False,"train",0.0,0.0,0.0,0.0,0.0,0.9734193682670593,0.0,0.0
"DM-5877",False,"train",0.0,0.0,0.0,0.0,0.4476630687713623,0.5307716131210327,0.014741246588528156,0.0
"DM-17368",False,"train",0.0,0.0,0.0,0.0,0.0,0.0,0.5272560715675354,0.4226206839084625
"DM-9937",False,"train",0.0,0.0,0.5041623711585999,0.0,0.0,0.0,0.0,0.4931751787662506
"DM-9848",False,"train",0.7216206192970276,0.0,0.015024869702756405,0.0,0.2623002827167511,0.0,0.0,0.0
"DM-10881",False,"train",0.015637777745723724,0.015636589378118515,0.015639429911971092,0.6689074039459229,0.01564057543873787,0.23724772036075592,0.015654489398002625,0.015636051073670387
"DM-12536",False,"train",0.0,0.49328291416168213,0.0,0.0,0.47025808691978455,0.0209355391561985,0.0,0.0
"DM-18520",False,"train",0.013950166292488575,0.013982659205794334,0.013948379084467888,0.013958827592432499,0.013950969092547894,0.013958681374788284,0.9023008346557617,0.013949497602880001
"DM-16023",False,"train",0.0,0.0,0.0,0.8309280276298523,0.1596679538488388,0.0,0.0,0.0
"DM-7147",False,"train",0.0,0.0,0.0,0.8092969059944153,0.0,0.18696582317352295,0.0,0.0
"DM-5038",True,"train",0.01805313117802143,0.018028829246759415,0.018040940165519714,0.018031787127256393,0.8736810088157654,0.018046874552965164,0.01808961108326912,0.018027789890766144
"DM-13438",True,"train",0.0,0.0,0.0,0.0,0.0,0.9745780825614929,0.0,0.0
"DM-14110",False,"train",0.13835352659225464,0.2090548872947693,0.014978941529989243,0.014987477101385593,0.014984359964728355,0.5776705741882324,0.01498027890920639,0.014989960938692093
"DM-9282",True,"train",0.0,0.0,0.0,0.17056438326835632,0.0,0.0,0.0,0.8128980994224548
"DM-14527",False,"train",0.0,0.0,0.0,0.38429197669029236,0.3360643982887268,0.0,0.0,0.26865875720977783
"DM-14771",False,"train",0.012277398258447647,0.012269178405404091,0.012268126010894775,0.012271878309547901,0.9140790700912476,0.012275958433747292,0.012268703430891037,0.012289702892303467
"DM-12568",True,"train",0.0,0.16333933174610138,0.0,0.0,0.0,0.0,0.0,0.7786397337913513
"DM-9302",False,"train",0.26500773429870605,0.0,0.23075751960277557,0.0,0.0,0.4780675768852234,0.0,0.0
"DM-9992",False,"train",0.0,0.0,0.0,0.18785622715950012,0.763180673122406,0.0,0.0,0.0
"DM-706",False,"train",0.0,0.0,0.0,0.5014857649803162,0.3270280957221985,0.0,0.15624479949474335,0.0
"DM-8011",False,"train",0.0,0.30812036991119385,0.0,0.634027898311615,0.0,0.0,0.0,0.0
"DM-2606",False,"train",0.0,0.0,0.0,0.5759962201118469,0.3929640054702759,0.0,0.0,0.0
"DM-14363",True,"train",0.0,0.0,0.0,0.0,0.1366892009973526,0.0,0.0,0.8469697833061218
"DM-14291",False,"train",0.0,0.0,0.0,0.0,0.9941645264625549,0.0,0.0,0.0
"DM-8111",False,"train",0.0,0.0,0.0,0.0,0.9542447924613953,0.0,0.0,0.0
"DM-12544",False,"train",0.0,0.0,0.0,0.9590900540351868,0.0,0.0,0.0,0.015830915421247482
"DM-10565",False,"train",0.0,0.0,0.0,0.2851288914680481,0.6223214864730835,0.0878618061542511,0.0,0.0
"DM-14077",False,"train",0.0,0.2756659686565399,0.0,0.0,0.6754442453384399,0.0,0.0,0.0
"DM-16341",False,"train",0.7069768309593201,0.041860442608594894,0.041860517114400864,0.04186040535569191,0.04186040908098221,0.04186041280627251,0.04186050966382027,0.0418604351580143
"DM-2521",False,"valid",0.0,0.0,0.0,0.0,0.0,0.3916964828968048,0.0,0.5616359114646912
"DM-16589",False,"valid",0.017148025333881378,0.017147639766335487,0.8799627423286438,0.017150675877928734,0.01715199090540409,0.017147120088338852,0.0171444583684206,0.017147313803434372
"DM-14537",False,"valid",0.0,0.07497550547122955,0.0,0.45724156498908997,0.0,0.0,0.0,0.4436851143836975
"DM-17641",False,"valid",0.0,0.0,0.0,0.0,0.0,0.0,0.0,0.9451795816421509
"DM-9751",True,"valid",0.0,0.0,0.0,0.3696877658367157,0.6176092624664307,0.0,0.0,0.0
"DM-3204",False,"valid",0.02085801027715206,0.020884336903691292,0.02086346596479416,0.020854776725172997,0.02088250033557415,0.020862990990281105,0.8539299368858337,0.020864002406597137
"DM-11160",False,"valid",0.012259090319275856,0.296123743057251,0.012247338891029358,0.012253260239958763,0.5324984192848206,0.012248605489730835,0.012254944071173668,0.11011456698179245
"DM-3372",True,"valid",0.06527861207723618,0.09678787738084793,0.0,0.0,0.4865989089012146,0.3388301730155945,0.0,0.0
"DM-9118",True,"valid",0.010438788682222366,0.010432886891067028,0.010433022864162922,0.7413205504417419,0.010437041521072388,0.01043565385043621,0.010429780930280685,0.1960722804069519
"DM-3365",False,"valid",0.03156212344765663,0.031620658934116364,0.031602051109075546,0.03153546527028084,0.03163092955946922,0.7789258360862732,0.03158267214894295,0.031540315598249435
"DM-3237",False,"valid",0.21700574457645416,0.0,0.26315000653266907,0.10344210267066956,0.0,0.07795676589012146,0.3312852084636688,0.0
"DM-15222",False,"valid",0.0,0.0,0.4167584776878357,0.0,0.0,0.19248755276203156,0.0,0.3733573853969574
"DM-4926",False,"valid",0.0,0.0,0.0,0.0,0.9740688800811768,0.0,0.0,0.0
"DM-11325",False,"valid",0.011766813695430756,0.011764995753765106,0.011763619258999825,0.18986205756664276,0.011781222186982632,0.7395064234733582,0.011765954084694386,0.011788945645093918
"DM-4834",False,"valid",0.0,0.0,0.0,0.8287250995635986,0.0,0.13045544922351837,0.0,0.0
"DM-12427",True,"valid",0.0,0.0,0.0,0.0,0.9660941958427429,0.0,0.0,0.0
"DM-11800",False,"valid",0.0,0.0,0.9808900356292725,0.0,0.0,0.0,0.0,0.0
"DM-15049",False,"valid",0.35050255060195923,0.03131021186709404,0.03128180652856827,0.03129509091377258,0.03132004663348198,0.031312115490436554,0.46168962121009827,0.03128853067755699
"DM-17188",False,"valid",0.0,0.0,0.0,0.0,0.0,0.7934196591377258,0.1772811859846115,0.0
"DM-16014",False,"valid",0.011461036279797554,0.011471942998468876,0.011461624875664711,0.01146170124411583,0.9197055101394653,0.011517610400915146,0.011459770612418652,0.011460810899734497
"DM-15507",False,"valid",0.0,0.0,0.0,0.0,0.0,0.945828914642334,0.0,0.0
"DM-707",False,"valid",0.0,0.0,0.7024980783462524,0.07693666964769363,0.0,0.0,0.21204698085784912,0.0
"DM-4411",False,"valid",0.0,0.0,0.0,0.533592700958252,0.4168354272842407,0.0,0.0,0.0
"DM-9899",False,"valid",0.0,0.0,0.0,0.0,0.16236069798469543,0.8098397254943848,0.0,0.0
"DM-16045",True,"valid",0.9766457080841064,0.0,0.0,0.0,0.0,0.0,0.0,0.0
"DM-9863",False,"valid",0.0,0.0,0.0,0.0,0.0,0.0,0.0,0.9763149619102478
"DM-17097",False,"valid",0.0,0.643409788608551,0.0,0.15660111606121063,0.0,0.0,0.0,0.16991838812828064
"DM-14779",False,"valid",0.0,0.0,0.0,0.8954787850379944,0.0,0.0,0.0,0.0941368117928505
"DM-4227",False,"valid",0.0,0.08313128352165222,0.0,0.0,0.35020095109939575,0.4982677400112152,0.05812842398881912,0.0
"DM-3161",False,"valid",0.9371609687805176,0.0,0.0,0.0,0.0,0.0,0.0,0.0
"DM-12310",False,"valid",0.0,0.5593153238296509,0.0,0.23019589483737946,0.0,0.19968818128108978,0.0,0.0
"DM-14642",False,"valid",0.031387727707624435,0.03126038238406181,0.03131182864308357,0.031326670199632645,0.0312638059258461,0.031265486031770706,0.7809121608734131,0.03127191588282585
"DM-366",False,"valid",0.0,0.24942512810230255,0.46359461545944214,0.0,0.2420727014541626,0.0,0.0,0.0
"DM-12232",False,"valid",0.0,0.0,0.0,0.0,0.9703320860862732,0.0,0.0,0.0
"DM-7105",False,"valid",0.03158034011721611,0.23616595566272736,0.031575385481119156,0.03157854080200195,0.031612496823072433,0.031593021005392075,0.03162912279367447,0.5742651224136353
"DM-8982",False,"valid",0.0,0.0,0.2754583954811096,0.09043256938457489,0.0,0.0,0.0,0.6294228434562683
"DM-16174",False,"valid",0.318718284368515,0.5706213116645813,0.0,0.055150046944618225,0.0,0.0,0.050307296216487885,0.0
"DM-17487",False,"valid",0.015629909932613373,0.01562979631125927,0.015629511326551437,0.015631718561053276,0.015633514150977135,0.01563859172165394,0.015640245750546455,0.8905667066574097
"DM-9970",False,"valid",0.0,0.0,0.0,0.0,0.41143858432769775,0.5766169428825378,0.0,0.0
"DM-14490",False,"valid",0.0,0.6764525771141052,0.0,0.0,0.13651081919670105,0.0,0.15021315217018127,0.0
"DM-9170",True,"valid",0.0,0.0,0.0,0.39564692974090576,0.0,0.5566415190696716,0.0,0.0
"DM-8717",False,"valid",0.0,0.0,0.0,0.0,0.5643749237060547,0.400734543800354,0.0,0.0
"DM-10530",False,"valid",0.0,0.0,0.5450023412704468,0.4148290753364563,0.0,0.0,0.0,0.0
"DM-8807",False,"valid",0.0,0.07651007920503616,0.0,0.8971293568611145,0.0,0.0,0.0,0.0
"DM-3442",False,"valid",0.21434088051319122,0.0,0.0,0.761664867401123,0.0,0.0,0.019589435309171677,0.0
"DM-1005",False,"valid",0.015638310462236404,0.015651974827051163,0.015658607706427574,0.01563793234527111,0.01565954089164734,0.8904767036437988,0.015644244849681854,0.01563270203769207
"DM-7745",False,"valid",0.0,0.0,0.0,0.9891715049743652,0.0,0.0,0.0,0.0
"DM-9646",False,"valid",0.0,0.0,0.0,0.0,0.0,0.0,0.9582116007804871,0.0
"DM-8831",False,"valid",0.0,0.043849315494298935,0.0,0.0,0.3345883786678314,0.6048291921615601,0.0,0.0
"DM-12419",False,"valid",0.0,0.0,0.0,0.2568626403808594,0.0,0.5537399053573608,0.16245248913764954,0.0
"DM-11672",False,"valid",0.0,0.0,0.0,0.11580270528793335,0.0,0.8715827465057373,0.0,0.0
"DM-14836",False,"valid",0.2252296656370163,0.0,0.0,0.0,0.029308440163731575,0.0,0.019163673743605614,0.7196630835533142
"DM-14472",False,"valid",0.4913407564163208,0.0,0.1739293485879898,0.0,0.0,0.0,0.0,0.29557618498802185
"DM-17315",False,"valid",0.010453610680997372,0.010461019352078438,0.010454262606799603,0.5166962742805481,0.010461956262588501,0.010463329032063484,0.01044878177344799,0.42056071758270264
"DM-15027",False,"valid",0.4338521659374237,0.24848802387714386,0.0,0.1998690664768219,0.0,0.0,0.0,0.10087382793426514
"DM-5701",True,"valid",0.0,0.0,0.0,0.07201316207647324,0.4890884757041931,0.43001967668533325,0.0,0.0
"DM-12264",False,"valid",0.014206383377313614,0.014208472333848476,0.014200598932802677,0.014218220487236977,0.014214972034096718,0.014210114255547523,0.014200594276189804,0.9005406498908997
"DM-5689",False,"valid",0.0,0.0,0.0,0.0,0.5476023554801941,0.36701586842536926,0.05724596604704857,0.0
"DM-7492",False,"valid",0.0,0.0,0.0,0.0,0.9581203460693359,0.0,0.0,0.0
"DM-9002",False,"valid",0.12060722708702087,0.0,0.0,0.0,0.0,0.867066502571106,0.0,0.0
"DM-5914",True,"valid",0.5378416180610657,0.0,0.0,0.0,0.31295111775398254,0.1322573721408844,0.0,0.0
"DM-13635",False,"valid",0.0,0.30322736501693726,0.0,0.0,0.19568248093128204,0.4789874255657196,0.0,0.0
"DM-2978",False,"valid",0.0,0.0,0.0,0.3980563282966614,0.0,0.4489838778972626,0.0,0.1360296607017517
"DM-14505",False,"valid",0.0,0.0,0.0,0.0,0.2478025257587433,0.0,0.0,0.7313536405563354
"DM-11318",False,"valid",0.0,0.6735263466835022,0.0,0.282076895236969,0.0,0.0,0.0,0.0
"DM-2545",False,"valid",0.22608524560928345,0.0,0.0,0.0,0.0,0.0,0.0,0.7388824224472046
"DM-18547",True,"valid",0.011405972763895988,0.011411590501666069,0.01140320859849453,0.011406359262764454,0.01141381822526455,0.9201334714889526,0.011418206617236137,0.011407408863306046
"DM-13954",False,"valid",0.0,0.0,0.0,0.6315707564353943,0.0,0.0,0.32027971744537354,0.0
"DM-9060",False,"valid",0.0,0.0,0.0,0.2745797038078308,0.0,0.6649420261383057,0.0,0.04861431568861008
"DM-13323",True,"valid",0.0,0.0,0.0,0.0,0.6839763522148132,0.2020762711763382,0.0,0.1024080216884613
"DM-17038",False,"valid",0.0,0.0,0.0,0.0,0.13387759029865265,0.15955865383148193,0.6804669499397278,0.0
"DM-11000",False,"valid",0.0,0.3311678469181061,0.0,0.0,0.0,0.1609964668750763,0.0,0.4935937523841858
"DM-11037",False,"valid",0.08524782955646515,0.09001919627189636,0.0,0.0,0.0,0.7878854870796204,0.0,0.0
"DM-15157",False,"valid",0.0,0.0,0.0,0.0,0.0,0.08058514446020126,0.0,0.9030821323394775
"DM-5991",False,"valid",0.0,0.0,0.0,0.0,0.9538999795913696,0.0,0.0,0.0
"DM-14397",False,"valid",0.0,0.9324453473091125,0.0,0.0,0.0,0.0,0.0,0.0
"DM-18542",False,"valid",0.013117428869009018,0.013111716136336327,0.013116121292114258,0.01311668660491705,0.9081824421882629,0.013121108524501324,0.013120489194989204,0.013113958761096
"DM-1538",False,"valid",0.0,0.0,0.0,0.0,0.0,0.9325516819953918,0.0,0.0
"DM-2679",False,"valid",0.0,0.0,0.0,0.10331929475069046,0.0,0.8822640776634216,0.0,0.0
"DM-11368",False,"valid",0.0,0.1849835366010666,0.0,0.0,0.6500692367553711,0.0,0.13878758251667023,0.0
"DM-14260",False,"valid",0.0,0.5425454378128052,0.0,0.0,0.0,0.4233037531375885,0.0,0.0
"DM-5109",True,"valid",0.0,0.27849969267845154,0.0,0.0,0.4965348243713379,0.1989506483078003,0.0,0.0
"DM-1899",True,"valid",0.18558242917060852,0.04415929317474365,0.0,0.0,0.6609736680984497,0.0,0.08826451003551483,0.0
"DM-15108",False,"valid",0.0,0.0,0.0,0.5549971461296082,0.39242005348205566,0.0,0.0,0.0
"DM-14253",False,"valid",0.1615699827671051,0.0,0.13823597133159637,0.0,0.6519255042076111,0.0,0.0,0.0
"DM-7651",False,"valid",0.0,0.2463744431734085,0.15904277563095093,0.0,0.3952593207359314,0.18825586140155792,0.0,0.0
"DM-15789",False,"valid",0.0,0.0,0.7573429942131042,0.23628969490528107,0.0,0.0,0.0,0.0
"DM-7445",False,"valid",0.0,0.0,0.0,0.30155670642852783,0.0,0.58536297082901,0.08602548390626907,0.0
"DM-15160",False,"valid",0.6031628847122192,0.36106544733047485,0.0,0.0,0.0,0.0,0.0,0.0
"DM-5109",True,"valid",0.0,0.27849969267845154,0.0,0.0,0.4965348243713379,0.1989506483078003,0.0,0.0
"DM-2094",False,"valid",0.26103857159614563,0.0,0.0,0.0,0.0,0.5951501727104187,0.0,0.11924262344837189
"DM-15053",False,"valid",0.04694778472185135,0.0653633177280426,0.06987620145082474,0.0,0.523390531539917,0.28948643803596497,0.0,0.0
"DM-958",True,"valid",0.024797046557068825,0.0,0.0,0.0,0.557429850101471,0.0,0.0,0.4072290360927582
"DM-11528",False,"valid",0.0,0.817870020866394,0.0,0.0,0.0,0.0,0.0,0.14633068442344666
"DM-16469",False,"valid",0.0,0.20554791390895844,0.0,0.0,0.10344559699296951,0.0,0.6670787930488586,0.0
"DM-4152",False,"valid",0.17532597482204437,0.0,0.0,0.0,0.35814201831817627,0.0,0.0,0.4493452310562134
"DM-8112",False,"valid",0.1374935358762741,0.0,0.0,0.0,0.7535778880119324,0.0866352990269661,0.0,0.0
"DM-5827",False,"valid",0.0,0.0,0.0,0.6303852796554565,0.0,0.29267871379852295,0.0,0.06713263690471649
"DM-6630",True,"valid",0.0,0.0,0.0,0.0,0.5525368452072144,0.0,0.0,0.40329983830451965
"DM-1257",True,"valid",0.020865390077233315,0.020867275074124336,0.02086734212934971,0.25555628538131714,0.02087203785777092,0.619218647480011,0.02086728811264038,0.020885707810521126
"DM-8688",False,"valid",0.04715348407626152,0.03671730309724808,0.0,0.18826277554035187,0.02955353632569313,0.0,0.6975122094154358,0.0
"DM-5533",False,"valid",0.01259019784629345,0.012554250657558441,0.012565706856548786,0.012583745643496513,0.510353684425354,0.01255403459072113,0.41422900557518005,0.012569335289299488
"DM-1924",True,"valid",0.025706006214022636,0.02570359595119953,0.025706516578793526,0.025732940062880516,0.8200400471687317,0.02570418082177639,0.02570342645049095,0.025703297927975655
"DM-8336",False,"valid",0.0,0.0,0.0,0.0,0.9717322587966919,0.0,0.0,0.0
"DM-17252",False,"valid",0.0,0.0,0.0,0.7745832204818726,0.0,0.1877657026052475,0.0,0.0
"DM-1813",False,"valid",0.0,0.19033360481262207,0.2780689299106598,0.4923989474773407,0.0,0.0,0.0,0.0
"DM-17248",False,"valid",0.2018440067768097,0.0,0.0,0.0,0.3439719080924988,0.4444824457168579,0.0,0.0
"DM-6301",False,"valid",0.09499715268611908,0.0,0.11520379036664963,0.0,0.48312127590179443,0.0,0.0,0.28628456592559814
"DM-10366",False,"valid",0.0,0.0,0.0,0.0,0.9126977920532227,0.0,0.060842499136924744,0.0
"DM-16051",False,"valid",0.0,0.09391377866268158,0.0,0.3123342990875244,0.5736676454544067,0.0,0.0,0.0
"DM-17041",False,"valid",0.0,0.027200371026992798,0.0,0.0,0.5067015886306763,0.4557476043701172,0.0,0.0
"DM-5650",False,"valid",0.0,0.0,0.0,0.0,0.9400469064712524,0.0,0.0,0.0
"DM-10043",False,"valid",0.29379475116729736,0.0,0.0,0.0,0.0,0.6803051233291626,0.0,0.0
"DM-10601",True,"valid",0.0,0.0,0.0,0.0,0.38257840275764465,0.09739548712968826,0.0,0.5078344941139221
"DM-6382",False,"valid",0.0,0.0,0.0,0.9616190791130066,0.0,0.0,0.0,0.0
"DM-2735",False,"valid",0.0,0.0,0.0,0.0,0.971132218837738,0.0,0.0,0.0
"DM-11341",True,"valid",0.0,0.0,0.07240893691778183,0.9089747071266174,0.0,0.0,0.0,0.0
"DM-10888",False,"valid",0.018032876774668694,0.018019801005721092,0.018023349344730377,0.8738241195678711,0.018035031855106354,0.01802661083638668,0.01801779493689537,0.018020426854491234
"DM-16707",False,"valid",0.0,0.0,0.0,0.0,0.6937647461891174,0.0,0.0,0.2588546574115753
"DM-8233",False,"valid",0.0,0.0,0.0,0.0,0.0,0.9456061720848083,0.0,0.0
"DM-16041",False,"valid",0.04948967322707176,0.5184962749481201,0.0,0.0,0.4201613962650299,0.0,0.0,0.0
"DM-1462",False,"valid",0.0,0.0,0.0,0.9373461604118347,0.0,0.0,0.0,0.0
"DM-8660",True,"valid",0.0,0.0,0.0,0.7525100111961365,0.0,0.0,0.0,0.20991839468479156
"DM-18521",False,"valid",0.0,0.7143730521202087,0.0,0.0,0.2355557084083557,0.0,0.0,0.0
"DM-7329",False,"valid",0.0,0.9374451637268066,0.0,0.0,0.0,0.0,0.0,0.0
"DM-7591",False,"valid",0.393819123506546,0.011224930174648762,0.011212613433599472,0.5388292074203491,0.011231771670281887,0.011220636777579784,0.011233372613787651,0.01122836023569107
"DM-10295",False,"valid",0.12934207916259766,0.28584784269332886,0.0,0.0,0.0,0.0,0.0,0.5378552675247192
"DM-5517",True,"valid",0.031274452805519104,0.03126537799835205,0.7808955907821655,0.03129320591688156,0.03129676356911659,0.0312865674495697,0.03141070157289505,0.031277310103178024
"DM-3369",False,"valid",0.11778028309345245,0.0,0.0,0.3760426342487335,0.4606103301048279,0.03250020369887352,0.0,0.0
"DM-2322",True,"valid",0.9373709559440613,0.0,0.0,0.0,0.0,0.0,0.0,0.0
"DM-2625",False,"valid",0.5896438956260681,0.0,0.0,0.0,0.37621477246284485,0.0,0.0,0.0
"DM-7253",False,"valid",0.663670539855957,0.0,0.0,0.0,0.0,0.23028388619422913,0.06764194369316101,0.0
"DM-9997",False,"valid",0.0,0.0,0.0,0.0,0.9853355288505554,0.0,0.0,0.0
"DM-8842",False,"valid",0.0,0.0,0.0,0.9490572214126587,0.0,0.037014953792095184,0.0,0.0
"DM-7800",False,"valid",0.0,0.0,0.0,0.0,0.0,0.0,0.0,0.9780920743942261
"DM-9851",False,"valid",0.0,0.0,0.0,0.0,0.0,0.9671878218650818,0.0,0.0
"DM-13998",False,"valid",0.015681380406022072,0.4807029664516449,0.01567341946065426,0.42522451281547546,0.015688449144363403,0.0156833715736866,0.01567237079143524,0.01567351631820202
"DM-11595",False,"valid",0.0,0.0,0.0,0.8061622977256775,0.17482203245162964,0.0,0.0,0.0
"DM-10953",False,"valid",0.0,0.0,0.0,0.9960181713104248,0.0,0.0,0.0,0.0
"DM-14648",False,"valid",0.0,0.0,0.0,0.0,0.0,0.0,0.0,0.9675328731536865
"DM-17974",False,"valid",0.0,0.0,0.0,0.12075019627809525,0.0,0.8464406132698059,0.0,0.0
"DM-7376",False,"valid",0.0,0.03629286587238312,0.0,0.6728585958480835,0.1826735883951187,0.09386572241783142,0.0,0.012203220278024673
"DM-778",False,"valid",0.0,0.0,0.0,0.0,0.951440691947937,0.0,0.0,0.0
"DM-6982",True,"valid",0.0,0.0,0.0,0.0,0.0,0.0,0.0,0.9775157570838928
"DM-10065",True,"valid",0.017672983929514885,0.0,0.0,0.38150736689567566,0.0,0.1565587818622589,0.0,0.4397816061973572
"DM-15812",False,"valid",0.025060931220650673,0.025023041293025017,0.025023089721798897,0.4888153374195099,0.025052236393094063,0.36086878180503845,0.025131195783615112,0.02502536214888096
"DM-9298",False,"valid",0.5921269655227661,0.0,0.12210234999656677,0.0,0.10428225994110107,0.0,0.0,0.16475848853588104
"DM-560",False,"valid",0.0,0.0,0.0,0.8261350393295288,0.0,0.0,0.1321287602186203,0.0
"DM-8708",False,"valid",0.01047190185636282,0.010463341139256954,0.010473288595676422,0.9267302751541138,0.010470910929143429,0.010471395216882229,0.010462593287229538,0.010456311516463757
"DM-8461",True,"valid",0.01848500221967697,0.01848343387246132,0.01847175322473049,0.559174120426178,0.01850506290793419,0.01849684678018093,0.3299078941345215,0.0184758473187685
"DM-1822",False,"valid",0.0,0.0,0.9886000752449036,0.0,0.0,0.0,0.0,0.0
"DM-13313",False,"valid",0.014312476851046085,0.014313256368041039,0.014320475980639458,0.014314575120806694,0.014317773282527924,0.01431791391223669,0.014313660562038422,0.8997898697853088
"DM-2675",False,"valid",0.015871040523052216,0.015872567892074585,0.01587110385298729,0.015880512073636055,0.8888059854507446,0.01587076298892498,0.015921087935566902,0.015906954184174538
"DM-7810",False,"valid",0.016069810837507248,0.01606583409011364,0.01607508771121502,0.8874872922897339,0.016075994819402695,0.01608077436685562,0.0160762257874012,0.016068987548351288
"DM-242",True,"valid",0.0,0.0,0.0,0.0,0.680875301361084,0.0,0.0,0.3013879656791687
"DM-13565",False,"valid",0.0,0.0,0.7291287779808044,0.0,0.0,0.2419596016407013,0.0,0.0
"DM-14515",False,"valid",0.0,0.0,0.0,0.16350813210010529,0.4985516369342804,0.0,0.0,0.3263302445411682
"DM-17810",False,"valid",0.0,0.0,0.0,0.0,0.0,0.0,0.541529655456543,0.42415815591812134
"DM-9940",False,"valid",0.3004758059978485,0.0,0.0,0.0,0.6704810857772827,0.0,0.0,0.0
"DM-6976",False,"valid",0.09188763052225113,0.0,0.0,0.0,0.0,0.8822079300880432,0.0,0.0
"DM-6138",False,"valid",0.0,0.05285416543483734,0.0,0.0,0.8468184471130371,0.0,0.0,0.07743292301893234
"DM-15458",True,"valid",0.0,0.0,0.9919348955154419,0.0,0.0,0.0,0.0,0.0
"DM-4550",False,"valid",0.0,0.07775463908910751,0.0,0.5082537531852722,0.37165239453315735,0.0,0.0,0.0
"DM-11473",True,"valid",0.0,0.0,0.24411781132221222,0.1470864862203598,0.0,0.0,0.0,0.5838789343833923
"DM-18167",False,"valid",0.0,0.0,0.0,0.9584176540374756,0.0,0.0,0.0,0.024115610867738724
"DM-7267",False,"valid",0.0,0.0,0.0778873935341835,0.041431307792663574,0.0,0.16693392395973206,0.36935701966285706,0.33146512508392334
"DM-6124",False,"valid",0.0,0.0,0.0,0.7124820947647095,0.24984592199325562,0.0,0.0,0.0
"DM-1766",True,"valid",0.0,0.0,0.0,0.0,0.0,0.0,0.0,0.9663039445877075
"DM-9654",False,"valid",0.2009320855140686,0.0,0.0,0.15920919179916382,0.0,0.617439329624176,0.0,0.0
"DM-11424",False,"valid",0.0,0.0,0.23438669741153717,0.0,0.0,0.3842502236366272,0.3690338134765625,0.0
"DM-14346",False,"valid",0.9112772345542908,0.012678872793912888,0.012668660841882229,0.012670923955738544,0.012676989659667015,0.012671716511249542,0.012670028954744339,0.012685555964708328
"DM-14757",False,"valid",0.0,0.050327643752098083,0.16284415125846863,0.0,0.2667551040649414,0.5065799355506897,0.0,0.0
"DM-1777",False,"valid",0.0,0.0,0.0,0.0,0.0,0.0,0.0,0.9736934304237366
"DM-16384",False,"valid",0.0,0.0,0.0,0.8579340577125549,0.0,0.0,0.09499843418598175,0.0
"DM-16296",True,"valid",0.1064440980553627,0.5576257705688477,0.0,0.0,0.3201494812965393,0.0,0.0,0.0
"DM-3174",False,"valid",0.0,0.0,0.10118210315704346,0.0,0.7403143644332886,0.14842712879180908,0.0,0.0
"DM-8084",False,"valid",0.8804985880851746,0.0,0.11691660434007645,0.0,0.0,0.0,0.0,0.0
"DM-2551",False,"valid",0.0,0.0,0.1546289473772049,0.817994236946106,0.0,0.0,0.0,0.0
"DM-8189",False,"valid",0.05686203017830849,0.0,0.0,0.0,0.7549287676811218,0.0,0.0,0.16575390100479126
"DM-10384",True,"valid",0.0,0.0,0.0,0.9512801170349121,0.0,0.0,0.0,0.0
"DM-3778",False,"valid",0.0,0.0,0.0,0.0,0.0,0.0,0.6064891219139099,0.36923977732658386
"DM-199",False,"valid",0.0,0.0,0.0,0.0,0.0,0.9538126587867737,0.0,0.0
"DM-744",False,"valid",0.013942733407020569,0.7592003345489502,0.013944268226623535,0.013950364664196968,0.013950062915682793,0.013948442414402962,0.013956890441477299,0.1571069061756134
"DM-10862",False,"valid",0.0,0.0,0.0,0.0,0.9697438478469849,0.0,0.0,0.0
"DM-5535",False,"valid",0.025019966065883636,0.02501518838107586,0.8247455954551697,0.02503557689487934,0.02507202699780464,0.025047708302736282,0.025032691657543182,0.025031287223100662
"DM-13973",False,"valid",0.0,0.9484825730323792,0.0,0.0,0.0,0.0,0.0,0.0
"DM-13799",False,"valid",0.2725725471973419,0.0,0.0,0.0,0.0,0.6909416913986206,0.0,0.0
"DM-10187",False,"valid",0.9965357780456543,0.0,0.0,0.0,0.0,0.0,0.0,0.0
"DM-2426",False,"valid",0.1339726597070694,0.0,0.234916552901268,0.0,0.6198563575744629,0.0,0.0,0.0
"DM-17640",False,"valid",0.0,0.0,0.0,0.0,0.0,0.970396876335144,0.0,0.0
"DM-11025",False,"valid",0.13144400715827942,0.2784319221973419,0.0,0.0,0.0,0.5566241145133972,0.0,0.0
"DM-11803",False,"valid",0.0,0.0,0.0,0.39914706349372864,0.0,0.42523446679115295,0.1545996218919754,0.0
"DM-11147",False,"valid",0.0,0.0,0.0,0.0,0.9685595631599426,0.0,0.0,0.0
"DM-6592",False,"valid",0.0,0.0,0.0,0.7528892159461975,0.19703875482082367,0.0,0.0,0.0
"DM-7114",False,"valid",0.0,0.0,0.7092534303665161,0.1425778865814209,0.0,0.0,0.0,0.1391121745109558
"DM-9966",False,"valid",0.09345906972885132,0.0,0.07921943813562393,0.8217835426330566,0.0,0.0,0.0,0.0
"DM-5775",False,"valid",0.0,0.0,0.0,0.2718542814254761,0.4343910813331604,0.28733590245246887,0.0,0.0
"DM-1794",True,"valid",0.42761287093162537,0.0,0.0,0.0,0.5495812296867371,0.0,0.0,0.0
"DM-10438",False,"valid",0.1094164177775383,0.0,0.0,0.11462600529193878,0.5644439458847046,0.1992175430059433,0.0,0.0
"DM-4578",False,"valid",0.17607717216014862,0.0,0.0,0.0,0.5995284914970398,0.2072572112083435,0.0,0.0
"DM-10440",False,"valid",0.43386608362197876,0.0,0.0,0.10509888082742691,0.4336642026901245,0.0,0.0,0.0
"DM-2622",True,"valid",0.0,0.0,0.0,0.0,0.9715949892997742,0.0,0.0,0.0
"DM-4478",False,"valid",0.0208389014005661,0.020843978971242905,0.020848475396633148,0.020849091932177544,0.33321359753608704,0.020846093073487282,0.02085455134510994,0.541705310344696
"DM-10026",False,"valid",0.0,0.0,0.0,0.7740902900695801,0.0,0.0,0.0,0.16852068901062012
"DM-15760",False,"valid",0.280318021774292,0.0,0.0,0.3448125123977661,0.3594468832015991,0.0,0.0,0.0
"DM-17289",False,"valid",0.031054463237524033,0.03105028346180916,0.031047752127051353,0.031036168336868286,0.7826588153839111,0.03106597252190113,0.03103659301996231,0.031049923971295357
"DM-8227",False,"valid",0.4421197175979614,0.0,0.17632925510406494,0.05484751611948013,0.0,0.31285640597343445,0.0,0.0
"DM-15602",False,"valid",0.0,0.0,0.6382783651351929,0.0,0.0,0.0,0.354753702878952,0.0
"DM-1404",False,"valid",0.0,0.5165353417396545,0.0,0.46710965037345886,0.0,0.0,0.0,0.0
"DM-8985",False,"valid",0.0,0.0,0.0,0.13713541626930237,0.4670338034629822,0.0,0.0,0.3844618499279022
"DM-16383",True,"valid",0.0,0.0,0.0,0.0,0.9734503030776978,0.0,0.0,0.0
"DM-8239",False,"valid",0.11712919920682907,0.0,0.0,0.0,0.46056342124938965,0.0,0.4101675748825073,0.0
"DM-18430",False,"valid",0.01720830425620079,0.017164070159196854,0.01716681756079197,0.6555452346801758,0.017164988443255424,0.017163151875138283,0.24142388999462128,0.017163580283522606
"DM-13514",False,"valid",0.0,0.23248831927776337,0.0,0.0,0.0,0.0,0.0,0.717258095741272
"DM-11968",False,"valid",0.020243801176548004,0.020213933661580086,0.02022661082446575,0.6041755080223083,0.0202313419431448,0.020218655467033386,0.2744319438934326,0.020258231088519096
"DM-15835",False,"valid",0.34611767530441284,0.0,0.0,0.0,0.0,0.0,0.5949128270149231,0.0
"DM-15139",True,"valid",0.0,0.0,0.0,0.0,0.8484914302825928,0.0,0.0,0.12465435266494751
"DM-273",False,"valid",0.0,0.0,0.0,0.0,0.7469612956047058,0.20979027450084686,0.0,0.0
"DM-15320",False,"valid",0.020897140726447105,0.020909326151013374,0.8536127805709839,0.020897427573800087,0.02091882936656475,0.02092515304684639,0.0209111999720335,0.020928170531988144
"DM-228",True,"valid",0.0,0.47099828720092773,0.0,0.0,0.0,0.0,0.4913424849510193,0.0
"DM-10370",False,"valid",0.0,0.0,0.0,0.20710189640522003,0.2259833812713623,0.0,0.0,0.5481444597244263
"DM-7451",False,"valid",0.5726240277290344,0.0,0.0,0.0,0.0,0.3982417583465576,0.0,0.0
"DM-6365",False,"valid",0.23812226951122284,0.0,0.0,0.0,0.0,0.40541696548461914,0.31473198533058167,0.0
"DM-10764",False,"valid",0.0,0.0,0.0,0.9851071834564209,0.0,0.0,0.0,0.0
"DM-14114",False,"valid",0.0,0.0,0.0,0.0,0.9366413354873657,0.0,0.0,0.0
"DM-228",True,"valid",0.0,0.47099828720092773,0.0,0.0,0.0,0.0,0.4913424849510193,0.0
"DM-18063",False,"valid",0.011043490841984749,0.13315950334072113,0.011048692278563976,0.5622108578681946,0.011053786613047123,0.011058222502470016,0.2493753284215927,0.011050119996070862
"DM-936",False,"valid",0.0,0.5211540460586548,0.0,0.0,0.3676777184009552,0.0,0.0,0.09902014583349228
"DM-17030",False,"valid",0.0,0.0,0.055859871208667755,0.0,0.8138650059700012,0.0,0.09705433994531631,0.028181862086057663
"DM-17970",False,"valid",0.0,0.9414884448051453,0.0,0.0,0.0,0.0,0.0,0.0
"DM-15808",False,"valid",0.015900233760476112,0.015882058069109917,0.015873810276389122,0.015876132994890213,0.8887779712677002,0.015887193381786346,0.015914181247353554,0.015888400375843048
"DM-1147",False,"valid",0.012755949050188065,0.012782934121787548,0.48481088876724243,0.4385984539985657,0.012768520042300224,0.012757353484630585,0.012755515053868294,0.01277040783315897
"DM-4009",False,"valid",0.0,0.0,0.28198808431625366,0.5617852210998535,0.13816943764686584,0.0,0.0,0.0
"DM-11747",False,"valid",0.0,0.0,0.0,0.0,0.6515666842460632,0.30881616473197937,0.0,0.0
"DM-14720",False,"valid",0.0,0.0,0.0,0.0,0.0,0.0,0.0,0.9362112283706665
"DM-10861",False,"valid",0.011372813023626804,0.624234139919281,0.011367619968950748,0.011381290853023529,0.011378180235624313,0.011371450498700142,0.3075103461742401,0.011384207755327225
"DM-14490",False,"valid",0.0,0.6764525771141052,0.0,0.0,0.13651081919670105,0.0,0.15021315217018127,0.0
"DM-5697",False,"valid",0.0,0.0,0.0,0.9809374809265137,0.0,0.0,0.0,0.0
"DM-17044",False,"valid",0.0,0.0,0.0,0.0,0.6111482381820679,0.3005425035953522,0.0,0.07576622068881989
"DM-15537",False,"valid",0.0,0.0,0.0,0.26432687044143677,0.6996755599975586,0.0,0.0,0.0
"DM-930",True,"valid",0.0,0.39135006070137024,0.0,0.0,0.39017432928085327,0.12935124337673187,0.0,0.08422012627124786
"DM-17394",False,"valid",0.0,0.0972883477807045,0.0,0.0,0.6693242192268372,0.19556230306625366,0.0,0.0
"DM-13337",False,"valid",0.0,0.0,0.6631059050559998,0.12049241364002228,0.0,0.19947707653045654,0.0,0.0
"DM-13600",False,"valid",0.015642590820789337,0.015655821189284325,0.015644410625100136,0.015663616359233856,0.015644963830709457,0.015645477920770645,0.015635592862963676,0.8904675245285034
"DM-11016",False,"valid",0.0,0.0,0.049907732754945755,0.41027045249938965,0.530170738697052,0.0,0.0,0.0
"DM-9502",False,"valid",0.0,0.0,0.24765411019325256,0.4473753273487091,0.0,0.0,0.0,0.2939334213733673
"DM-15450",False,"valid",0.0,0.0,0.0,0.9840077757835388,0.0,0.0,0.0,0.0
"DM-3947",False,"valid",0.12324478477239609,0.01138108316808939,0.011390301398932934,0.011385278776288033,0.01139324251562357,0.8084364533424377,0.011384720914065838,0.011384066194295883
"DM-15096",False,"valid",0.26304155588150024,0.0,0.0,0.0,0.2828778922557831,0.42397037148475647,0.026360569521784782,0.0
"DM-3257",True,"valid",0.0,0.0,0.0,0.0,0.0,0.9627398252487183,0.0,0.0
"DM-10299",False,"valid",0.0,0.0,0.0,0.28950974345207214,0.0,0.6763423681259155,0.0,0.0
"DM-8405",False,"valid",0.0,0.0,0.0,0.0,0.946158766746521,0.0,0.0,0.0
"DM-18039",False,"valid",0.0,0.0,0.23185771703720093,0.0,0.7211430668830872,0.0,0.0,0.0
"DM-16441",False,"valid",0.07427965849637985,0.0,0.0,0.0,0.4977107644081116,0.17084814608097076,0.0,0.24304606020450592
"DM-11013",False,"valid",0.0,0.0,0.07688950002193451,0.0,0.6991072297096252,0.0,0.0,0.21307405829429626
"DM-3106",False,"valid",0.014007712714374065,0.01400790922343731,0.0140009056776762,0.01401925552636385,0.901939868927002,0.014011049643158913,0.014003096148371696,0.014010198414325714
"DM-1012",False,"valid",0.0,0.0,0.0,0.0,0.9561589360237122,0.0,0.0,0.0
"DM-13498",True,"valid",0.0,0.0,0.0,0.017807066440582275,0.9698754549026489,0.0,0.0,0.0
"DM-13205",True,"valid",0.010678060352802277,0.01068211067467928,0.01068130973726511,0.01068821083754301,0.010692992247641087,0.9252018928527832,0.010693083517253399,0.010682346299290657
"DM-7458",False,"valid",0.0,0.0,0.0,0.0,0.18486064672470093,0.0,0.0,0.7998032569885254
"DM-3926",False,"valid",0.0,0.0,0.0,0.0,0.0,0.9745669960975647,0.0,0.0
"DM-3447",False,"valid",0.0,0.0,0.0,0.0,0.41705623269081116,0.568160355091095,0.0,0.0
"DM-12940",False,"valid",0.0,0.0,0.0,0.0,0.07375432550907135,0.5150142312049866,0.0,0.39037221670150757
"DM-5188",True,"valid",0.48391178250312805,0.017883988097310066,0.017881544306874275,0.017930634319782257,0.017894376069307327,0.017894769087433815,0.017969433218240738,0.40863344073295593
"DM-1461",False,"valid",0.0,0.0,0.0,0.9373769164085388,0.0,0.0,0.0,0.0
"DM-19220",False,"valid",0.0,0.0,0.0,0.0,0.0,0.0,0.0,0.9513055086135864
"DM-4565",False,"valid",0.0,0.0,0.0,0.0,0.5692116618156433,0.3973913788795471,0.0,0.0
"DM-14238",True,"valid",0.0,0.0,0.0,0.0,0.0,0.0,0.0,0.9756379723548889
"DM-3652",False,"valid",0.012510889209806919,0.012509665451943874,0.012508830986917019,0.012508915737271309,0.012523109093308449,0.01251076441258192,0.012510275468230247,0.9124175906181335
"DM-8455",False,"valid",0.02503865398466587,0.025037704035639763,0.025039460510015488,0.8247253894805908,0.025038400664925575,0.025044143199920654,0.025037206709384918,0.025039056316018105
"DM-12457",False,"valid",0.0,0.0,0.0,0.0,0.0,0.18911924958229065,0.0,0.7840189933776855
"DM-14618",False,"valid",0.27623507380485535,0.0,0.0,0.0,0.0,0.6827846765518188,0.0,0.0
"DM-12667",False,"valid",0.0,0.0,0.03786053881049156,0.0,0.7535441517829895,0.19277448952198029,0.0,0.0
"DM-4824",False,"valid",0.0,0.0,0.0,0.0,0.0,0.0,0.0,0.9370539784431458
"DM-11289",False,"valid",0.0,0.0,0.0,0.4955635070800781,0.0,0.0,0.0,0.4883699119091034
"DM-17313",False,"valid",0.010059835389256477,0.3364046514034271,0.010059854947030544,0.01006686594337225,0.6032049059867859,0.010078975930809975,0.010061457753181458,0.010063455440104008
"DM-11977",False,"valid",0.38239946961402893,0.0,0.0,0.0,0.0,0.5704314708709717,0.0,0.0
"DM-7567",False,"valid",0.8881598114967346,0.0,0.09469711035490036,0.0,0.0,0.0,0.0,0.01220471691340208
"DM-9245",False,"valid",0.0,0.0,0.0,0.0,0.9371323585510254,0.0,0.0,0.0
"DM-9188",False,"valid",0.0,0.0,0.0,0.7656684517860413,0.0,0.0,0.0,0.2121901959180832
"DM-10560",False,"valid",0.0,0.0,0.0,0.0,0.7466617822647095,0.0,0.0,0.21852339804172516
"DM-1322",False,"valid",0.0,0.0,0.6972114443778992,0.0,0.26684558391571045,0.0,0.0,0.0
"DM-2710",False,"valid",0.0,0.0,0.39224234223365784,0.0,0.5798760652542114,0.0,0.0,0.0
"DM-6498",False,"valid",0.0,0.3909059166908264,0.0,0.0,0.0,0.5853794813156128,0.0,0.0
"DM-6918",True,"valid",0.0,0.0,0.0,0.0,0.1662462204694748,0.8139752745628357,0.0,0.0
"DM-7424",False,"valid",0.10291172564029694,0.0,0.0,0.0,0.19248440861701965,0.45469164848327637,0.23690740764141083,0.0
"DM-8641",False,"valid",0.0,0.0,0.0,0.0,0.0,0.9749411940574646,0.0,0.0
"DM-13402",False,"valid",0.0,0.0,0.0,0.08490358293056488,0.40813836455345154,0.0,0.4837307929992676,0.0
"DM-9598",False,"valid",0.0,0.0,0.0,0.9583865404129028,0.0,0.0,0.0,0.0
"DM-14435",True,"valid",0.0,0.0,0.0,0.31334617733955383,0.05100202187895775,0.0,0.0,0.6307328343391418
"DM-14892",False,"valid",0.0,0.0,0.0,0.0,0.0,0.0,0.9518269300460815,0.0
"DM-13087",False,"valid",0.011696748435497284,0.011699426919221878,0.011698494665324688,0.6525152921676636,0.01171522680670023,0.011699555441737175,0.011693665757775307,0.27728164196014404
"DM-9816",False,"valid",0.0,0.0,0.0,0.0,0.0,0.8213058114051819,0.0,0.16439677774906158
"DM-3194",False,"valid",0.010424040257930756,0.927012026309967,0.01042439229786396,0.010424035601317883,0.010432643815875053,0.010428188368678093,0.010426525957882404,0.010428165085613728
"DM-17316",False,"valid",0.0,0.0,0.0,0.600843608379364,0.0,0.0,0.0,0.3621579110622406
"DM-3491",False,"valid",0.0,0.0,0.0,0.0,0.22815971076488495,0.0,0.0,0.7322651743888855
"DM-9852",False,"valid",0.0,0.0,0.0,0.8038128614425659,0.0,0.18200728297233582,0.0,0.0
"DM-10862",False,"valid",0.0,0.0,0.0,0.0,0.9697438478469849,0.0,0.0,0.0
"DM-4691",False,"valid",0.025031425058841705,0.025142643600702286,0.02502903901040554,0.4258192777633667,0.025026412680745125,0.02502615377306938,0.4238816499710083,0.025043439120054245
"DM-6588",False,"valid",0.0,0.0,0.0,0.96348637342453,0.0,0.0,0.0,0.0
"DM-15613",False,"valid",0.0,0.11097211390733719,0.0,0.7833940982818604,0.0,0.0,0.0,0.09487815201282501
"DM-625",True,"valid",0.0,0.0,0.8603612780570984,0.13668222725391388,0.0,0.0,0.0,0.0
"DM-16361",False,"valid",0.0,0.0,0.033164627850055695,0.2603955566883087,0.6923354268074036,0.0,0.0,0.0
"DM-7120",False,"valid",0.0,0.0,0.0,0.0,0.16570444405078888,0.3683229684829712,0.0,0.44751834869384766
"DM-11313",False,"valid",0.8748074769973755,0.01789853908121586,0.01787322759628296,0.01788521185517311,0.017892878502607346,0.017898429185152054,0.01787627674639225,0.01786794140934944
"DM-13779",True,"valid",0.0,0.0,0.0,0.0,0.0,0.9637448787689209,0.0,0.024515444412827492
"DM-18330",False,"valid",0.0,0.0,0.0,0.029806578531861305,0.0,0.0,0.0,0.952668309211731
"DM-15767",True,"valid",0.08531787991523743,0.0,0.0,0.5591865181922913,0.2560737729072571,0.08817215263843536,0.0,0.0
"DM-6858",True,"valid",0.0,0.0,0.0,0.2667333483695984,0.0,0.7132577300071716,0.0,0.0
"DM-10850",False,"valid",0.0,0.0,0.0,0.8902080655097961,0.0,0.0897621139883995,0.0,0.0
"DM-3091",False,"valid",0.0,0.0,0.9790244698524475,0.0,0.0,0.0,0.0,0.0
"DM-9715",False,"valid",0.0,0.0,0.297281414270401,0.13646674156188965,0.2057487815618515,0.0,0.0,0.34773293137550354
"DM-17373",False,"valid",0.0,0.0,0.0,0.0,0.4989244043827057,0.2746749818325043,0.18808093667030334,0.0
"DM-10922",False,"valid",0.012506792321801186,0.012503623962402344,0.012507548555731773,0.012507692910730839,0.012508011423051357,0.01251232624053955,0.012504346668720245,0.9124496579170227
"DM-10092",False,"valid",0.0,0.0,0.0,0.0,0.614678144454956,0.3685608208179474,0.0,0.0
"DM-7942",False,"valid",0.0,0.0,0.030395060777664185,0.0,0.9569393992424011,0.0,0.0,0.0
"DM-3496",False,"valid",0.07155382633209229,0.0,0.0,0.0,0.0,0.8948463797569275,0.0,0.0
"DM-8644",True,"valid",0.0,0.0,0.0,0.46370092034339905,0.5116724371910095,0.0,0.0,0.0
"DM-4694",False,"valid",0.023213423788547516,0.02321281097829342,0.023225029930472374,0.0232225488871336,0.5037203431129456,0.0233006589114666,0.35689398646354675,0.02321118675172329
"DM-18577",False,"valid",0.01572953350841999,0.0,0.0,0.0,0.8069655895233154,0.17197781801223755,0.0,0.0
"DM-15173",False,"valid",0.0,0.0,0.0,0.0,0.0,0.0,0.9756631255149841,0.0
"DM-17903",False,"valid",0.718538224697113,0.0,0.0,0.2250523865222931,0.0,0.0,0.0,0.04828834906220436
"DM-15590",False,"valid",0.0,0.0,0.0,0.40204763412475586,0.24649034440517426,0.3012104630470276,0.0378471240401268,0.0
"DM-4443",False,"valid",0.0,0.0,0.0,0.9823106527328491,0.0,0.0,0.0,0.0
"DM-12264",False,"valid",0.014206383377313614,0.014208472333848476,0.014200598932802677,0.014218220487236977,0.014214972034096718,0.014210114255547523,0.014200594276189804,0.9005406498908997
"DM-6149",False,"valid",0.0,0.0,0.12159013748168945,0.0,0.849921464920044,0.0,0.0,0.0
"DM-18508",False,"valid",0.010465442202985287,0.010443398728966713,0.9268439412117004,0.010454913601279259,0.010456586256623268,0.010451320558786392,0.010445473715662956,0.010438913479447365
"DM-13269",False,"valid",0.0,0.07778201252222061,0.3986800014972687,0.0,0.0,0.4994277060031891,0.0,0.0
"DM-7177",True,"valid",0.0,0.0,0.0,0.0,0.9505795240402222,0.0,0.0,0.0
"DM-5880",False,"valid",0.2103806883096695,0.16969074308872223,0.0,0.0,0.3203381896018982,0.0,0.0,0.27449899911880493
"DM-13905",False,"valid",0.0,0.0,0.787119448184967,0.0,0.18595948815345764,0.0,0.0,0.0
"DM-10605",True,"valid",0.010420383885502815,0.24227362871170044,0.010424523614346981,0.010428819805383682,0.01043341588228941,0.010427954606711864,0.010420653969049454,0.6951705813407898
"DM-17672",False,"valid",0.0,0.0,0.0,0.0,0.0,0.8916415572166443,0.06568897515535355,0.0
"DM-10410",True,"valid",0.9372910261154175,0.0,0.0,0.0,0.0,0.0,0.0,0.0
"DM-8645",False,"valid",0.0,0.0,0.0,0.37414759397506714,0.5095297694206238,0.0,0.1041530892252922,0.0
"DM-15927",False,"valid",0.0,0.974213182926178,0.0,0.0,0.0,0.0,0.0,0.0
"DM-2929",False,"valid",0.0,0.0,0.0,0.9887062907218933,0.0,0.0,0.0,0.0
"DM-17160",False,"valid",0.0,0.0,0.38531890511512756,0.0,0.5562238693237305,0.0,0.0,0.0
"DM-4373",False,"valid",0.014558765105903149,0.0,0.0,0.5024653077125549,0.0,0.25131672620773315,0.0,0.2270781546831131
"DM-10880",False,"valid",0.015644676983356476,0.015643460676074028,0.015677595511078835,0.8904283046722412,0.01564626395702362,0.015660377219319344,0.01565675623714924,0.015642570331692696
"DM-11457",True,"valid",0.0,0.0,0.0,0.0,0.0,0.7631203532218933,0.0,0.19362172484397888
"DM-18007",False,"valid",0.1913978010416031,0.6145038604736328,0.0,0.0,0.0,0.0,0.0,0.17866085469722748
"DM-17678",False,"valid",0.03084537386894226,0.03086247481405735,0.2871096432209015,0.030877407640218735,0.5278075933456421,0.03085429221391678,0.03081599622964859,0.030827175825834274
"DM-240",True,"valid",0.10164052993059158,0.0,0.0,0.33821892738342285,0.5498500466346741,0.0,0.0,0.0
"DM-5466",False,"valid",0.0,0.0,0.0,0.0,0.407848984003067,0.5777082443237305,0.0,0.0
"DM-4501",False,"valid",0.020842650905251503,0.020840905606746674,0.020858021453022957,0.02085784636437893,0.020872866734862328,0.020850960165262222,0.020881885662674904,0.8539949059486389
"DM-8222",True,"valid",0.01796822063624859,0.017981844022870064,0.017959434539079666,0.01797579787671566,0.8741841316223145,0.017986124381422997,0.017961716279387474,0.01798272132873535
"DM-509",False,"valid",0.0,0.0,0.0,0.0,0.18630515038967133,0.0,0.0,0.7779085636138916
"DM-15663",True,"valid",0.0,0.0,0.0,0.07240798324346542,0.1412566751241684,0.7686811089515686,0.0,0.0
"DM-15320",False,"valid",0.020897140726447105,0.020909326151013374,0.8536127805709839,0.020897427573800087,0.02091882936656475,0.02092515304684639,0.0209111999720335,0.020928170531988144
"DM-15177",True,"valid",0.0,0.03201872482895851,0.0,0.30913233757019043,0.3405211865901947,0.10826985538005829,0.0,0.20524492859840393
"DM-6996",False,"valid",0.0,0.24839526414871216,0.0,0.0,0.0,0.3066876232624054,0.0,0.41818350553512573
"DM-13400",False,"valid",0.140727236866951,0.0,0.0,0.1477850377559662,0.0,0.0,0.0,0.6811884641647339
"DM-13565",False,"valid",0.0,0.0,0.7291287779808044,0.0,0.0,0.2419596016407013,0.0,0.0
"DM-17757",False,"valid",0.012076371349394321,0.07352963089942932,0.1470860242843628,0.7465811371803284,0.0,0.0,0.019326353445649147,0.0
"DM-10386",False,"valid",0.0,0.0,0.0,0.4830125868320465,0.4700313210487366,0.0,0.0,0.0
"DM-7719",False,"valid",0.011988543905317783,0.011988203972578049,0.011986627243459225,0.012003671377897263,0.9160451292991638,0.012003844603896141,0.011990325525403023,0.01199363823980093
"DM-16274",False,"valid",0.0,0.0,0.0,0.418535053730011,0.5372219681739807,0.0,0.0,0.0
"DM-13713",False,"valid",0.0,0.0,0.0,0.0,0.21584615111351013,0.7585364580154419,0.0,0.0
"DM-12117",False,"valid",0.995737612247467,0.0,0.0,0.0,0.0,0.0,0.0,0.0
"DM-8012",False,"valid",0.0,0.0,0.0,0.0,0.0,0.9397919774055481,0.0,0.0
"DM-14153",True,"valid",0.0,0.0,0.0,0.828141450881958,0.0,0.14596052467823029,0.0,0.0
"DM-4677",False,"valid",0.0,0.0,0.0,0.0,0.9706459641456604,0.0,0.0,0.0
"DM-6978",False,"valid",0.0,0.03713756799697876,0.0,0.0,0.878874659538269,0.0,0.0,0.06930843740701675
"DM-7900",False,"valid",0.0,0.012308928184211254,0.0,0.0,0.9608359336853027,0.0,0.0,0.0
"DM-11747",False,"valid",0.0,0.0,0.0,0.0,0.6515666842460632,0.30881616473197937,0.0,0.0
"DM-5529",False,"valid",0.0,0.039175331592559814,0.35458335280418396,0.0,0.4089486598968506,0.0,0.0,0.19022002816200256
"DM-17914",False,"valid",0.0,0.4534311294555664,0.0,0.0,0.0,0.0,0.2202599048614502,0.30315160751342773
"DM-3373",False,"valid",0.0,0.0,0.0,0.0,0.31122010946273804,0.6445950269699097,0.0,0.0
"DM-4807",False,"valid",0.0,0.0,0.0,0.0,0.747022807598114,0.0,0.0,0.2188359797000885
"DM-2740",False,"valid",0.0,0.0,0.0,0.0,0.6591470837593079,0.3160470426082611,0.0,0.0
"DM-11237",False,"valid",0.0,0.06245957314968109,0.7355162501335144,0.1542946845293045,0.0,0.0,0.0,0.043088506907224655
"DM-11316",False,"valid",0.03239670395851135,0.03240273520350456,0.03240063041448593,0.03245636448264122,0.0324549563229084,0.7730265259742737,0.03241550177335739,0.03244656324386597
"DM-17229",False,"valid",0.0,0.0,0.0,0.9848640561103821,0.0,0.0,0.0,0.0
"DM-1961",False,"valid",0.0,0.0,0.0,0.30309468507766724,0.6499664783477783,0.0,0.0,0.0
"DM-14537",False,"valid",0.0,0.07497550547122955,0.0,0.45724156498908997,0.0,0.0,0.0,0.4436851143836975
"DM-6383",False,"valid",0.0,0.030665772035717964,0.0,0.6602805256843567,0.0,0.2956399619579315,0.0,0.0
"DM-3175",False,"valid",0.020627984777092934,0.020658651366829872,0.020630987361073494,0.020630070939660072,0.8555539846420288,0.020632633939385414,0.02064017578959465,0.020625503733754158
"DM-5282",False,"valid",0.0,0.0,0.0,0.9910261034965515,0.0,0.0,0.0,0.0
"DM-6928",False,"valid",0.0,0.0,0.0,0.838771641254425,0.0,0.1243009865283966,0.0,0.0
"DM-14468",False,"valid",0.0,0.0,0.0,0.9707826972007751,0.0,0.0,0.0,0.0
"DM-13211",True,"valid",0.0,0.0,0.0,0.1866879016160965,0.0,0.7929027676582336,0.0,0.0
"DM-6902",False,"valid",0.0,0.0,0.06796738505363464,0.21928919851779938,0.0,0.0,0.0,0.7037039399147034
"DM-18513",False,"valid",0.0,0.3307926654815674,0.0,0.0,0.6346421837806702,0.0,0.0,0.0
"DM-5202",False,"valid",0.0,0.0,0.0,0.0,0.0,0.9558979868888855,0.0,0.0
"DM-6048",True,"valid",0.0,0.0,0.0,0.34069356322288513,0.4836939871311188,0.14752699434757233,0.0,0.0
"DM-17975",False,"valid",0.0,0.0,0.0,0.0,0.2982323169708252,0.0,0.4863171875476837,0.19215312600135803
"DM-1015",True,"valid",0.0,0.0,0.0,0.0,0.9632633924484253,0.0,0.0,0.0
"DM-5799",False,"valid",0.0,0.0,0.12346742302179337,0.2353232055902481,0.6200685501098633,0.0,0.0,0.0
"DM-8696",False,"valid",0.013144034892320633,0.013140709139406681,0.013139739632606506,0.013167833909392357,0.013153478503227234,0.9079716801643372,0.01313923578709364,0.013143276795744896
"DM-7798",True,"valid",0.0,0.0,0.0,0.0,0.0,0.0,0.07444159686565399,0.8959844708442688
"DM-15785",False,"valid",0.08711368590593338,0.0,0.0,0.0,0.2885020077228546,0.0,0.0,0.5894983410835266
"DM-14640",False,"valid",0.03128300979733467,0.03128251060843468,0.031283970922231674,0.03128282353281975,0.03144627436995506,0.031283918768167496,0.7808545827865601,0.03128291293978691
"DM-17506",False,"valid",0.0,0.0,0.0,0.7787120342254639,0.05421298369765282,0.1555764079093933,0.0,0.0
"DM-6549",True,"valid",0.0,0.0,0.0,0.0,0.9824568629264832,0.0,0.0,0.0
"DM-6538",False,"valid",0.0,0.0,0.0,0.0,0.5639702677726746,0.0,0.4000660479068756,0.0
"DM-4617",False,"valid",0.0,0.0,0.0,0.0,0.7084122896194458,0.0,0.23425428569316864,0.043522585183382034
"DM-15225",True,"valid",0.10227088630199432,0.8715776205062866,0.0,0.0,0.0,0.0,0.0,0.0
"DM-8514",False,"valid",0.01268141157925129,0.012688889168202877,0.46739768981933594,0.0126658258959651,0.4565606117248535,0.01266718190163374,0.012667777016758919,0.012670673429965973
"DM-12159",False,"valid",0.890409529209137,0.015656081959605217,0.015645930543541908,0.015647748485207558,0.015658875927329063,0.015667159110307693,0.015655536204576492,0.01565912924706936
"DM-8045",False,"valid",0.010242987424135208,0.3392465114593506,0.010234064422547817,0.5993099212646484,0.010244551114737988,0.01024354062974453,0.01023650262504816,0.010241893120110035
"DM-5516",True,"valid",0.03126481547951698,0.03125574812293053,0.7811034321784973,0.03127843514084816,0.03127612918615341,0.031275808811187744,0.03127450495958328,0.031271085143089294
"DM-10265",False,"valid",0.0,0.0,0.0,0.4769802689552307,0.0,0.0,0.3126414716243744,0.17828427255153656
"DM-16401",False,"valid",0.0,0.0,0.0,0.0,0.0,0.0,0.5328187942504883,0.43311578035354614
"DM-14125",False,"valid",0.0,0.0,0.0,0.0,0.14696583151817322,0.0,0.0,0.809916079044342
"DM-5652",False,"valid",0.0,0.0,0.0,0.0,0.9346814751625061,0.0,0.0,0.0
"DM-6465",False,"valid",0.9510008096694946,0.0,0.0,0.0,0.0,0.0,0.0,0.0
"DM-2737",False,"valid",0.0,0.1326189637184143,0.0,0.1658942550420761,0.5619075894355774,0.0,0.0,0.13174349069595337
"DM-14049",False,"valid",0.17482469975948334,0.7805801033973694,0.0,0.0,0.0,0.0,0.0,0.0
"DM-8750",True,"valid",0.0,0.0,0.0,0.19992558658123016,0.37726935744285583,0.0,0.4107484817504883,0.0
"DM-8500",False,"valid",0.0,0.0,0.0,0.910834550857544,0.0,0.07698936015367508,0.0,0.0
"DM-10976",False,"valid",0.0,0.0,0.0,0.0,0.0,0.9686387777328491,0.0,0.0
"DM-17207",False,"valid",0.0,0.4497651159763336,0.0,0.3776552379131317,0.0,0.14541073143482208,0.0,0.0
"DM-7808",False,"valid",0.0,0.6338925957679749,0.0,0.0,0.030647089704871178,0.0,0.04584809020161629,0.27794349193573
"DM-9141",False,"valid",0.0,0.0,0.0,0.15580494701862335,0.0,0.7650488615036011,0.028155220672488213,0.04817791283130646
"DM-17688",False,"valid",0.0,0.0,0.0,0.0,0.6533516049385071,0.29291269183158875,0.0,0.0
"DM-12112",False,"valid",0.0,0.10619687288999557,0.0,0.07511475682258606,0.7576107978820801,0.0,0.04556290805339813,0.0
"DM-6987",False,"valid",0.0,0.0,0.10654884576797485,0.0,0.26253658533096313,0.603857159614563,0.0,0.0
"DM-2020",False,"valid",0.014739498496055603,0.014740843325853348,0.014738655649125576,0.014830244705080986,0.014803186058998108,0.014751411974430084,0.014739417470991611,0.8966567516326904
"DM-10799",False,"valid",0.0,0.0,0.9512155055999756,0.0,0.0,0.0,0.0,0.0
"DM-14321",False,"valid",0.0,0.19370095431804657,0.0,0.0,0.2586686313152313,0.0,0.0,0.5327574014663696
"DM-13420",False,"valid",0.026168618351221085,0.0,0.1343081295490265,0.1458551585674286,0.32189926505088806,0.0,0.0,0.36853599548339844
"DM-18509",False,"valid",0.011714242398738861,0.13153479993343353,0.3535260260105133,0.011720744892954826,0.45628803968429565,0.01173916831612587,0.011742990463972092,0.011733952909708023
"DM-10109",False,"valid",0.0,0.0,0.0,0.0,0.953783392906189,0.0,0.0,0.0
"DM-2176",False,"valid",0.0,0.0,0.07457990944385529,0.0,0.897502601146698,0.0,0.0,0.0
"DM-8466",True,"valid",0.025011679157614708,0.025009965524077415,0.0250047966837883,0.8249452114105225,0.025007933378219604,0.0250125490128994,0.02500288374722004,0.025004969909787178
"DM-9428",False,"valid",0.0,0.0,0.0,0.9538483619689941,0.0,0.0,0.0,0.0
"DM-5352",False,"valid",0.19210503995418549,0.020846983417868614,0.21823519468307495,0.02084609493613243,0.4854065775871277,0.020850297063589096,0.020854076370596886,0.020855771377682686
"DM-9118",True,"valid",0.010438788682222366,0.010432886891067028,0.010433022864162922,0.7413205504417419,0.010437041521072388,0.01043565385043621,0.010429780930280685,0.1960722804069519
"DM-1462",False,"valid",0.0,0.0,0.0,0.9373461604118347,0.0,0.0,0.0,0.0
"DM-14779",False,"valid",0.0,0.0,0.0,0.8954787850379944,0.0,0.0,0.0,0.0941368117928505
"DM-13402",False,"valid",0.0,0.0,0.0,0.08490358293056488,0.40813836455345154,0.0,0.4837307929992676,0.0
"DM-1802",False,"valid",0.0,0.0,0.9345410466194153,0.0,0.0,0.0,0.0,0.0
"DM-2096",False,"valid",0.9269514083862305,0.01044369861483574,0.010423732921481133,0.0104370703920722,0.010442226193845272,0.010436847805976868,0.010434645228087902,0.01043037511408329
"DM-10271",False,"valid",0.0,0.0,0.0,0.0,0.3778172433376312,0.6113532781600952,0.0,0.0
"DM-10109",False,"valid",0.0,0.0,0.0,0.0,0.953783392906189,0.0,0.0,0.0
"DM-10837",False,"valid",0.0,0.0,0.0,0.30019593238830566,0.0,0.6694417595863342,0.0,0.0
"DM-10410",True,"valid",0.9372910261154175,0.0,0.0,0.0,0.0,0.0,0.0,0.0
"DM-9795",False,"valid",0.0,0.0,0.0,0.3395690619945526,0.5008431077003479,0.15071092545986176,0.0,0.0
"DM-5161",False,"valid",0.0,0.0,0.0,0.5918911099433899,0.1910935938358307,0.0,0.20731307566165924,0.0
"DM-10605",True,"valid",0.010420383885502815,0.24227362871170044,0.010424523614346981,0.010428819805383682,0.01043341588228941,0.010427954606711864,0.010420653969049454,0.6951705813407898
"DM-9416",False,"valid",0.0,0.0,0.0,0.2360106259584427,0.0,0.7483351230621338,0.0,0.0
"DM-631",False,"valid",0.03505438566207886,0.03505227714776993,0.03504793345928192,0.0350516252219677,0.7545527815818787,0.035085152834653854,0.03505831956863403,0.03509749099612236
"DM-15534",True,"valid",0.0,0.0,0.0,0.5652505159378052,0.3114602565765381,0.0,0.09362467378377914,0.0
"DM-4162",False,"valid",0.0,0.0,0.10621567070484161,0.0,0.17195066809654236,0.614982545375824,0.0,0.09611904621124268
"DM-2683",True,"valid",0.0,0.9367595314979553,0.0,0.0,0.0,0.0,0.0,0.0
"DM-6123",False,"valid",0.0,0.0,0.0,0.314641535282135,0.30439358949661255,0.36542144417762756,0.0,0.0
"DM-9843",False,"valid",0.0,0.04619237408041954,0.0,0.08473142981529236,0.0,0.0,0.0,0.8514421582221985
"DM-1676",False,"valid",0.3281383216381073,0.029349643737077713,0.029342787340283394,0.02935214713215828,0.4957202076911926,0.029375407844781876,0.02935301512479782,0.02936842478811741
"DM-11594",False,"valid",0.0,0.7266667485237122,0.062378574162721634,0.19066114723682404,0.0,0.0,0.0,0.0
"DM-13303",False,"valid",0.0,0.0,0.0,0.0,0.13302186131477356,0.8454837203025818,0.0,0.0
"DM-2892",False,"valid",0.0932021364569664,0.0,0.28097501397132874,0.0,0.46025314927101135,0.0,0.0,0.15450888872146606
"DM-1979",True,"valid",0.010471560060977936,0.17050568759441376,0.010437889024615288,0.46024754643440247,0.010434477590024471,0.010445508174598217,0.010428746230900288,0.31702861189842224
"DM-1710",False,"valid",0.3330386281013489,0.0,0.6558066010475159,0.0,0.0,0.0,0.0,0.0
"DM-1055",False,"valid",0.0,0.0,0.0,0.0,0.9837437868118286,0.0,0.0,0.0
"DM-17161",False,"valid",0.010452422313392162,0.010451514273881912,0.010450934991240501,0.010468309745192528,0.8101298213005066,0.1271442323923111,0.0104495445266366,0.01045325119048357
"DM-10529",False,"valid",0.16255789995193481,0.01130057405680418,0.01130299735814333,0.011301292106509209,0.01130659505724907,0.011300646699965,0.01130036823451519,0.7696295976638794
"DM-17654",True,"valid",0.2745090425014496,0.5262905955314636,0.0,0.0,0.0,0.0,0.16626200079917908,0.0
"DM-17229",False,"valid",0.0,0.0,0.0,0.9848640561103821,0.0,0.0,0.0,0.0
"DM-16416",False,"valid",0.9796178340911865,0.0,0.0,0.0,0.0,0.0,0.0,0.0
"DM-8868",False,"valid",0.22329768538475037,0.010425828397274017,0.010425785556435585,0.01044267974793911,0.010440943762660027,0.714113175868988,0.010426088236272335,0.010427789762616158
"DM-26",False,"valid",0.012563827447593212,0.22084157168865204,0.2966354787349701,0.012572706677019596,0.25462526082992554,0.012584538199007511,0.1776132881641388,0.012563361786305904
"DM-9297",False,"valid",0.0,0.6733072996139526,0.0,0.0,0.0,0.31412509083747864,0.0,0.0
"DM-12362",False,"valid",0.0,0.5706124305725098,0.0,0.0,0.38763779401779175,0.0,0.0,0.0
"DM-16510",False,"valid",0.0,0.8460941910743713,0.0,0.0,0.12789377570152283,0.0,0.0,0.0
"DM-4138",False,"valid",0.047400329262018204,0.0,0.0,0.0,0.9306957125663757,0.0,0.0,0.0
"DM-15751",False,"valid",0.04951940104365349,0.0,0.0,0.0,0.35871386528015137,0.5780813694000244,0.0,0.0
"DM-8225",False,"valid",0.010353962890803814,0.010339366272091866,0.0103307468816638,0.5104803442955017,0.010345499031245708,0.42747989296913147,0.010334057733416557,0.010336106643080711
"DM-5202",False,"valid",0.0,0.0,0.0,0.0,0.0,0.9558979868888855,0.0,0.0
"DM-4480",False,"valid",0.020842021331191063,0.020839661359786987,0.02084040641784668,0.020843200385570526,0.020860357210040092,0.02084777131676674,0.020848805084824562,0.8540777564048767
"DM-359",False,"valid",0.0,0.049500562250614166,0.0,0.0,0.0,0.0,0.0,0.9363280534744263
"DM-10877",False,"valid",0.020854024216532707,0.020855527371168137,0.020855706185102463,0.6814873218536377,0.19336451590061188,0.020855000242590904,0.020872844383120537,0.020855098962783813
"DM-7846",True,"valid",0.0,0.0,0.08867953717708588,0.0,0.8654758930206299,0.0,0.0,0.0
"DM-222",False,"valid",0.017918316647410393,0.8744761943817139,0.01792042702436447,0.01793159544467926,0.01794498786330223,0.017944367602467537,0.01791883073747158,0.01794527843594551
"DM-5463",False,"valid",0.0,0.0,0.0,0.0,0.6786130666732788,0.0,0.0,0.28806522488594055
"DM-9888",False,"valid",0.0,0.0,0.46123719215393066,0.0,0.0,0.0,0.0,0.5166210532188416
"DM-5594",False,"valid",0.0,0.41673988103866577,0.0,0.0,0.5427994728088379,0.0,0.0,0.0
"DM-13814",True,"valid",0.0,0.0,0.0,0.0,0.9749361276626587,0.0,0.0,0.0
"DM-3450",False,"valid",0.0,0.0,0.0,0.982764482498169,0.0,0.0,0.0,0.0
"DM-6933",True,"valid",0.010331644676625729,0.010381420142948627,0.010325361043214798,0.010344586335122585,0.5543113946914673,0.3836343288421631,0.010333303362131119,0.010337941348552704
"DM-14121",False,"valid",0.23611770570278168,0.1678895205259323,0.0,0.12153203040361404,0.20751279592514038,0.25701621174812317,0.0,0.0
"DM-16858",False,"valid",0.0,0.0,0.0,0.0,0.0,0.9415977001190186,0.0,0.0
"DM-14096",False,"valid",0.0,0.9325792193412781,0.0,0.0,0.0,0.0,0.0,0.0
"DM-4259",False,"valid",0.0,0.49448439478874207,0.0,0.15311454236507416,0.33741819858551025,0.0,0.0,0.0
"DM-8674",True,"valid",0.0,0.0,0.0,0.9372462034225464,0.0,0.0,0.0,0.0
"DM-5547",False,"valid",0.02503069117665291,0.2751740515232086,0.574489951133728,0.02505158632993698,0.02509913221001625,0.02506495825946331,0.0250474214553833,0.02504214644432068
"DM-2708",False,"valid",0.0,0.0,0.3214753568172455,0.6516769528388977,0.0,0.0,0.0,0.0
"DM-3686",False,"valid",0.0,0.04193325340747833,0.0,0.0,0.9416272044181824,0.0,0.0,0.0
"DM-17820",False,"valid",0.01857653632760048,0.0185871422290802,0.01857304386794567,0.0185941681265831,0.018597643822431564,0.8699025511741638,0.018578726798295975,0.018590208142995834
"DM-4798",False,"valid",0.0,0.0,0.0,0.9380435347557068,0.0,0.05115928128361702,0.0,0.0
"DM-13840",False,"valid",0.0,0.0,0.0,0.0,0.9296600222587585,0.0,0.0467640683054924,0.0
"DM-958",True,"valid",0.024797046557068825,0.0,0.0,0.0,0.557429850101471,0.0,0.0,0.4072290360927582
"DM-17281",False,"valid",0.0,0.0,0.0,0.0,0.0,0.9707731604576111,0.0,0.0
"DM-18483",False,"valid",0.01850820705294609,0.018479211255908012,0.01848306693136692,0.8705317378044128,0.018480373546481133,0.0184790026396513,0.018559349700808525,0.01847904361784458
"DM-10366",False,"valid",0.0,0.0,0.0,0.0,0.9126977920532227,0.0,0.060842499136924744,0.0
"DM-2477",False,"valid",0.0,0.0,0.0,0.16790908575057983,0.3375713527202606,0.3314139246940613,0.0,0.1506117284297943
"DM-4677",False,"valid",0.0,0.0,0.0,0.0,0.9706459641456604,0.0,0.0,0.0
"DM-13487",False,"valid",0.031272001564502716,0.03129596263170242,0.03128574788570404,0.031256210058927536,0.03129171207547188,0.031264036893844604,0.7810766100883484,0.031257688999176025
"DM-13460",False,"valid",0.3112814426422119,0.020868100225925446,0.020867448300123215,0.02087986096739769,0.020880788564682007,0.020893042907118797,0.5634406805038452,0.020888570696115494
"DM-8149",False,"valid",0.017098968848586082,0.01710379868745804,0.0171008612960577,0.017104700207710266,0.8802509903907776,0.01712055318057537,0.017106426879763603,0.017113661393523216
"DM-17985",False,"valid",0.0,0.0,0.0,0.0,0.0,0.0,0.0,0.9512915015220642
"DM-17688",False,"valid",0.0,0.0,0.0,0.0,0.6533516049385071,0.29291269183158875,0.0,0.0
"DM-6254",False,"valid",0.0,0.0,0.0,0.43399062752723694,0.371029794216156,0.08059521019458771,0.09963298588991165,0.0
"DM-7019",False,"valid",0.0,0.24094821512699127,0.0,0.0,0.0,0.0,0.0,0.7231722474098206
"DM-6352",False,"valid",0.0,0.11277574300765991,0.0,0.0,0.0,0.7594138383865356,0.08979273587465286,0.0
"DM-14708",True,"valid",0.02126445434987545,0.8511033654212952,0.021258965134620667,0.021260906010866165,0.021266762167215347,0.02130219154059887,0.021266262978315353,0.021277131512761116
"DM-10576",False,"valid",0.10434652119874954,0.0,0.22443412244319916,0.12310662865638733,0.38572394847869873,0.14816181361675262,0.0,0.0
"DM-3775",True,"valid",0.0,0.0,0.0,0.5745347142219543,0.0,0.34948495030403137,0.04101421311497688,0.02439626306295395
"DM-8455",False,"valid",0.02503865398466587,0.025037704035639763,0.025039460510015488,0.8247253894805908,0.025038400664925575,0.025044143199920654,0.025037206709384918,0.025039056316018105
"DM-14233",False,"valid",0.010485575534403324,0.010501054115593433,0.010485158301889896,0.010494569316506386,0.010494783520698547,0.010496499948203564,0.9265496134757996,0.010492776520550251
"DM-15048",False,"valid",0.0,0.0,0.0,0.5832955241203308,0.0,0.3571505546569824,0.0,0.0
"DM-10603",False,"valid",0.012782304547727108,0.012811009772121906,0.012785034254193306,0.45099076628685,0.012790443375706673,0.012785449624061584,0.012786063365638256,0.4722689390182495
"DM-10407",False,"valid",0.0,0.45327305793762207,0.0,0.17390699684619904,0.0,0.3390934467315674,0.0,0.0
"DM-296",False,"valid",0.0,0.0,0.03364349901676178,0.41923901438713074,0.385684072971344,0.0,0.15303859114646912,0.0
"DM-1332",False,"valid",0.0,0.0,0.07907915115356445,0.0,0.9107679128646851,0.0,0.0,0.0
"DM-14197",False,"valid",0.0,0.0,0.0,0.0,0.986729621887207,0.0,0.0,0.0
"DM-8819",False,"valid",0.07390060275793076,0.11171098798513412,0.0,0.0,0.0,0.5370365381240845,0.0,0.2669602632522583
"DM-11190",True,"valid",0.023652995005249977,0.02363203838467598,0.8346129655838013,0.02361150272190571,0.0236295647919178,0.02361430786550045,0.023628132417798042,0.023618461564183235
"DM-242",True,"valid",0.0,0.0,0.0,0.0,0.680875301361084,0.0,0.0,0.3013879656791687
"DM-18125",False,"valid",0.0,0.0,0.0,0.8426741361618042,0.0,0.12148337811231613,0.0,0.0
"DM-6465",False,"valid",0.9510008096694946,0.0,0.0,0.0,0.0,0.0,0.0,0.0
"DM-2949",False,"valid",0.0,0.0,0.0,0.2150057554244995,0.29918208718299866,0.0,0.0,0.4701201915740967
"DM-16781",True,"valid",0.0,0.0,0.0,0.14549297094345093,0.28409433364868164,0.0,0.0,0.5553525686264038
"DM-15545",True,"valid",0.722854495048523,0.0,0.0,0.0,0.0,0.23296187818050385,0.0,0.0
"DM-12377",False,"valid",0.2621982991695404,0.0,0.0,0.0,0.0,0.39288315176963806,0.0,0.3107331097126007
"DM-9005",False,"valid",0.0,0.8705902695655823,0.0,0.0323026180267334,0.09243398904800415,0.0,0.0,0.0
"DM-4985",True,"valid",0.02503064274787903,0.02504940889775753,0.02502579428255558,0.025022799149155617,0.8246713280677795,0.02510962449014187,0.025034772232174873,0.025055639445781708
"DM-612",False,"valid",0.0,0.0,0.10236898809671402,0.0,0.2086930274963379,0.0,0.6621917486190796,0.0
"DM-17004",True,"valid",0.0,0.0,0.0,0.9743783473968506,0.0,0.0,0.0,0.0
"DM-12660",False,"valid",0.011404234915971756,0.5181519389152527,0.011400900781154633,0.4134039878845215,0.011423029936850071,0.011408926919102669,0.011401835829019547,0.011405074037611485
"DM-1439",False,"valid",0.0,0.4267541766166687,0.0,0.0,0.5118140578269958,0.04876222833991051,0.0,0.0
"DM-13136",False,"valid",0.0,0.03704593703150749,0.08830510079860687,0.7275984883308411,0.14073386788368225,0.0,0.0,0.0
"DM-18039",False,"valid",0.0,0.0,0.23185771703720093,0.0,0.7211430668830872,0.0,0.0,0.0
"DM-9828",False,"valid",0.0,0.0,0.0,0.7590690851211548,0.0,0.21691516041755676,0.0,0.0
"DM-4690",False,"valid",0.02087334357202053,0.02085309848189354,0.5010057687759399,0.020843185484409332,0.37386152148246765,0.02086780034005642,0.020848587155342102,0.020846717059612274
"DM-7557",False,"valid",0.0,0.41569840908050537,0.0,0.0,0.5485311150550842,0.0,0.0,0.0
"DM-10305",False,"valid",0.0,0.31004953384399414,0.036386895924806595,0.0,0.4632496237754822,0.05953005701303482,0.0,0.12006226181983948
"DM-10489",False,"valid",0.0,0.0,0.996597409248352,0.0,0.0,0.0,0.0,0.0
"DM-4759",True,"valid",0.0,0.0,0.0,0.13973742723464966,0.0,0.4846798777580261,0.0,0.3477400243282318
"DM-9002",False,"valid",0.12060722708702087,0.0,0.0,0.0,0.0,0.867066502571106,0.0,0.0
"DM-9503",False,"valid",0.4210161566734314,0.0,0.5740991830825806,0.0,0.0,0.0,0.0,0.0
"DM-14040",False,"valid",0.01566004566848278,0.5443410873413086,0.2285185605287552,0.015660792589187622,0.015675287693738937,0.015676984563469887,0.01567392796278,0.1487932801246643
"DM-12783",True,"valid",0.0,0.0,0.0,0.5787039995193481,0.21729464828968048,0.1975255161523819,0.0,0.0
"DM-790",False,"valid",0.02127574011683464,0.021270643919706345,0.02131764404475689,0.8509523272514343,0.021279431879520416,0.021334940567612648,0.021274173632264137,0.02129511535167694
"DM-3398",False,"valid",0.49084803462028503,0.0,0.5049883127212524,0.0,0.0,0.0,0.0,0.0
"DM-6327",False,"valid",0.828080952167511,0.0,0.0,0.0,0.14505928754806519,0.0,0.0,0.0
"DM-837",True,"valid",0.0,0.0,0.0,0.0,0.5963761210441589,0.20278339087963104,0.11739514768123627,0.0747988224029541
"DM-17327",False,"valid",0.0,0.0,0.0,0.05687788501381874,0.0,0.9164630770683289,0.0,0.0
"DM-15134",False,"valid",0.0,0.7675012350082397,0.0,0.0,0.0,0.0,0.0,0.18820546567440033
"DM-10287",False,"valid",0.0,0.0,0.0,0.7788089513778687,0.19335626065731049,0.0,0.0,0.0
"DM-1318",False,"valid",0.0,0.0,0.0,0.0,0.9543797373771667,0.0,0.0,0.0
"DM-8150",False,"valid",0.0,0.0,0.0,0.0,0.9030701518058777,0.07568525522947311,0.015070333145558834,0.0
"DM-13878",False,"valid",0.0,0.0,0.0,0.0,0.0,0.9741775989532471,0.0,0.0
"DM-18340",False,"valid",0.0,0.0,0.0,0.0,0.0,0.0,0.0,0.9634838104248047
"DM-6300",False,"valid",0.01612461358308792,0.016099857166409492,0.01609962247312069,0.016104772686958313,0.24975915253162384,0.6535662412643433,0.016107380390167236,0.01613832637667656
"DM-3490",False,"valid",0.0,0.0,0.0,0.9741659760475159,0.0,0.0,0.0,0.0
"DM-509",False,"valid",0.0,0.0,0.0,0.0,0.18630515038967133,0.0,0.0,0.7779085636138916
"DM-8367",False,"valid",0.013494601473212242,0.01347587164491415,0.3443237245082855,0.013497408479452133,0.013472521677613258,0.5747950077056885,0.013468570075929165,0.013472248800098896
"DM-4895",False,"valid",0.0,0.0,0.0,0.0,0.0,0.9533374905586243,0.0,0.0
"DM-11735",False,"valid",0.0,0.0,0.0,0.3268357813358307,0.0,0.0,0.0,0.6174665689468384
"DM-9872",True,"valid",0.0,0.0,0.0,0.0,0.0,0.9673950672149658,0.0,0.0
"DM-9429",False,"valid",0.0,0.0,0.0,0.0,0.0,0.932552695274353,0.0,0.0
"DM-10461",False,"valid",0.01059925090521574,0.010601065121591091,0.01060951966792345,0.6636386513710022,0.010609233751893044,0.0106083108112216,0.01059935986995697,0.27273455262184143
"DM-13477",False,"valid",0.0,0.0,0.0,0.0,0.0,0.8916700482368469,0.0,0.06656108051538467
"DM-5165",True,"valid",0.011388944461941719,0.011388582177460194,0.011394747532904148,0.011390691623091698,0.011395287699997425,0.9202645421028137,0.011383980512619019,0.011393178254365921
"DM-11807",False,"valid",0.0,0.0,0.0,0.0,0.3442980945110321,0.0,0.0,0.602074921131134
"DM-9411",False,"valid",0.09842392057180405,0.0,0.0,0.31041523814201355,0.0,0.4728858768939972,0.0,0.11312577873468399
"DM-7202",False,"valid",0.0,0.0,0.0,0.8475273847579956,0.13481377065181732,0.0,0.0,0.0
"DM-12462",False,"valid",0.1879758983850479,0.0,0.0,0.645564079284668,0.14048923552036285,0.0,0.0,0.0
"DM-705",False,"valid",0.0,0.0,0.0,0.0,0.15338055789470673,0.05045727640390396,0.6164261102676392,0.16834300756454468
"DM-18521",False,"valid",0.0,0.7143730521202087,0.0,0.0,0.2355557084083557,0.0,0.0,0.0
"DM-11951",True,"valid",0.0,0.7255295515060425,0.0,0.0,0.0,0.0,0.228622704744339,0.0
"DM-3438",False,"valid",0.09408179670572281,0.0,0.0,0.0,0.8927397131919861,0.0,0.0,0.0
"DM-3566",True,"valid",0.04210886359214783,0.04210890829563141,0.04210885986685753,0.3698033392429352,0.042108818888664246,0.042108844965696335,0.04210897535085678,0.3775433897972107
"DM-17045",True,"valid",0.0,0.0,0.0,0.0,0.5112872123718262,0.3935076892375946,0.07617311924695969,0.0
"DM-3387",False,"valid",0.0,0.7135829329490662,0.0,0.2573513686656952,0.0,0.0,0.0,0.0
"DM-8020",False,"valid",0.035072315484285355,0.0,0.0,0.32477226853370667,0.6256904602050781,0.0,0.0,0.0
"DM-13274",False,"valid",0.0,0.15047836303710938,0.8262621760368347,0.020345965400338173,0.0,0.0,0.0,0.0
"DM-16839",False,"valid",0.0,0.24119092524051666,0.0,0.0,0.18835614621639252,0.0,0.5543966889381409,0.0
"DM-7161",False,"valid",0.0,0.0,0.0,0.7996920943260193,0.0,0.1935403198003769,0.0,0.0
"DM-13996",False,"valid",0.3002946674823761,0.02501472271978855,0.0250137597322464,0.025018826127052307,0.5495309829711914,0.025058923289179802,0.025019735097885132,0.02504832297563553
"DM-6945",False,"valid",0.11001519113779068,0.0,0.0,0.7307526469230652,0.0,0.07704908400774002,0.0,0.0736740380525589
"DM-17455",False,"valid",0.7485582828521729,0.0,0.0,0.0,0.0,0.0,0.0,0.21503062546253204
"DM-3962",True,"valid",0.06258340179920197,0.561916172504425,0.06258340179920197,0.06258339434862137,0.06258339434862137,0.06258340179920197,0.06258343160152435,0.06258340924978256
"DM-13342",False,"valid",0.0,0.0,0.0,0.0,0.0,0.22920331358909607,0.7171312570571899,0.0
"DM-17639",False,"valid",0.0,0.0,0.0,0.0,0.0,0.9323281049728394,0.0,0.0
"DM-13342",False,"valid",0.0,0.0,0.0,0.0,0.0,0.22920331358909607,0.7171312570571899,0.0
"DM-2095",False,"valid",0.41046586632728577,0.0,0.0,0.0,0.0,0.5600141286849976,0.0,0.0
"DM-5879",False,"valid",0.7828155755996704,0.0,0.0,0.0,0.0,0.1768127828836441,0.0,0.0
"DM-10890",False,"valid",0.0,0.23728671669960022,0.0,0.0,0.7157859206199646,0.0,0.0,0.0
"DM-12420",True,"valid",0.0,0.0,0.08511266857385635,0.7287133932113647,0.0,0.0,0.0,0.15318603813648224
"DM-1601",False,"valid",0.05877232179045677,0.015633445233106613,0.07410624623298645,0.0,0.0,0.0,0.8462059497833252,0.0
"DM-16839",False,"valid",0.0,0.24119092524051666,0.0,0.0,0.18835614621639252,0.0,0.5543966889381409,0.0
"DM-1601",False,"valid",0.05877232179045677,0.015633445233106613,0.07410624623298645,0.0,0.0,0.0,0.8462059497833252,0.0
"DM-14658",False,"valid",0.0,0.12766240537166595,0.0,0.0,0.3247930109500885,0.0,0.5285606980323792,0.0
"DM-6972",False,"valid",0.0,0.18008190393447876,0.0,0.0,0.7651658654212952,0.0,0.0,0.0
"DM-11934",False,"valid",0.0,0.12261772900819778,0.0,0.0,0.8509795665740967,0.0,0.0,0.0
"DM-14049",False,"valid",0.17482469975948334,0.7805801033973694,0.0,0.0,0.0,0.0,0.0,0.0
"DM-10394",False,"valid",0.0,0.0,0.0,0.2429756373167038,0.6687324047088623,0.0,0.05998234450817108,0.0
"DM-4797",False,"valid",0.8596649765968323,0.0,0.0,0.0,0.0,0.0,0.0,0.1242794468998909
"DM-16386",False,"valid",0.0,0.0,0.0,0.0,0.0,0.0468788668513298,0.9492235779762268,0.0
"DM-17345",False,"valid",0.0,0.4738239049911499,0.0,0.0,0.0,0.12496127188205719,0.13035139441490173,0.2495420128107071
"DM-14671",False,"valid",0.07661128789186478,0.0,0.0,0.18572449684143066,0.7267647385597229,0.0,0.0,0.0
"DM-11966",False,"valid",0.2813872992992401,0.0,0.0,0.42991092801094055,0.0,0.2450145035982132,0.0,0.0
"DM-8694",False,"valid",0.0,0.0,0.0,0.0,0.6013545393943787,0.38567519187927246,0.0,0.0
"DM-5187",False,"valid",0.0,0.15354245901107788,0.0,0.0,0.8266478180885315,0.0,0.0,0.0
"DM-10440",False,"valid",0.43386608362197876,0.0,0.0,0.10509888082742691,0.4336642026901245,0.0,0.0,0.0
"DM-18033",False,"valid",0.0,0.7442672252655029,0.0,0.0,0.16902370750904083,0.07968566566705704,0.0,0.0
"DM-8874",False,"valid",0.011237099766731262,0.011219281703233719,0.011220586486160755,0.011236060410737991,0.011242550797760487,0.9214022159576416,0.01122039370238781,0.011221824213862419
"DM-10825",True,"valid",0.0,0.1065148264169693,0.0,0.4733370244503021,0.0,0.26301172375679016,0.13582783937454224,0.0
"DM-8294",False,"valid",0.011106761172413826,0.3382017910480499,0.01110956259071827,0.011115320958197117,0.011129288002848625,0.011110820807516575,0.011128794401884079,0.5950976014137268
"DM-13769",False,"valid",0.41343289613723755,0.0,0.0,0.0,0.0,0.22216175496578217,0.0,0.3486557900905609
"DM-7056",True,"valid",0.011000365950167179,0.011002063751220703,0.011014444753527641,0.29022032022476196,0.011011229828000069,0.2436036616563797,0.010998380370438099,0.4111495018005371
"DM-630",True,"valid",0.16521264612674713,0.0,0.49999508261680603,0.0,0.0,0.27842938899993896,0.04977031052112579,0.0
"DM-8451",True,"valid",0.02937130443751812,0.02937040477991104,0.02937246300280094,0.7943935394287109,0.029370445758104324,0.02937919832766056,0.02937038242816925,0.029372185468673706
"DM-7464",False,"valid",0.05115075781941414,0.0,0.0,0.0,0.340124249458313,0.0,0.0,0.6005940437316895
"DM-198",False,"valid",0.0,0.0,0.0,0.4777354598045349,0.0,0.35448959469795227,0.0,0.13942907750606537
"DM-228",True,"valid",0.0,0.47099828720092773,0.0,0.0,0.0,0.0,0.4913424849510193,0.0
"DM-7740",False,"valid",0.0,0.0,0.0,0.0,0.0,0.0,0.0,0.9374050498008728
"DM-17965",False,"valid",0.0,0.0,0.0,0.0,0.23885251581668854,0.0,0.7322587966918945,0.0
"DM-12406",False,"valid",0.013902398757636547,0.013904343359172344,0.013898721896111965,0.013944542035460472,0.01391857210546732,0.01392950490117073,0.9025948643684387,0.01390698179602623
"DM-8624",False,"valid",0.0,0.0,0.0,0.3064722418785095,0.5514301657676697,0.12529221177101135,0.0,0.0
"DM-4502",False,"valid",0.0250035859644413,0.025003556162118912,0.025005478411912918,0.025009699165821075,0.02501615136861801,0.02500697411596775,0.02502031996846199,0.8249342441558838
"DM-17965",False,"valid",0.0,0.0,0.0,0.0,0.23885251581668854,0.0,0.7322587966918945,0.0
"DM-9758",False,"valid",0.0,0.9481652975082397,0.0,0.0,0.0,0.0,0.0,0.0
"DM-4135",False,"valid",0.0,0.0,0.0,0.0,0.0,0.46280521154403687,0.0,0.5168580412864685
"DM-11016",False,"valid",0.0,0.0,0.049907732754945755,0.41027045249938965,0.530170738697052,0.0,0.0,0.0
"DM-1616",False,"valid",0.0,0.0,0.0,0.0,0.980086624622345,0.0,0.0,0.0
"DM-1257",True,"valid",0.020865390077233315,0.020867275074124336,0.02086734212934971,0.25555628538131714,0.02087203785777092,0.619218647480011,0.02086728811264038,0.020885707810521126
"DM-5187",False,"valid",0.0,0.15354245901107788,0.0,0.0,0.8266478180885315,0.0,0.0,0.0
"DM-10002",False,"valid",0.0,0.0,0.10565117001533508,0.42006078362464905,0.2583104074001312,0.0,0.0,0.20369265973567963
"DM-10364",False,"valid",0.01402182038873434,0.013986193574965,0.014007159508764744,0.9019986391067505,0.01400798000395298,0.013988303020596504,0.013995368033647537,0.013994465582072735
"DM-1388",False,"valid",0.013100509531795979,0.013094093650579453,0.6588008403778076,0.262633353471756,0.013094525784254074,0.01308746263384819,0.01308679860085249,0.013102357275784016
"DM-3474",False,"valid",0.9799857139587402,0.0,0.0,0.0,0.0,0.0,0.0,0.0
"DM-11951",True,"valid",0.0,0.7255295515060425,0.0,0.0,0.0,0.0,0.228622704744339,0.0
"DM-3643",False,"valid",0.0,0.0,0.0,0.6545385718345642,0.32009026408195496,0.0,0.0,0.0
"DM-16926",False,"valid",0.0,0.0,0.0,0.983146071434021,0.0,0.0,0.0,0.0
"DM-9245",False,"valid",0.0,0.0,0.0,0.0,0.9371323585510254,0.0,0.0,0.0
"DM-9439",False,"valid",0.8938145637512207,0.0,0.0,0.1031918153166771,0.0,0.0,0.0,0.0
"DM-2013",False,"valid",0.0,0.0,0.0,0.1734447479248047,0.0,0.0,0.0,0.7963874936103821
"DM-10972",False,"valid",0.0,0.0,0.0,0.0,0.7710769176483154,0.0,0.1807359904050827,0.0
"DM-7739",False,"valid",0.0,0.03516462817788124,0.0,0.3387965261936188,0.13118276000022888,0.0,0.0,0.48579174280166626
"DM-4438",False,"valid",0.0,0.35150790214538574,0.0,0.0,0.0,0.590640127658844,0.0,0.0
"DM-2923",True,"valid",0.0,0.0,0.0,0.9491515159606934,0.0,0.0,0.0,0.0
"DM-8386",False,"valid",0.0,0.18897829949855804,0.0,0.2250569462776184,0.0,0.0,0.0,0.5377886295318604
"DM-2805",False,"valid",0.8742905259132385,0.017952775582671165,0.017958369106054306,0.01795041561126709,0.01797080785036087,0.01794883795082569,0.017965489998459816,0.017962759360671043
"DM-5799",False,"valid",0.0,0.0,0.12346742302179337,0.2353232055902481,0.6200685501098633,0.0,0.0,0.0
"DM-17460",False,"valid",0.012904190458357334,0.012904364615678787,0.01290897373110056,0.01290531363338232,0.012916903011500835,0.9096344709396362,0.012910525314509869,0.01291531603783369
"DM-3432",False,"valid",0.0,0.0,0.9977580308914185,0.0,0.0,0.0,0.0,0.0
"DM-11414",False,"valid",0.014150802977383137,0.014144495129585266,0.014143843203783035,0.014151832088828087,0.47386255860328674,0.014161378145217896,0.014136754907667637,0.4412482976913452
"DM-16926",False,"valid",0.0,0.0,0.0,0.983146071434021,0.0,0.0,0.0,0.0
"DM-10524",True,"valid",0.0,0.0,0.0,0.2849271595478058,0.058616723865270615,0.6471643447875977,0.0,0.0
"DM-10525",False,"valid",0.0,0.0,0.249395951628685,0.0,0.0,0.0,0.74174565076828,0.0
"DM-7860",False,"valid",0.0,0.0,0.0,0.0,0.9775171875953674,0.0,0.0,0.0
"DM-3663",False,"valid",0.0,0.055642541497945786,0.0,0.09876017272472382,0.37987685203552246,0.45324888825416565,0.0,0.0
"DM-17296",False,"valid",0.0,0.0,0.0,0.0,0.0,0.0,0.0,0.9447463154792786
"DM-6296",True,"valid",0.0,0.0,0.0,0.5208612680435181,0.0,0.0,0.0,0.45428791642189026
"DM-2427",False,"valid",0.0,0.0,0.0,0.0,0.5059213638305664,0.0,0.0,0.4725235402584076
"DM-7719",False,"valid",0.011988543905317783,0.011988203972578049,0.011986627243459225,0.012003671377897263,0.9160451292991638,0.012003844603896141,0.011990325525403023,0.01199363823980093
"DM-10302",False,"valid",0.0,0.0,0.061980247497558594,0.0,0.7831637859344482,0.0,0.0,0.14298996329307556
"DM-2492",False,"valid",0.0,0.0,0.0,0.9667558073997498,0.0,0.0,0.0,0.0
"DM-14647",False,"valid",0.0,0.0,0.0,0.0,0.6404773592948914,0.33930614590644836,0.0,0.0
"DM-14537",False,"valid",0.0,0.07497550547122955,0.0,0.45724156498908997,0.0,0.0,0.0,0.4436851143836975
"DM-7725",False,"valid",0.0,0.0,0.0,0.0,0.43082955479621887,0.0,0.0,0.5378681421279907
"DM-13549",False,"valid",0.3375345766544342,0.0,0.0,0.0,0.1530964970588684,0.4783128798007965,0.0,0.0
"DM-6289",True,"valid",0.0,0.0,0.0,0.0,0.0,0.9499547481536865,0.0,0.0
"DM-5298",False,"valid",0.0,0.0,0.0,0.0,0.9452198147773743,0.0,0.0,0.0
"DM-2679",False,"valid",0.0,0.0,0.0,0.10331929475069046,0.0,0.8822640776634216,0.0,0.0
"DM-12205",False,"valid",0.0,0.08993218839168549,0.0,0.885858952999115,0.0,0.0,0.0,0.0
"DM-7409",False,"valid",0.013899208977818489,0.013904965482652187,0.013901225291192532,0.013905076310038567,0.013900862075388432,0.013898398727178574,0.9026916027069092,0.013898605480790138
"DM-13973",False,"valid",0.0,0.9484825730323792,0.0,0.0,0.0,0.0,0.0,0.0
"DM-7116",True,"valid",0.0,0.0,0.0,0.0,0.6587263345718384,0.0,0.0,0.3190377950668335
"DM-7945",False,"valid",0.0,0.0,0.0,0.3545439839363098,0.5229599475860596,0.0,0.0,0.11550765484571457
"DM-11595",False,"valid",0.0,0.0,0.0,0.8061622977256775,0.17482203245162964,0.0,0.0,0.0
"DM-4455",False,"valid",0.0,0.0,0.0,0.0,0.945123553276062,0.0,0.0,0.0
"DM-14986",False,"valid",0.0,0.0,0.0,0.8862391710281372,0.0,0.0,0.0,0.08573301881551743
"DM-2683",True,"valid",0.0,0.9367595314979553,0.0,0.0,0.0,0.0,0.0,0.0
"DM-8252",True,"valid",0.0,0.0,0.0,0.058781445026397705,0.06593680381774902,0.0,0.01998131535947323,0.8482335209846497
"DM-5036",False,"valid",0.569252073764801,0.0,0.0,0.0,0.38902097940444946,0.0,0.0,0.0
"DM-11279",False,"valid",0.3026406466960907,0.0948818027973175,0.0,0.0,0.34367167949676514,0.0,0.22972971200942993,0.0
"DM-10000",True,"valid",0.0,0.0,0.0,0.3145563304424286,0.0,0.6569771766662598,0.0,0.0
"DM-17662",False,"valid",0.025648711249232292,0.02563871257007122,0.4867874085903168,0.3593052625656128,0.025644350796937943,0.025678955018520355,0.025647446513175964,0.02564910613000393
"DM-6487",True,"valid",0.0,0.0,0.0,0.21113236248493195,0.5459829568862915,0.0,0.1360917091369629,0.10016071051359177
"DM-1431",True,"valid",0.5259154438972473,0.43994948267936707,0.0,0.0,0.0,0.0,0.0,0.0
"DM-11278",False,"valid",0.020868618041276932,0.020863153040409088,0.020862041041254997,0.8539031147956848,0.02089742384850979,0.020857203751802444,0.02088415063917637,0.020864253863692284
"DM-1641",False,"valid",0.0,0.3320988416671753,0.0,0.350477397441864,0.2905578911304474,0.0,0.0,0.0
"DM-13269",False,"valid",0.0,0.07778201252222061,0.3986800014972687,0.0,0.0,0.4994277060031891,0.0,0.0
"DM-6538",False,"valid",0.0,0.0,0.0,0.0,0.5639702677726746,0.0,0.4000660479068756,0.0
"DM-8223",False,"valid",0.5187128186225891,0.0,0.0,0.4416716694831848,0.0,0.0,0.0,0.0
"DM-11051",False,"valid",0.0,0.0,0.6590120196342468,0.0,0.3012491762638092,0.0,0.0,0.0
"DM-1210",False,"valid",0.0,0.0,0.06304045766592026,0.0,0.0,0.9234974384307861,0.0,0.0
"DM-17492",False,"valid",0.0,0.0,0.0,0.0,0.4637010991573334,0.5057994723320007,0.0,0.0
"DM-12463",False,"valid",0.0,0.044214438647031784,0.0,0.13683012127876282,0.0,0.5036977529525757,0.0,0.3003222644329071
"DM-7104",False,"valid",0.0,0.31859466433525085,0.0,0.0,0.24212992191314697,0.0,0.0,0.40690410137176514
"DM-16871",True,"valid",0.0,0.0,0.0,0.7408596277236938,0.2189141809940338,0.0,0.0,0.0
"DM-16034",True,"valid",0.0,0.0,0.0,0.0,0.0,0.9725741744041443,0.0,0.0
"DM-10043",False,"valid",0.29379475116729736,0.0,0.0,0.0,0.0,0.6803051233291626,0.0,0.0
"DM-4470",False,"valid",0.022862453013658524,0.02285950630903244,0.022984327748417854,0.02288310043513775,0.022878268733620644,0.02286745421588421,0.022936120629310608,0.8397287726402283
"DM-7136",False,"valid",0.0,0.0,0.0,0.1540881097316742,0.0,0.0,0.0,0.8114733099937439
"DM-5129",False,"valid",0.010080601088702679,0.010081570595502853,0.01008015125989914,0.010081963613629341,0.9294244647026062,0.010084430687129498,0.010084236972033978,0.010082585737109184
"DM-14218",False,"valid",0.018424665555357933,0.01842721737921238,0.01842394471168518,0.018433503806591034,0.018425170332193375,0.018424661830067635,0.01843961328268051,0.8710011839866638
"DM-5703",False,"valid",0.24533359706401825,0.0,0.0,0.11325186491012573,0.6275443434715271,0.0,0.0,0.0
"DM-13700",False,"valid",0.011674514971673489,0.15022100508213043,0.011679853312671185,0.011680874042212963,0.7797157168388367,0.01168508268892765,0.011673484928905964,0.011669499799609184
"DM-8809",False,"valid",0.0,0.0,0.0,0.3328000009059906,0.6330094933509827,0.0,0.0,0.0
"DM-518",False,"valid",0.0,0.0,0.0,0.3689088523387909,0.0,0.5962550044059753,0.0,0.0
"DM-2734",False,"valid",0.0,0.3161959648132324,0.0,0.0,0.6520987153053284,0.0,0.0,0.0
"DM-13364",False,"valid",0.3479905128479004,0.011239813640713692,0.011320357210934162,0.011243822053074837,0.011251533403992653,0.011250527575612068,0.584464967250824,0.011238466016948223
"DM-10044",False,"valid",0.0,0.0,0.0,0.0,0.0,0.9619039297103882,0.0,0.0
"DM-8755",False,"valid",0.01562776416540146,0.015628190711140633,0.015628615394234657,0.015631921589374542,0.015638228505849838,0.01563492976129055,0.890572190284729,0.015638191252946854
"DM-12924",True,"valid",0.0,0.0,0.0,0.2598475217819214,0.15118145942687988,0.0,0.0,0.5798449516296387
"DM-1845",False,"valid",0.0,0.0,0.0,0.0,0.619483470916748,0.0,0.0,0.34960487484931946
"DM-10231",False,"valid",0.0,0.0,0.6898266077041626,0.0601976215839386,0.0,0.0,0.0,0.24150533974170685
"DM-4829",True,"valid",0.011370291002094746,0.01137478742748499,0.01137001533061266,0.011372637934982777,0.9203959703445435,0.01137284655123949,0.011370820924639702,0.01137264259159565
"DM-5132",False,"valid",0.6182581782341003,0.1370754837989807,0.0,0.2409241497516632,0.0,0.0,0.0,0.0
"DM-16873",True,"valid",0.01790345460176468,0.017901618033647537,0.017898645251989365,0.01791723258793354,0.017920520156621933,0.20278306305408478,0.01790592446923256,0.6897695660591125
"DM-336",True,"valid",0.0,0.0,0.8352675437927246,0.0,0.0,0.12963177263736725,0.0,0.0
"DM-1766",True,"valid",0.0,0.0,0.0,0.0,0.0,0.0,0.0,0.9663039445877075
"DM-8010",False,"valid",0.0,0.0,0.0,0.0,0.4111669063568115,0.0,0.0,0.5656793713569641
"DM-9927",False,"valid",0.0,0.0,0.0,0.0915147066116333,0.0,0.5719279050827026,0.31748872995376587,0.0
"DM-14641",False,"valid",0.03139721602201462,0.03126038983464241,0.03131185472011566,0.03132670372724533,0.031263817101716995,0.0312654934823513,0.780902624130249,0.03127192333340645
"DM-13837",False,"valid",0.016255764290690422,0.8861750364303589,0.01625499315559864,0.01625942625105381,0.01626419462263584,0.01626991108059883,0.01625601015985012,0.016264675185084343
"DM-928",False,"valid",0.02093316987156868,0.020945364609360695,0.020930947735905647,0.020946264266967773,0.0209603663533926,0.02095414139330387,0.8533868789672852,0.020942872390151024
"DM-16407",False,"valid",0.22921788692474365,0.0,0.0,0.052559565752744675,0.6233509182929993,0.0,0.03209267556667328,0.05624016746878624
"DM-16186",True,"valid",0.0,0.0,0.0,0.0,0.20987476408481598,0.0,0.7322460412979126,0.0
"DM-2417",False,"valid",0.0,0.0,0.9662359952926636,0.0,0.0,0.030492102727293968,0.0,0.0
"DM-14893",False,"valid",0.0,0.0,0.0,0.9750259518623352,0.0,0.0,0.0,0.0
"DM-15108",False,"valid",0.0,0.0,0.0,0.5549971461296082,0.39242005348205566,0.0,0.0,0.0
"DM-6612",False,"valid",0.0,0.0,0.0,0.5061699151992798,0.48511627316474915,0.0,0.0,0.0
"DM-3142",True,"valid",0.0,0.0,0.0,0.595430850982666,0.3963172733783722,0.0,0.0,0.0
"DM-6966",False,"valid",0.43505245447158813,0.2730674147605896,0.0,0.0,0.10904582589864731,0.0,0.0,0.15642650425434113
"DM-4866",True,"valid",0.0,0.0,0.0,0.7675189971923828,0.0,0.0,0.0,0.19857564568519592
"DM-9302",False,"valid",0.26500773429870605,0.0,0.23075751960277557,0.0,0.0,0.4780675768852234,0.0,0.0
"DM-12761",False,"valid",0.0,0.0,0.0,0.49674442410469055,0.3005354404449463,0.0,0.18361796438694,0.0
"DM-1067",False,"valid",0.0,0.0,0.0,0.2921621799468994,0.6776741147041321,0.0,0.0,0.0
"DM-12030",False,"valid",0.0,0.0,0.0,0.0,0.43266329169273376,0.5527854561805725,0.0,0.0
"DM-18041",False,"valid",0.022801527753472328,0.022847823798656464,0.6760643720626831,0.02280508726835251,0.022862320765852928,0.022824609652161598,0.18699242174625397,0.022801866754889488
"DM-10984",False,"valid",0.0,0.0,0.0,0.0,0.0,0.0,0.0,0.9558383822441101
"DM-12802",False,"valid",0.0,0.0,0.0,0.9512787461280823,0.0,0.0,0.0,0.0
"DM-11743",False,"valid",0.013844028115272522,0.2029472291469574,0.487672358751297,0.013850721530616283,0.01386166363954544,0.013846798799932003,0.013855347409844398,0.24012190103530884
"DM-13669",False,"valid",0.0,0.0,0.0,0.0,0.0,0.9816610813140869,0.0,0.0
"DM-14045",True,"valid",0.0,0.0,0.0,0.0,0.9600622653961182,0.0,0.0,0.0
"DM-12459",False,"valid",0.9123131036758423,0.012544644996523857,0.012525107711553574,0.012533589266240597,0.012519221752882004,0.012528468854725361,0.01251986250281334,0.012516027316451073
"DM-8758",False,"valid",0.0,0.0,0.0,0.7830217480659485,0.0,0.1842118352651596,0.0,0.0
"DM-7321",True,"valid",0.0,0.13187983632087708,0.0,0.0,0.0,0.0,0.0,0.8412867188453674
"DM-17148",False,"valid",0.0,0.0,0.4977531135082245,0.24810190498828888,0.0,0.2337469905614853,0.0,0.0
"DM-15531",False,"valid",0.0,0.0,0.0,0.11797700077295303,0.0,0.8666841387748718,0.0,0.0
"DM-4960",False,"valid",0.0,0.0,0.0,0.7232781052589417,0.266564279794693,0.0,0.0,0.0
"DM-1196",False,"valid",0.0,0.0,0.0,0.20335020124912262,0.7728981971740723,0.0,0.0,0.0
"DM-8648",False,"valid",0.0,0.0,0.0,0.5905169248580933,0.28115788102149963,0.12073568999767303,0.0,0.0
"DM-14583",False,"valid",0.011048362590372562,0.01105776708573103,0.011053085327148438,0.011056732386350632,0.01106290239840746,0.5390017628669739,0.3946657180786133,0.011053651571273804
"DM-612",False,"valid",0.0,0.0,0.10236898809671402,0.0,0.2086930274963379,0.0,0.6621917486190796,0.0
"DM-7560",True,"valid",0.0,0.0,0.18085575103759766,0.6303155422210693,0.0,0.0,0.16263353824615479,0.0
"DM-11521",False,"valid",0.0,0.0,0.0,0.0,0.8378336429595947,0.15135963261127472,0.0,0.0
"DM-7676",False,"valid",0.0,0.5370232462882996,0.09283395111560822,0.25795412063598633,0.0,0.09966639429330826,0.0,0.0
"DM-6514",False,"valid",0.0,0.0,0.0,0.0,0.7733113169670105,0.0,0.0,0.21608273684978485
"DM-13315",False,"valid",0.0,0.0,0.0,0.0,0.0,0.0,0.0,0.9416363835334778
"DM-11026",True,"valid",0.0,0.0,0.057448260486125946,0.2958361506462097,0.0,0.0,0.0,0.6282219886779785
"DM-3960",False,"valid",0.9257909655570984,0.01061070617288351,0.010588261298835278,0.010600708425045013,0.010603263042867184,0.010592889972031116,0.010594903491437435,0.010618263855576515
"DM-16926",False,"valid",0.0,0.0,0.0,0.983146071434021,0.0,0.0,0.0,0.0
"DM-13306",False,"valid",0.0,0.2977549135684967,0.0,0.4016309678554535,0.0,0.15220822393894196,0.12328163534402847,0.0
"DM-9168",False,"valid",0.06428918987512589,0.0,0.0,0.5604279637336731,0.35804641246795654,0.0,0.0,0.0
"DM-5191",True,"valid",0.04212241992354393,0.04212218150496483,0.042122624814510345,0.04223615676164627,0.04212184250354767,0.04213935136795044,0.04212235286831856,0.7050130367279053
"DM-8624",False,"valid",0.0,0.0,0.0,0.3064722418785095,0.5514301657676697,0.12529221177101135,0.0,0.0
"DM-5320",False,"valid",0.0,0.0,0.0,0.0,0.8320770263671875,0.0,0.0,0.15064957737922668
"DM-1529",False,"valid",0.0,0.7554112076759338,0.0,0.0,0.19950224459171295,0.03572847694158554,0.0,0.0
"DM-14891",False,"valid",0.0,0.0,0.0,0.0,0.0,0.0,0.9756651520729065,0.0
"DM-13814",True,"valid",0.0,0.0,0.0,0.0,0.9749361276626587,0.0,0.0,0.0
"DM-7802",True,"valid",0.5700806975364685,0.01045480091124773,0.010439268313348293,0.3672434687614441,0.010440981015563011,0.010449410416185856,0.010436980985105038,0.010454393923282623
"DM-11698",False,"valid",0.0,0.0633021667599678,0.0,0.14849716424942017,0.6794945597648621,0.10029371827840805,0.0,0.0
"DM-4491",False,"valid",0.020859239622950554,0.020859284326434135,0.1378549188375473,0.020881405100226402,0.020869417116045952,0.020879877731204033,0.020871983841061592,0.73692387342453
"DM-13372",False,"valid",0.3189154863357544,0.020842302590608597,0.020842373371124268,0.020849134773015976,0.02086431346833706,0.02087724767625332,0.5559619069099426,0.020847219973802567
"DM-4507",False,"valid",0.025169625878334045,0.02516970969736576,0.025170164182782173,0.025175785645842552,0.025179868564009666,0.025172773748636246,0.025186652317643166,0.8237754106521606
"DM-17093",False,"valid",0.3374761939048767,0.0,0.0,0.6496628522872925,0.0,0.0,0.0,0.0
"DM-14116",False,"valid",0.0,0.0,0.0,0.0,0.0,0.9482916593551636,0.0,0.0
"DM-3387",False,"valid",0.0,0.7135829329490662,0.0,0.2573513686656952,0.0,0.0,0.0,0.0
"DM-3894",False,"valid",0.0,0.0,0.0,0.0,0.0,0.49462267756462097,0.0,0.47406861186027527
"DM-7405",False,"valid",0.0,0.0,0.0,0.40184471011161804,0.5760472416877747,0.0,0.0,0.0
"DM-9313",False,"valid",0.14675915241241455,0.0,0.2012908011674881,0.5200413465499878,0.0,0.0,0.0,0.12174200266599655
"DM-18728",False,"valid",0.0,0.17102952301502228,0.0,0.0,0.44598227739334106,0.3722241520881653,0.0,0.0
"DM-14814",False,"valid",0.055147841572761536,0.0,0.0,0.5450577735900879,0.0,0.0,0.0,0.390954852104187
"DM-4768",False,"valid",0.0,0.0,0.0,0.6595074534416199,0.32245782017707825,0.0,0.0,0.0
"DM-11987",False,"valid",0.0,0.0,0.0,0.0,0.977510392665863,0.0,0.0,0.0
"DM-10069",False,"valid",0.0,0.0,0.0,0.0,0.543754518032074,0.0,0.15680886805057526,0.2716386318206787
"DM-2508",False,"valid",0.0,0.0,0.0,0.0,0.0,0.9368788599967957,0.0,0.0
"DM-7415",False,"valid",0.90251624584198,0.013910741545259953,0.013909637928009033,0.013928505592048168,0.013932470232248306,0.01393374614417553,0.013924994505941868,0.01394366193562746
"DM-15201",False,"valid",0.0,0.0,0.0,0.1970985382795334,0.6976696848869324,0.0,0.0,0.0892685130238533
"DM-14636",True,"valid",0.0,0.0,0.0,0.22277066111564636,0.0,0.31339868903160095,0.16091707348823547,0.2967405319213867
"DM-9252",False,"valid",0.0,0.0,0.0,0.0,0.17216745018959045,0.16588959097862244,0.4769643545150757,0.17102114856243134
"DM-17060",False,"valid",0.08256137371063232,0.0,0.0,0.0,0.0,0.0,0.0,0.8815802335739136
"DM-1802",False,"valid",0.0,0.0,0.9345410466194153,0.0,0.0,0.0,0.0,0.0
"DM-9643",False,"valid",0.025077126920223236,0.025050204247236252,0.5037333965301514,0.025082893669605255,0.345832496881485,0.025067273527383804,0.025110773742198944,0.025045834481716156
"DM-6719",False,"valid",0.0,0.4343673288822174,0.19766765832901,0.0,0.3463776707649231,0.0,0.0,0.0
"DM-4799",False,"valid",0.06394175440073013,0.06394536048173904,0.06394120305776596,0.5523583889007568,0.063937708735466,0.06395108997821808,0.06398079544305801,0.06394372135400772
"DM-16518",True,"valid",0.0,0.1584000289440155,0.0,0.18451832234859467,0.0,0.15155470371246338,0.0,0.49425819516181946
"DM-14074",False,"valid",0.0,0.0,0.0,0.4738938510417938,0.3467336893081665,0.0,0.0,0.1505918651819229
"DM-5869",False,"valid",0.0,0.0,0.0,0.0,0.9779137969017029,0.0,0.0,0.0
"DM-12918",True,"valid",0.0,0.0,0.0,0.9618841409683228,0.0,0.0,0.0,0.0
"DM-8349",False,"valid",0.0,0.0,0.0,0.18890999257564545,0.6196351647377014,0.17654189467430115,0.0,0.0
"DM-13163",False,"valid",0.2541518211364746,0.0,0.0,0.0,0.0,0.6904247999191284,0.03546388819813728,0.0
"DM-16534",False,"valid",0.0,0.0,0.0,0.7789142727851868,0.12618647515773773,0.08345352113246918,0.0,0.0
"DM-4697",True,"valid",0.020875003188848495,0.2543148398399353,0.020892322063446045,0.02084934338927269,0.6204957962036133,0.020877329632639885,0.02084842324256897,0.020846957340836525
"DM-12007",True,"valid",0.0,0.0,0.0,0.545619010925293,0.0,0.0,0.0,0.432218074798584
"DM-18438",False,"valid",0.0,0.3046817183494568,0.0,0.0,0.17991900444030762,0.2688973844051361,0.0,0.22857123613357544
"DM-6438",False,"valid",0.0,0.0,0.0,0.9048036336898804,0.031336087733507156,0.05597781762480736,0.0,0.0
"DM-751",False,"valid",0.7710049152374268,0.09286686033010483,0.0548444464802742,0.0,0.0,0.0,0.06563600897789001,0.014297888614237309
"DM-10004",False,"valid",0.0,0.0,0.0,0.14128778874874115,0.8271768689155579,0.0,0.0,0.0
"DM-9871",False,"valid",0.0,0.0,0.0,0.37006834149360657,0.0,0.5648496150970459,0.0,0.04667701572179794
"DM-1350",True,"valid",0.0,0.022772129625082016,0.0,0.0,0.1797861009836197,0.0,0.0,0.7691110968589783
"DM-600",True,"valid",0.015657393261790276,0.23184557259082794,0.01564234495162964,0.6741837859153748,0.015683915466070175,0.01565990410745144,0.015671269968152046,0.01565581187605858
"DM-1926",False,"valid",0.017893726006150246,0.017946939915418625,0.017893793061375618,0.017893699929118156,0.017902005463838577,0.8746727705001831,0.01788988523185253,0.017907187342643738
"DM-1674",False,"valid",0.025025540962815285,0.025042394176125526,0.02501867711544037,0.4746387302875519,0.3751600384712219,0.025057436898350716,0.025031086057424545,0.025026073679327965
"DM-15499",True,"valid",0.6090626120567322,0.10573866218328476,0.0,0.0,0.021814925596117973,0.2512100636959076,0.0,0.0
"DM-561",False,"valid",0.0,0.0,0.0,0.0,0.9639158248901367,0.0,0.0,0.0
"DM-2519",False,"valid",0.0,0.0,0.0,0.0,0.4142170250415802,0.5496082901954651,0.0,0.0
"DM-817",False,"valid",0.0,0.0,0.0,0.0,0.741734504699707,0.23602592945098877,0.0,0.0
"DM-8870",False,"valid",0.011114001274108887,0.011096682399511337,0.011096754111349583,0.011112513020634651,0.011118534952402115,0.9222652316093445,0.011097096838057041,0.01109917089343071
"DM-17525",False,"valid",0.0,0.0,0.0,0.7601094841957092,0.20231755077838898,0.0,0.0,0.0
"DM-17093",False,"valid",0.3374761939048767,0.0,0.0,0.6496628522872925,0.0,0.0,0.0,0.0
"DM-1255",False,"valid",0.02503514476120472,0.025038355961441994,0.025037528946995735,0.3601625859737396,0.025045329704880714,0.4895757734775543,0.02503826655447483,0.02506699226796627
"DM-8405",False,"valid",0.0,0.0,0.0,0.0,0.946158766746521,0.0,0.0,0.0
"DM-14146",False,"valid",0.01820538565516472,0.1464947760105133,0.018189609050750732,0.018189983442425728,0.42635488510131836,0.336165189743042,0.018192164599895477,0.018207989633083344
"DM-11739",False,"valid",0.01570078916847706,0.015672069042921066,0.015660585835576057,0.01567414030432701,0.015681026503443718,0.015674205496907234,0.6759117841720581,0.23002538084983826
"DM-781",False,"valid",0.0,0.0,0.0,0.0,0.43407541513442993,0.0,0.0,0.5283740758895874
"DM-337",False,"valid",0.014175624586641788,0.014171226881444454,0.014174687676131725,0.9007745981216431,0.014181546866893768,0.014171699061989784,0.014172384515404701,0.014178208075463772
"DM-5854",False,"valid",0.0,0.0,0.43973252177238464,0.13655255734920502,0.0,0.4158357083797455,0.0,0.0
"DM-8660",True,"valid",0.0,0.0,0.0,0.7525100111961365,0.0,0.0,0.0,0.20991839468479156
"DM-15332",False,"valid",0.1018199771642685,0.0,0.0,0.0,0.8736578822135925,0.0,0.0,0.0
"DM-15513",False,"valid",0.0,0.0,0.0,0.9538184404373169,0.0,0.0,0.0,0.0
"DM-9001",False,"valid",0.64738929271698,0.03978494927287102,0.0,0.11617067456245422,0.0,0.18378345668315887,0.0,0.0
"DM-16383",True,"valid",0.0,0.0,0.0,0.0,0.9734503030776978,0.0,0.0,0.0
"DM-11397",False,"valid",0.0,0.04991431161761284,0.0,0.0,0.14532504975795746,0.7806183099746704,0.017767824232578278,0.0
"DM-15084",False,"valid",0.0,0.0,0.0,0.0,0.4815390110015869,0.0,0.3775099813938141,0.10932925343513489
"DM-13224",False,"valid",0.020395824685692787,0.2901306748390198,0.02040177956223488,0.020415088161826134,0.020424265414476395,0.020426364615559578,0.58736252784729,0.02044353261590004
"DM-13625",False,"valid",0.0,0.0,0.0,0.0,0.0,0.0,0.0,0.9848949313163757
"DM-8358",False,"valid",0.012512543238699436,0.012511830776929855,0.012520912103354931,0.012517290189862251,0.012529446743428707,0.6099033951759338,0.012512877583503723,0.31499165296554565
"DM-17642",False,"valid",0.0889413058757782,0.0,0.0,0.0,0.0,0.8747307062149048,0.0,0.0
"DM-4757",False,"valid",0.0,0.0,0.0,0.33879560232162476,0.0,0.0,0.0,0.6192225217819214
"DM-2188",False,"valid",0.0,0.0,0.0,0.0,0.9773625731468201,0.0,0.0,0.0
"DM-10465",False,"valid",0.0,0.0,0.0,0.050540775060653687,0.3619690239429474,0.5762544274330139,0.0,0.0
"DM-8004",False,"valid",0.9807177186012268,0.0,0.0,0.016539575532078743,0.0,0.0,0.0,0.0
"DM-8011",False,"valid",0.0,0.30812036991119385,0.0,0.634027898311615,0.0,0.0,0.0,0.0
"DM-13793",False,"valid",0.029240094125270844,0.0292454045265913,0.02923969179391861,0.029259713366627693,0.7952607274055481,0.02925451286137104,0.029243139550089836,0.029256708920001984
"DM-12529",False,"valid",0.0,0.0,0.0,0.326050341129303,0.0,0.6503478288650513,0.0,0.0
"DM-8181",False,"valid",0.0,0.0,0.0,0.0,0.9543974995613098,0.0,0.0,0.0
"DM-13869",False,"valid",0.0,0.8326017260551453,0.0,0.0,0.0,0.11640240252017975,0.0,0.0
"DM-13577",False,"valid",0.8398560285568237,0.0,0.0,0.0,0.12850983440876007,0.0,0.0,0.0
"DM-10423",True,"valid",0.025344567373394966,0.02537558600306511,0.025350937619805336,0.02536259964108467,0.8224590420722961,0.025362467393279076,0.025396687909960747,0.025348113849759102
"DM-10066",False,"valid",0.11532934010028839,0.0,0.0,0.7238286137580872,0.07568391412496567,0.07043494284152985,0.0,0.0
"DM-12110",False,"valid",0.0,0.0,0.0,0.0,0.0,0.20643731951713562,0.0,0.7434847354888916
"DM-1916",True,"valid",0.0,0.0,0.0,0.0,0.9948577880859375,0.0,0.0,0.0
"DM-1607",False,"valid",0.0,0.0,0.0,0.37147337198257446,0.28435689210891724,0.0,0.2107391506433487,0.10851337015628815
"DM-11343",False,"valid",0.0,0.0,0.0,0.0,0.0,0.0,0.0,0.9582751989364624
"DM-2021",True,"valid",0.0,0.0,0.0,0.0,0.8540138602256775,0.11125370860099792,0.0,0.0
"DM-3980",False,"valid",0.0,0.0774030089378357,0.0,0.0,0.0,0.8754027485847473,0.0,0.0
"DM-9535",False,"valid",0.9817391037940979,0.0,0.0,0.0,0.0,0.0,0.0,0.0
"DM-11784",False,"valid",0.0,0.0,0.06179336830973625,0.0,0.0,0.9101724624633789,0.0,0.0
"DM-16224",False,"valid",0.0,0.0847259983420372,0.04091496020555496,0.0,0.5528534650802612,0.31671813130378723,0.0,0.0
"DM-15835",False,"valid",0.34611767530441284,0.0,0.0,0.0,0.0,0.0,0.5949128270149231,0.0
"DM-11790",False,"valid",0.0,0.0,0.0,0.12724626064300537,0.0,0.1924561858177185,0.5112234950065613,0.141798734664917
"DM-13538",False,"valid",0.0,0.9791313409805298,0.0,0.0,0.0,0.0,0.0,0.0
"DM-869",False,"valid",0.0,0.06752680987119675,0.6278665065765381,0.0,0.27614057064056396,0.0,0.0,0.0
"DM-3821",False,"valid",0.0,0.0,0.07330989092588425,0.7107784152030945,0.0,0.20714107155799866,0.0,0.0
"DM-875",False,"valid",0.08240551501512527,0.0,0.0,0.2681172490119934,0.3799370527267456,0.22877903282642365,0.03455875813961029,0.0
"DM-10873",False,"valid",0.020840903744101524,0.020842015743255615,0.02084241434931755,0.6209957599639893,0.02084246091544628,0.020841628313064575,0.25395292043685913,0.02084190770983696
"DM-5785",False,"valid",0.9755759239196777,0.0,0.0,0.0,0.0,0.0,0.0,0.0
"DM-14827",False,"valid",0.0,0.0,0.0,0.0,0.6072940230369568,0.0,0.0,0.35136204957962036
"DM-1610",False,"valid",0.835268497467041,0.0,0.0,0.0,0.128898486495018,0.0,0.0,0.0
"DM-5914",True,"valid",0.5378416180610657,0.0,0.0,0.0,0.31295111775398254,0.1322573721408844,0.0,0.0
"DM-14542",False,"valid",0.01146699208766222,0.7150229215621948,0.011465133167803288,0.2161598652601242,0.01146838441491127,0.011482483707368374,0.011464559473097324,0.011469700373709202
"DM-6785",False,"valid",0.0,0.10106586664915085,0.0,0.0,0.8780468106269836,0.0,0.0,0.0
"DM-5781",False,"valid",0.0,0.0,0.0,0.0,0.0,0.9649350047111511,0.0,0.0
"DM-4438",False,"valid",0.0,0.35150790214538574,0.0,0.0,0.0,0.590640127658844,0.0,0.0
"DM-9173",False,"valid",0.01401897519826889,0.014020002447068691,0.014022912830114365,0.014024435542523861,0.22842524945735931,0.6874499917030334,0.014017959125339985,0.014020522125065327
"DM-958",True,"valid",0.024797046557068825,0.0,0.0,0.0,0.557429850101471,0.0,0.0,0.4072290360927582
"DM-10142",False,"valid",0.0,0.0,0.0,0.0,0.9440571069717407,0.0,0.0,0.0
"DM-12111",False,"valid",0.0,0.0,0.0,0.0,0.0,0.0,0.0,0.9574267864227295
"DM-13865",False,"valid",0.20960481464862823,0.0,0.0,0.0,0.0,0.0,0.0,0.7506449818611145
"DM-1464",False,"valid",0.01138618029654026,0.01138817798346281,0.011385730467736721,0.8724208474159241,0.011411277577280998,0.011396121233701706,0.01139206625521183,0.05921962112188339
"DM-15646",True,"valid",0.15998943150043488,0.0,0.0,0.0,0.4943128526210785,0.0,0.0,0.3320639133453369
"DM-17831",False,"valid",0.7547134757041931,0.0,0.0,0.0,0.23547779023647308,0.0,0.0,0.0
"DM-13450",False,"valid",0.0,0.0,0.0,0.0,0.3193090558052063,0.6474135518074036,0.0,0.0
"DM-13154",True,"valid",0.0,0.0,0.0,0.2345539927482605,0.0,0.0,0.0,0.7257832884788513
"DM-10289",False,"valid",0.0,0.0,0.0,0.0,0.0,0.0,0.9675339460372925,0.0
"DM-7134",False,"valid",0.0,0.0,0.0,0.9452119469642639,0.0,0.0,0.0,0.0
"DM-1596",False,"valid",0.0,0.0,0.0,0.07032514363527298,0.640638530254364,0.0,0.0,0.26869380474090576
"DM-11571",False,"valid",0.0,0.0,0.0,0.0,0.0,0.9851188659667969,0.0,0.0
"DM-6900",False,"valid",0.018584920093417168,0.7614918351173401,0.05754660442471504,0.16023796796798706,0.0,0.0,0.0,0.0
"DM-6587",False,"valid",0.0,0.0,0.0,0.5488190054893494,0.4414399266242981,0.0,0.0,0.0
"DM-7161",False,"valid",0.0,0.0,0.0,0.7996920943260193,0.0,0.1935403198003769,0.0,0.0
"DM-10933",False,"valid",0.0,0.4071406424045563,0.0,0.0,0.5543745160102844,0.0,0.0,0.0
"DM-18855",False,"valid",0.0,0.0,0.0,0.9768663644790649,0.0,0.0,0.0,0.0
"DM-5188",True,"valid",0.48391178250312805,0.017883988097310066,0.017881544306874275,0.017930634319782257,0.017894376069307327,0.017894769087433815,0.017969433218240738,0.40863344073295593
"DM-10187",False,"valid",0.9965357780456543,0.0,0.0,0.0,0.0,0.0,0.0,0.0
"DM-5650",False,"valid",0.0,0.0,0.0,0.0,0.9400469064712524,0.0,0.0,0.0
"DM-17658",False,"valid",0.29220128059387207,0.0,0.0,0.0,0.32587024569511414,0.0,0.0,0.340198278427124
"DM-17546",False,"valid",0.0,0.0,0.0,0.0,0.0,0.9706923365592957,0.0,0.0
"DM-15337",False,"valid",0.0,0.0,0.3820878565311432,0.07636448740959167,0.5274377465248108,0.0,0.0,0.0
"DM-5307",False,"valid",0.0,0.6073545217514038,0.0,0.0,0.36723557114601135,0.0,0.0,0.0
"DM-14560",True,"valid",0.010974301025271416,0.010987039655447006,0.14187049865722656,0.010979130864143372,0.7922465205192566,0.010981258004903793,0.010989661328494549,0.010971602983772755
"DM-17301",False,"valid",0.0,0.0,0.0,0.956148087978363,0.0,0.0,0.0,0.0
"DM-12473",False,"valid",0.0,0.0,0.2534243166446686,0.0,0.0,0.7290871739387512,0.0,0.0
"DM-13753",True,"valid",0.0,0.0,0.0,0.0,0.0,0.9549848437309265,0.0,0.0
"DM-5133",False,"valid",0.0,0.0,0.0,0.0,0.42486605048179626,0.5574844479560852,0.0,0.0
"DM-11739",False,"valid",0.01570078916847706,0.015672069042921066,0.015660585835576057,0.01567414030432701,0.015681026503443718,0.015674205496907234,0.6759117841720581,0.23002538084983826
"DM-7924",True,"valid",0.01380348950624466,0.013799532316625118,0.013803442008793354,0.903348445892334,0.013817076571285725,0.013806537725031376,0.013800655491650105,0.013820831663906574
"DM-13267",False,"valid",0.0,0.0,0.0,0.0,0.9561634659767151,0.0,0.0,0.0
"DM-14132",False,"valid",0.0,0.0,0.9373767971992493,0.0,0.0,0.0,0.0,0.0
"DM-3440",False,"valid",0.0,0.3767850995063782,0.06744994968175888,0.0,0.35559970140457153,0.1791711002588272,0.0,0.0
"DM-7779",False,"valid",0.0,0.0,0.0,0.3383551836013794,0.0,0.0,0.0,0.6211498975753784
"DM-4479",False,"valid",0.015628943219780922,0.015629326924681664,0.015628216788172722,0.015631577000021935,0.015632640570402145,0.015630075708031654,0.01563362404704094,0.8905856013298035
"DM-11052",False,"valid",0.0,0.0,0.0,0.0,0.2495397925376892,0.0,0.0,0.7276519536972046
"DM-14997",True,"valid",0.0,0.2467934638261795,0.0,0.0,0.7452903985977173,0.0,0.0,0.0
"DM-5908",False,"valid",0.0,0.0,0.5589333176612854,0.0,0.41019803285598755,0.0,0.0,0.0
"DM-10252",False,"valid",0.0,0.0,0.0,0.0,0.0,0.9726052284240723,0.0,0.0
"DM-7767",False,"valid",0.012517260387539864,0.01251267734915018,0.012511922977864742,0.6972527503967285,0.01252930797636509,0.22763730585575104,0.012511334381997585,0.012527400627732277
"DM-2427",False,"valid",0.0,0.0,0.0,0.0,0.5059213638305664,0.0,0.0,0.4725235402584076
"DM-13189",False,"valid",0.0,0.0,0.0,0.1642669141292572,0.8191369771957397,0.0,0.0,0.0
"DM-4206",False,"valid",0.25844618678092957,0.0,0.0,0.2405358999967575,0.4562237858772278,0.0,0.0,0.0
"DM-7924",True,"valid",0.01380348950624466,0.013799532316625118,0.013803442008793354,0.903348445892334,0.013817076571285725,0.013806537725031376,0.013800655491650105,0.013820831663906574
"DM-2914",True,"valid",0.0,0.0,0.0,0.9600589275360107,0.0,0.0,0.0,0.0
"DM-16218",False,"valid",0.0,0.0,0.19376976788043976,0.7891077995300293,0.0,0.0,0.0,0.0
"DM-11494",False,"valid",0.1672375500202179,0.0,0.13387277722358704,0.0,0.6883460879325867,0.0,0.0,0.0
"DM-10996",False,"valid",0.0,0.4019370377063751,0.0,0.0,0.25377628207206726,0.32079219818115234,0.0,0.0
"DM-13770",False,"valid",0.0,0.0,0.0,0.0,0.0,0.9821178317070007,0.0,0.0
"DM-4253",False,"valid",0.0,0.10889732092618942,0.0,0.8446789979934692,0.0,0.0,0.0,0.0
"DM-15513",False,"valid",0.0,0.0,0.0,0.9538184404373169,0.0,0.0,0.0,0.0
"DM-12113",False,"valid",0.0,0.0,0.0,0.0,0.4357159435749054,0.0,0.0,0.5180228352546692
"DM-17187",False,"valid",0.0,0.1756896674633026,0.0,0.0,0.48954254388809204,0.0,0.0,0.3118564486503601
"DM-9380",False,"valid",0.698775053024292,0.2541922330856323,0.0,0.0,0.0,0.0,0.0,0.0
"DM-14670",True,"valid",0.0,0.0,0.0,0.4285818934440613,0.0,0.5479689836502075,0.0,0.0
"DM-8048",False,"valid",0.0,0.0,0.0,0.3644806742668152,0.28851035237312317,0.27794191241264343,0.0,0.051343582570552826
"DM-10045",False,"valid",0.0,0.0,0.0201105996966362,0.26967698335647583,0.45633530616760254,0.24731609225273132,0.0,0.0
"DM-14910",False,"valid",0.17418159544467926,0.0,0.0,0.0,0.0,0.043013930320739746,0.7760210037231445,0.0
"DM-11813",True,"valid",0.35344865918159485,0.013145395554602146,0.013142001815140247,0.01315259374678135,0.013157629407942295,0.013151193037629128,0.39092856645584106,0.18987394869327545
"DM-16299",False,"valid",0.041809603571891785,0.27021363377571106,0.0,0.0,0.44478824734687805,0.22921817004680634,0.0,0.0
"DM-9957",True,"valid",0.0,0.0,0.0,0.0,0.6827877163887024,0.0,0.2930830717086792,0.0
"DM-10065",True,"valid",0.017672983929514885,0.0,0.0,0.38150736689567566,0.0,0.1565587818622589,0.0,0.4397816061973572
"DM-10087",False,"valid",0.0,0.0,0.0,0.0372040830552578,0.0,0.47564005851745605,0.0,0.4625174403190613
"DM-9392",False,"valid",0.017871536314487457,0.017867160961031914,0.01786923222243786,0.8748818039894104,0.017875127494335175,0.017886633053421974,0.017865637317299843,0.017882850021123886
"DM-3259",False,"valid",0.0,0.0,0.0,0.32770222425460815,0.0794462040066719,0.0,0.5778117775917053,0.0
"DM-10092",False,"valid",0.0,0.0,0.0,0.0,0.614678144454956,0.3685608208179474,0.0,0.0
"DM-8757",False,"valid",0.0,0.0,0.0,0.8810015916824341,0.0,0.0,0.08349943906068802,0.0
"DM-4648",False,"valid",0.6703928112983704,0.3067728877067566,0.0,0.01246463879942894,0.0,0.0,0.0,0.0
"DM-7547",False,"valid",0.0,0.0,0.0,0.0,0.0,0.17636722326278687,0.0,0.7965090870857239
"DM-7363",False,"valid",0.0,0.0,0.0,0.7106699347496033,0.0,0.25925302505493164,0.0,0.0
"DM-3637",False,"valid",0.0,0.0,0.0,0.0,0.48167872428894043,0.4841637909412384,0.0,0.0
"DM-16273",False,"valid",0.0,0.49514538049697876,0.0,0.0,0.0,0.0,0.0,0.47796371579170227
"DM-10974",False,"valid",0.0,0.0,0.0,0.0,0.0,0.7415122389793396,0.0,0.21778005361557007
"DM-13222",True,"valid",0.1649535745382309,0.0,0.0,0.0,0.2935422956943512,0.0,0.5149965882301331,0.0
"DM-2837",False,"valid",0.0,0.0,0.0,0.8672535419464111,0.11671826988458633,0.0,0.0,0.0
"DM-15835",False,"valid",0.34611767530441284,0.0,0.0,0.0,0.0,0.0,0.5949128270149231,0.0
"DM-2506",False,"valid",0.9512276649475098,0.0,0.0,0.0,0.0,0.0,0.0,0.0
"DM-12852",False,"valid",0.043141257017850876,0.6983529925346375,0.043059106916189194,0.043097276240587234,0.04314515367150307,0.0430653877556324,0.04306676238775253,0.043072089552879333
"DM-11934",False,"valid",0.0,0.12261772900819778,0.0,0.0,0.8509795665740967,0.0,0.0,0.0
"DM-17387",False,"valid",0.25340452790260315,0.015264441259205341,0.01526775024831295,0.015269774943590164,0.015281450003385544,0.015269364230334759,0.01526486873626709,0.6549777984619141
"DM-5406",False,"valid",0.0,0.0,0.0,0.0,0.9777310490608215,0.0,0.0,0.0
"DM-17871",False,"valid",0.015766091644763947,0.015756506472826004,0.7374269366264343,0.015770623460412025,0.1679655909538269,0.015769757330417633,0.015764430165290833,0.015780009329319
"DM-2547",False,"valid",0.0,0.0,0.0,0.0,0.21131867170333862,0.7757050395011902,0.0,0.0
"DM-16284",False,"valid",0.012034095823764801,0.012038033455610275,0.622922956943512,0.30484288930892944,0.012045903131365776,0.012049056589603424,0.012030761688947678,0.012036333791911602
"DM-3569",True,"valid",0.03134208172559738,0.03143378719687462,0.0313379131257534,0.7805205583572388,0.03133809193968773,0.031337883323431015,0.03133818507194519,0.031351491808891296
"DM-4492",False,"valid",0.01786978542804718,0.017870521172881126,0.0178721584379673,0.01787416636943817,0.01787731982767582,0.01787189394235611,0.017877880483865738,0.8748862743377686
"DM-19242",False,"test",0.0,0.5806976556777954,0.0,0.0,0.0,0.0,0.0,0.36559611558914185
"DM-19166",False,"test",0.0,0.2270757406949997,0.0,0.1849263459444046,0.46451014280319214,0.10617740452289581,0.0,0.0
"DM-18897",False,"test",0.01566636748611927,0.01569397933781147,0.015731340274214745,0.015679821372032166,0.015686318278312683,0.732297420501709,0.01567484252154827,0.17356990277767181
"DM-18863",False,"test",0.0,0.058439843356609344,0.30834829807281494,0.6034077405929565,0.0,0.0,0.0,0.0
"DM-18861",True,"test",0.010426005348563194,0.010433402843773365,0.010422863997519016,0.01043268758803606,0.010438631288707256,0.9269795417785645,0.010431468486785889,0.010435424745082855
"DM-18838",False,"test",0.016417652368545532,0.016405757516622543,0.19872359931468964,0.3839000463485718,0.335324764251709,0.016409676522016525,0.016402700915932655,0.01641577109694481
"DM-18750",False,"test",0.0,0.16965261101722717,0.0,0.26982444524765015,0.5467069149017334,0.0,0.0,0.0
"DM-18748",False,"test",0.32000890374183655,0.0,0.1495119333267212,0.29085373878479004,0.08275648206472397,0.13495030999183655,0.021183431148529053,0.0
"DM-18730",False,"test",0.0,0.0,0.0,0.0,0.3761681318283081,0.21554291248321533,0.21248741447925568,0.15723060071468353
"DM-18726",False,"test",0.0,0.8475921154022217,0.0,0.0,0.0,0.0,0.0,0.12556296586990356
"DM-18704",False,"test",0.03191923722624779,0.031914666295051575,0.03191831707954407,0.03200638294219971,0.44221004843711853,0.03193432092666626,0.3661801517009735,0.03191688284277916
"DM-18678",True,"test",0.0,0.5281198620796204,0.19793225824832916,0.0,0.0,0.0,0.11172235012054443,0.1473882794380188
"DM-18643",True,"test",0.0,0.0,0.14704805612564087,0.0,0.25502461194992065,0.5670616030693054,0.0,0.0
"DM-18638",False,"test",0.0,0.0,0.0,0.5448976755142212,0.18054574728012085,0.2633398771286011,0.0,0.0
"DM-18596",False,"test",0.0,0.0,0.0,0.0,0.22150897979736328,0.7520455121994019,0.0,0.0
"DM-18595",False,"test",0.0,0.0,0.0,0.0,0.6378618478775024,0.26458653807640076,0.06925354897975922,0.0
"DM-18591",True,"test",0.04280499368906021,0.0,0.0,0.0,0.4548252522945404,0.48877260088920593,0.0,0.0
"DM-18570",False,"test",0.0,0.0,0.4756139814853668,0.0,0.20626200735569,0.2850775122642517,0.0,0.0
"DM-18568",False,"test",0.0,0.0,0.1315927356481552,0.0,0.8544814586639404,0.0,0.0,0.0
"DM-18548",False,"test",0.0,0.28944405913352966,0.0,0.32556965947151184,0.0,0.0,0.3463408648967743,0.0
"DM-18511",False,"test",0.15327495336532593,0.0,0.0,0.25082191824913025,0.02713247947394848,0.5523141622543335,0.0,0.0
"DM-18501",False,"test",0.0,0.0,0.14075694978237152,0.0,0.3471417725086212,0.13044965267181396,0.0,0.3588718771934509
"DM-18500",False,"test",0.06489387154579163,0.10276354104280472,0.0,0.45011794567108154,0.36217501759529114,0.0,0.0,0.0
"DM-18488",False,"test",0.0,0.3150291442871094,0.0,0.0,0.0,0.4246520698070526,0.0,0.2182958424091339
"DM-18484",False,"test",0.0,0.19342458248138428,0.0,0.0,0.5113319754600525,0.2774145305156708,0.0,0.0
"DM-18454",False,"test",0.0,0.0,0.0,0.0,0.0,0.5243722200393677,0.0,0.4286712408065796
"DM-18452",False,"test",0.012509867548942566,0.012526217848062515,0.012515036389231682,0.012506673112511635,0.646503210067749,0.012520118616521358,0.012509659864008427,0.2784091830253601
"DM-18425",False,"test",0.062506765127182,0.06252047419548035,0.06252062320709229,0.06258843839168549,0.06253037601709366,0.062526635825634,0.5622742176055908,0.06253249943256378
"DM-18403",False,"test",0.015636799857020378,0.015634382143616676,0.5735192894935608,0.015645470470190048,0.3326393663883209,0.01564481295645237,0.01563563384115696,0.015644274652004242
"DM-18400",False,"test",0.0342651829123497,0.0,0.363667756319046,0.4317426383495331,0.16862548887729645,0.0,0.0,0.0
"DM-18382",False,"test",0.09004893898963928,0.0,0.0,0.0,0.0,0.36301854252815247,0.0,0.5075244307518005
"DM-18374",False,"test",0.01740543730556965,0.017414208501577377,0.017424508929252625,0.4812851846218109,0.01743084192276001,0.01742817647755146,0.017447136342525482,0.4141645133495331
"DM-18371",False,"test",0.0,0.0,0.0,0.0,0.7058871388435364,0.0,0.0,0.26144707202911377
"DM-18367",True,"test",0.0,0.0,0.24003180861473083,0.0,0.7130088806152344,0.0,0.0,0.0
"DM-18363",False,"test",0.0,0.5922296047210693,0.0,0.10055417567491531,0.0,0.0,0.11440223455429077,0.1649688482284546
"DM-18362",False,"test",0.10808459669351578,0.29777792096138,0.0,0.2603941857814789,0.3042432963848114,0.0,0.0,0.0
"DM-18344",False,"test",0.0,0.0,0.0,0.0,0.0,0.3656466007232666,0.0,0.6101346015930176
"DM-18318",False,"test",0.02680443972349167,0.0,0.0,0.0,0.3864383399486542,0.38155192136764526,0.19386109709739685,0.0
"DM-18313",False,"test",0.06047450006008148,0.060434043407440186,0.06044970452785492,0.06045599654316902,0.06046779081225395,0.5767442584037781,0.060496728867292404,0.06047702953219414
"DM-18311",False,"test",0.0,0.2227928638458252,0.0,0.0,0.0,0.7431222796440125,0.0,0.0
"DM-18282",False,"test",0.010432383976876736,0.8300524950027466,0.010429234243929386,0.010435239411890507,0.010437557473778725,0.01046957727521658,0.10731317102909088,0.010430396534502506
"DM-18189",False,"test",0.0,0.19639568030834198,0.0,0.0,0.6593695878982544,0.0,0.0,0.11055052280426025
"DM-18173",False,"test",0.0,0.0,0.04841264337301254,0.0,0.3970933258533478,0.47413212060928345,0.07241690903902054,0.0
"DM-18172",False,"test",0.1911645382642746,0.0,0.0,0.0,0.0,0.7712758183479309,0.0,0.0
"DM-18161",True,"test",0.0,0.0,0.0,0.0,0.0,0.7105336785316467,0.2316540777683258,0.0
"DM-18159",True,"test",0.0,0.0,0.0,0.0,0.0,0.9554752707481384,0.0,0.0
"DM-18148",False,"test",0.11213859915733337,0.0,0.0,0.0,0.6812296509742737,0.18819160759449005,0.0,0.0
"DM-18129",False,"test",0.0,0.0,0.34395548701286316,0.0,0.19516946375370026,0.4412511885166168,0.0,0.0
"DM-18127",False,"test",0.0,0.17622101306915283,0.16683508455753326,0.0,0.0,0.6407797336578369,0.0,0.0
"DM-18123",False,"test",0.0,0.0,0.0,0.06647684425115585,0.0,0.0,0.0,0.9047236442565918
"DM-18122",True,"test",0.0,0.0,0.0,0.0,0.059593502432107925,0.0,0.0,0.9237551689147949
"DM-18108",True,"test",0.012608039192855358,0.012622462585568428,0.012606996111571789,0.9116628766059875,0.012623907066881657,0.012623320333659649,0.012622295878827572,0.01263013668358326
"DM-18067",False,"test",0.0,0.0,0.0,0.5235152244567871,0.0,0.10713870078325272,0.0,0.34727901220321655
"DM-18026",False,"test",0.0,0.12075500935316086,0.0,0.02898421697318554,0.6881131529808044,0.1519220620393753,0.0,0.0
"DM-18021",True,"test",0.0,0.047407884150743484,0.0,0.17174473404884338,0.3018230199813843,0.4662051796913147,0.0,0.0
"DM-18019",False,"test",0.017201285809278488,0.01718677021563053,0.017195187509059906,0.0172172412276268,0.5634832978248596,0.33330094814300537,0.017209099605679512,0.017206156626343727
"DM-18001",False,"test",0.0,0.437697172164917,0.0,0.0,0.5414097309112549,0.0,0.0,0.0
"DM-17986",False,"test",0.022675205022096634,0.02269718423485756,0.02267715334892273,0.35659027099609375,0.02267613634467125,0.1508822739124298,0.02266514301300049,0.3791366517543793
"DM-17983",False,"test",0.0,0.0,0.38332024216651917,0.0,0.10139975696802139,0.47876065969467163,0.0,0.0
"DM-17978",False,"test",0.0,0.0,0.0,0.35399699211120605,0.0,0.0,0.0,0.5887614488601685
"DM-17977",False,"test",0.026552503928542137,0.11013713479042053,0.0,0.0,0.4963420629501343,0.357082337141037,0.0,0.0
"DM-17976",False,"test",0.030845392495393753,0.03086249530315399,0.28710994124412537,0.030878175050020218,0.5278064608573914,0.03085431456565857,0.030816014856100082,0.030827190726995468
"DM-17969",False,"test",0.0,0.4728544354438782,0.0,0.5083363652229309,0.0,0.0,0.0,0.0
"DM-17951",False,"test",0.2308589518070221,0.0,0.0,0.0,0.0,0.7201688289642334,0.0,0.0
"DM-17936",False,"test",0.0,0.0,0.03846099227666855,0.6425926089286804,0.24068689346313477,0.06988520175218582,0.0,0.0
"DM-17933",False,"test",0.0,0.0,0.06239936873316765,0.6066379547119141,0.15129856765270233,0.13782784342765808,0.03771073371171951,0.0
"DM-17930",False,"test",0.0,0.0,0.0,0.0,0.0,0.0,0.6166568398475647,0.3332538902759552
"DM-17928",False,"test",0.0,0.0,0.0,0.0,0.7743661403656006,0.0,0.0,0.17863252758979797
"DM-17917",False,"test",0.0,0.0,0.0,0.0,0.6274467706680298,0.3503207266330719,0.0,0.0
"DM-17913",False,"test",0.0,0.0,0.0,0.0,0.43411940336227417,0.5436146855354309,0.0,0.0
"DM-17874",False,"test",0.013779197819530964,0.013753604143857956,0.013773826882243156,0.013764332979917526,0.7832980155944824,0.01376971136778593,0.013770749792456627,0.1340905874967575
"DM-17859",False,"test",0.0,0.24897073209285736,0.0,0.3766172230243683,0.14122183620929718,0.0,0.0,0.22690357267856598
"DM-17847",False,"test",0.0,0.0,0.04371107369661331,0.34191370010375977,0.2506810426712036,0.3585929870605469,0.0,0.0
"DM-17828",False,"test",0.0,0.0,0.0,0.5510131120681763,0.0,0.2650185823440552,0.17216743528842926,0.0
"DM-17826",False,"test",0.0,0.0,0.0,0.0,0.0,0.9601498246192932,0.0,0.0
"DM-17812",False,"test",0.031351238489151,0.02625395730137825,0.039231617003679276,0.015590807422995567,0.6574371457099915,0.2168879508972168,0.0,0.01271622721105814
"DM-17795",False,"test",0.4153098464012146,0.0,0.0,0.0,0.5269002914428711,0.0,0.0,0.0
"DM-17788",False,"test",0.06186914071440697,0.4893741011619568,0.0,0.15111055970191956,0.16204936802387238,0.06400975584983826,0.06479448080062866,0.0
"DM-17782",False,"test",0.017883632332086563,0.8747404217720032,0.01787826232612133,0.017879744991660118,0.017886392772197723,0.01787911355495453,0.017874762415885925,0.017977695912122726
"DM-17758",True,"test",0.0,0.09881017357110977,0.0,0.21366582810878754,0.290869802236557,0.05595051124691963,0.07733163237571716,0.26027369499206543
"DM-17753",False,"test",0.0,0.144670769572258,0.0,0.5758275985717773,0.0,0.0,0.0,0.2592954635620117
"DM-17740",False,"test",0.05353295058012009,0.0,0.0,0.2717144191265106,0.0,0.3205660879611969,0.0,0.34919795393943787
"DM-17739",False,"test",0.4028182327747345,0.31898990273475647,0.0,0.17487940192222595,0.02623813785612583,0.0,0.07213540375232697,0.0
"DM-17726",False,"test",0.0,0.7018038034439087,0.0,0.0,0.0,0.0,0.0,0.25372835993766785
"DM-17694",True,"test",0.2880007326602936,0.0,0.0,0.0,0.0,0.6760933995246887,0.0,0.0
"DM-17693",False,"test",0.0,0.6258631944656372,0.0,0.0,0.0,0.12105366587638855,0.0,0.22973309457302094
"DM-17676",False,"test",0.011392872780561447,0.011416196823120117,0.011393316090106964,0.011400602757930756,0.01139584369957447,0.011397839523851871,0.4642290771007538,0.4673742353916168
"DM-17670",False,"test",0.0,0.0,0.0,0.21179687976837158,0.0,0.7581650018692017,0.0,0.0
"DM-17669",True,"test",0.0,0.028587430715560913,0.22080408036708832,0.0,0.2871488034725189,0.4534304440021515,0.0,0.0
"DM-17664",False,"test",0.0,0.3016190528869629,0.0,0.0,0.0,0.30182015895843506,0.0,0.35038498044013977
"DM-17660",True,"test",0.0,0.28659889101982117,0.0,0.0,0.0,0.6797024011611938,0.0,0.0
"DM-17655",True,"test",0.010428188368678093,0.01043709646910429,0.010426091961562634,0.010428032837808132,0.9269869327545166,0.010438119992613792,0.010426700115203857,0.010428830049932003
"DM-17638",False,"test",0.0,0.0,0.029610447585582733,0.0,0.0,0.9449830651283264,0.0,0.0
"DM-17610",False,"test",0.015403768047690392,0.015409194864332676,0.015409478917717934,0.015413673594594002,0.015417644754052162,0.5526737570762634,0.015415537171065807,0.3548569083213806
"DM-17609",True,"test",0.016126612201333046,0.016139570623636246,0.016130810603499413,0.016139008104801178,0.016144054010510445,0.8870371580123901,0.01614552177488804,0.016137266531586647
"DM-17608",False,"test",0.0,0.0,0.10237613320350647,0.4462085962295532,0.29367542266845703,0.11493255198001862,0.0,0.03684927150607109
"DM-17596",False,"test",0.03126400709152222,0.03126907721161842,0.03125820308923721,0.03126348927617073,0.031300149857997894,0.7811223268508911,0.03125979006290436,0.031262967735528946
"DM-17593",False,"test",0.057613521814346313,0.0,0.0,0.0,0.6270272135734558,0.29511114954948425,0.0,0.0
"DM-17591",False,"test",0.012533045373857021,0.012535285204648972,0.012592869810760021,0.01254279538989067,0.4301217496395111,0.49460089206695557,0.012533747591078281,0.0125395767390728
"DM-17561",True,"test",0.0,0.7278195023536682,0.0,0.08189740031957626,0.0,0.0,0.0,0.16726656258106232
"DM-17553",False,"test",0.0,0.08131011575460434,0.0,0.3133685886859894,0.0,0.590299129486084,0.0,0.0
"DM-17550",False,"test",0.19831019639968872,0.017901159822940826,0.01786871813237667,0.01787245273590088,0.694379448890686,0.01788344234228134,0.017880581319332123,0.017903948202729225
"DM-17536",False,"test",0.0,0.0,0.0,0.0,0.24479112029075623,0.7085444927215576,0.0,0.0
"DM-17528",False,"test",0.04411035403609276,0.0,0.02139664627611637,0.2419765591621399,0.3623049557209015,0.32492193579673767,0.0,0.0
"DM-17527",False,"test",0.04055594652891159,0.0,0.0,0.46756216883659363,0.0902097076177597,0.3898567855358124,0.0,0.0
"DM-17509",False,"test",0.011384627781808376,0.011384699493646622,0.011394037865102291,0.01139812357723713,0.8165302276611328,0.011394592002034187,0.11512923985719681,0.01138448528945446
"DM-17508",False,"test",0.07866200804710388,0.21652932465076447,0.0,0.0,0.6600697040557861,0.0,0.0,0.0
"DM-17501",False,"test",0.0,0.0,0.0,0.7798609733581543,0.0,0.19163498282432556,0.0,0.0
"DM-17496",False,"test",0.0,0.0,0.032591987401247025,0.16922494769096375,0.5765033960342407,0.21288588643074036,0.0,0.0
"DM-17483",False,"test",0.015629908069968224,0.01562979631125927,0.015629511326551437,0.015631716698408127,0.015633514150977135,0.01563858613371849,0.01563933491706848,0.8905676007270813
"DM-17466",False,"test",0.0,0.04552154242992401,0.10988546162843704,0.33726778626441956,0.0,0.4880353808403015,0.0,0.0
"DM-17456",False,"test",0.08389075845479965,0.2656383216381073,0.0,0.0,0.3280920088291168,0.0,0.0,0.30147966742515564
"DM-17452",False,"test",0.0,0.0,0.0,0.7299625873565674,0.2408495545387268,0.0,0.0,0.0
"DM-17449",False,"test",0.0,0.0,0.0,0.8709709644317627,0.10478825867176056,0.0,0.0,0.0
"DM-17447",False,"test",0.0,0.4414050877094269,0.0,0.0,0.5114769339561462,0.0,0.0,0.0
"DM-17441",False,"test",0.0,0.1739758849143982,0.0,0.0,0.0,0.6426172852516174,0.0,0.16253651678562164
"DM-17433",False,"test",0.015489902347326279,0.015477660112082958,0.015499191358685493,0.4192250669002533,0.015490846708416939,0.015494297258555889,0.015500577166676521,0.48782238364219666
"DM-17398",False,"test",0.0,0.10746794939041138,0.0,0.5095702409744263,0.0,0.3234301507472992,0.04758797213435173,0.0
"DM-17397",False,"test",0.0,0.0,0.0,0.0,0.5924275517463684,0.0,0.0,0.38151073455810547
"DM-17393",True,"test",0.0,0.0,0.0,0.2504819929599762,0.0,0.7316063642501831,0.0,0.0
"DM-17384",False,"test",0.015629909932613373,0.01562979817390442,0.015629513189196587,0.015631718561053276,0.015633514150977135,0.015638567507267,0.01563909836113453,0.8905678987503052
"DM-17375",True,"test",0.0,0.0,0.25482842326164246,0.21012626588344574,0.0,0.48885297775268555,0.0,0.0
"DM-17374",False,"test",0.0,0.0,0.0,0.0,0.8883390426635742,0.06214842572808266,0.0,0.0
"DM-17372",False,"test",0.15981262922286987,0.0,0.0,0.08604937791824341,0.6331352591514587,0.0,0.0,0.10172579437494278
"DM-17366",False,"test",0.0,0.47353020310401917,0.0,0.0,0.0,0.48880985379219055,0.0,0.0
"DM-17341",False,"test",0.0,0.0,0.0,0.0,0.0,0.7402825355529785,0.0,0.20960479974746704
"DM-17338",False,"test",0.011508203111588955,0.011508437804877758,0.011514559388160706,0.5921359658241272,0.011518115177750587,0.011517546139657497,0.01150260679423809,0.3387945890426636
"DM-17333",True,"test",0.09393848478794098,0.0,0.0,0.2068272978067398,0.6791642308235168,0.0,0.0,0.0
"DM-17331",False,"test",0.0,0.23597951233386993,0.0,0.5452067852020264,0.0,0.19157475233078003,0.0,0.0
"DM-17325",False,"test",0.0,0.17666038870811462,0.0,0.31386616826057434,0.08547669649124146,0.291567325592041,0.1160140112042427,0.0
"DM-17324",False,"test",0.0,0.0,0.0,0.0,0.08714165538549423,0.0,0.3361307680606842,0.5375855565071106
"DM-17322",False,"test",0.011393622495234013,0.32296550273895264,0.011404386721551418,0.3982362449169159,0.2201889306306839,0.011405225843191147,0.01139048207551241,0.01301560364663601
"DM-17300",False,"test",0.0,0.12111308425664902,0.0,0.19341778755187988,0.2946302592754364,0.3630119562149048,0.0,0.0
"DM-17279",False,"test",0.0,0.0,0.0,0.0,0.3585045337677002,0.0,0.35324883460998535,0.2555582821369171
"DM-17265",False,"test",0.0,0.0,0.0,0.16617533564567566,0.0,0.4777384102344513,0.0,0.34356123208999634
"DM-17246",False,"test",0.0,0.0,0.0,0.0,0.20653191208839417,0.3156597912311554,0.0,0.42963120341300964
"DM-17228",True,"test",0.0,0.0,0.0,0.4360868036746979,0.0,0.35939821600914,0.0,0.18615254759788513
"DM-17217",True,"test",0.013898540288209915,0.013902861624956131,0.013911332003772259,0.013914067298173904,0.01392610464245081,0.01391187310218811,0.013904486782848835,0.9026306867599487
"DM-17213",False,"test",0.0,0.0,0.0,0.0,0.0,0.0,0.0,0.9674612283706665
"DM-17212",False,"test",0.056236229836940765,0.0,0.0,0.2914986312389374,0.15958601236343384,0.0,0.0,0.4804147481918335
"DM-17210",False,"test",0.0,0.0,0.0,0.10225724428892136,0.6356029510498047,0.0,0.0822829008102417,0.161315456032753
"DM-17202",False,"test",0.0,0.3095691502094269,0.0,0.18344439566135406,0.21232452988624573,0.28075844049453735,0.0,0.0
"DM-17189",False,"test",0.0,0.0,0.0,0.1625933200120926,0.0,0.8075269460678101,0.0,0.0
"DM-17186",False,"test",0.0,0.28404372930526733,0.0,0.0,0.0,0.6716208457946777,0.0,0.0
"DM-17172",False,"test",0.0,0.0,0.0,0.0,0.6428465247154236,0.19257432222366333,0.13473646342754364,0.0
"DM-17170",False,"test",0.0,0.0,0.0,0.1462341845035553,0.6349769234657288,0.20037347078323364,0.0,0.0
"DM-17149",False,"test",0.0,0.0,0.0,0.0,0.7214301824569702,0.23913975059986115,0.0,0.0
"DM-17144",True,"test",0.025039948523044586,0.3392970561981201,0.02504335530102253,0.025065476074814796,0.5104061961174011,0.02504279464483261,0.025046011433005333,0.025059189647436142
"DM-17095",False,"test",0.0,0.0,0.0,0.46698328852653503,0.24938750267028809,0.20654448866844177,0.0,0.06354217976331711
"DM-17092",False,"test",0.012524181045591831,0.012510155327618122,0.012522369623184204,0.012522028759121895,0.37437132000923157,0.5505158305168152,0.012519489973783493,0.012514663860201836
"DM-17091",False,"test",0.0,0.0,0.2076282799243927,0.30570244789123535,0.0,0.0,0.06471363455057144,0.4097602665424347
"DM-17089",True,"test",0.1549156904220581,0.0,0.0,0.24273568391799927,0.09533603489398956,0.2628377676010132,0.23254403471946716,0.0
"DM-17074",False,"test",0.0,0.0,0.0,0.0,0.5287440419197083,0.4380008280277252,0.0,0.0
"DM-17043",True,"test",0.0,0.0720016285777092,0.0,0.20595119893550873,0.712548017501831,0.0,0.0,0.0
"DM-17029",True,"test",0.0,0.05752277746796608,0.0,0.0,0.34073564410209656,0.3256742060184479,0.0,0.26563647389411926
"DM-17022",True,"test",0.0,0.1955149918794632,0.0,0.0,0.497304230928421,0.26247256994247437,0.0,0.0
"DM-17020",False,"test",0.0,0.0,0.0,0.0,0.6064321398735046,0.3647209703922272,0.0,0.0
"DM-16925",False,"test",0.0,0.0,0.0,0.24139562249183655,0.517503559589386,0.0,0.0,0.23032675683498383
"DM-16922",False,"test",0.0,0.016618313267827034,0.0,0.3240545094013214,0.0,0.19037488102912903,0.3224068284034729,0.1355227828025818
"DM-16904",False,"test",0.011894205585122108,0.01188434474170208,0.011883747763931751,0.44528621435165405,0.4833745062351227,0.01189705915749073,0.01188650168478489,0.011893407441675663
"DM-16872",True,"test",0.0,0.13799667358398438,0.16194148361682892,0.20813828706741333,0.0,0.24761760234832764,0.0,0.23974581062793732
"DM-16869",False,"test",0.6352758407592773,0.15927667915821075,0.0,0.12368667870759964,0.0,0.076797254383564,0.0,0.0
"DM-16842",False,"test",0.0,0.0,0.0,0.6082583069801331,0.0,0.3590773642063141,0.0,0.0
"DM-16828",False,"test",0.0,0.13399596512317657,0.0,0.23622272908687592,0.3255840837955475,0.0,0.11806698143482208,0.16962626576423645
"DM-16820",False,"test",0.0,0.0,0.0,0.5097556114196777,0.0,0.0,0.4460480809211731,0.0
"DM-16814",False,"test",0.047943804413080215,0.0,0.0,0.12533117830753326,0.1680622100830078,0.0,0.0,0.6377893686294556
"DM-16811",False,"test",0.0,0.0,0.0,0.9675295352935791,0.0,0.0,0.0,0.0
"DM-16788",True,"test",0.0,0.0,0.0,0.0,0.8709393739700317,0.0,0.0,0.09328287094831467
"DM-16782",True,"test",0.0,0.0,0.0,0.0,0.0,0.0,0.0,0.9675465822219849
"DM-16757",False,"test",0.0,0.2267225682735443,0.0,0.0,0.46849513053894043,0.27235037088394165,0.0,0.0
"DM-16756",False,"test",0.23505374789237976,0.0,0.0,0.0,0.5059410333633423,0.24160008132457733,0.0,0.0
"DM-16752",False,"test",0.12968721985816956,0.17084433138370514,0.0,0.0,0.3518601059913635,0.18936434388160706,0.0,0.15305526554584503
"DM-16734",False,"test",0.010450728237628937,0.6946161389350891,0.13821136951446533,0.010455143637955189,0.010459696874022484,0.010453992523252964,0.11490603536367416,0.010446874424815178
"DM-16732",False,"test",0.0,0.0,0.0,0.29056495428085327,0.0,0.6855159997940063,0.0,0.0
"DM-16726",False,"test",0.0,0.24068348109722137,0.0,0.0,0.3083922863006592,0.10645483434200287,0.0,0.33418411016464233
"DM-16700",False,"test",0.27406546473503113,0.0,0.0,0.0,0.0,0.6370248794555664,0.0758596807718277,0.0
"DM-16697",False,"test",0.011328485794365406,0.011315250769257545,0.01131795346736908,0.9207550287246704,0.011330731213092804,0.01132913026958704,0.011310826055705547,0.01131260022521019
"DM-16696",False,"test",0.0,0.0,0.0,0.9634724855422974,0.0,0.0,0.0,0.0
"DM-16667",False,"test",0.0,0.11775866150856018,0.0,0.0,0.24196764826774597,0.0,0.0,0.6186934113502502
"DM-16666",False,"test",0.011370137333869934,0.011368007399141788,0.01137432362884283,0.011376609094440937,0.011380722746253014,0.01137696672230959,0.011372771114110947,0.9203804731369019
"DM-16613",False,"test",0.0,0.0,0.0,0.5712291598320007,0.11542662233114243,0.0,0.2784865200519562,0.0
"DM-16606",False,"test",0.0,0.031159913167357445,0.0,0.12212976813316345,0.4667454957962036,0.3524244725704193,0.0,0.024205829948186874
"DM-16562",False,"test",0.031270548701286316,0.03131409361958504,0.03127521649003029,0.0312773697078228,0.510054349899292,0.03129296749830246,0.3022174537181854,0.03129801154136658
"DM-16554",True,"test",0.20715844631195068,0.0,0.0,0.0,0.5002270340919495,0.0,0.0,0.2702614367008209
"DM-16542",True,"test",0.0,0.09256105124950409,0.1031147763133049,0.0,0.5489441752433777,0.1822279840707779,0.019181841984391212,0.04777662083506584
"DM-16539",True,"test",0.07832924276590347,0.0,0.0,0.0,0.4794933497905731,0.26973941922187805,0.0,0.16446954011917114
"DM-16536",False,"test",0.0,0.2926079332828522,0.0,0.20727063715457916,0.0,0.13196006417274475,0.0,0.33729928731918335
"DM-16503",False,"test",0.06391611695289612,0.07806462049484253,0.0,0.0,0.5525087118148804,0.24410662055015564,0.0,0.0530780591070652
"DM-16476",False,"test",0.306103378534317,0.0,0.0,0.0,0.437991738319397,0.0,0.0,0.24529296159744263
"DM-16467",True,"test",0.0,0.0,0.0,0.0,0.611299991607666,0.3491668701171875,0.0,0.0
"DM-16436",False,"test",0.08897006511688232,0.0,0.0,0.03334111347794533,0.22489652037620544,0.3170200288295746,0.0,0.32537728548049927
"DM-16432",False,"test",0.0,0.0,0.0,0.697494387626648,0.0,0.24131113290786743,0.042224470525979996,0.0
"DM-16431",False,"test",0.30820274353027344,0.0,0.0,0.0,0.2462950348854065,0.0,0.12591515481472015,0.30180999636650085
"DM-16430",False,"test",0.3833810091018677,0.0,0.16001543402671814,0.0,0.41748887300491333,0.0,0.0,0.0
"DM-16429",False,"test",0.0,0.0,0.0,0.22005563974380493,0.43791845440864563,0.3323042094707489,0.0,0.0
"DM-16426",False,"test",0.07684531807899475,0.0,0.0,0.0,0.6113463640213013,0.2793421149253845,0.0,0.0
"DM-16413",False,"test",0.1262558549642563,0.01139748003333807,0.011395641602575779,0.2992149591445923,0.011423936113715172,0.5175081491470337,0.011393354274332523,0.0114106060937047
"DM-16373",False,"test",0.0,0.0,0.2679215967655182,0.17521072924137115,0.22321701049804688,0.0,0.04191258177161217,0.28674623370170593
"DM-16363",False,"test",0.4332314431667328,0.0,0.0,0.4981743097305298,0.051396917551755905,0.014245344325900078,0.0,0.0
"DM-16338",False,"test",0.0,0.18426397442817688,0.4119059145450592,0.0,0.36628666520118713,0.0,0.0,0.0
"DM-16320",False,"test",0.0,0.25506216287612915,0.0,0.40415409207344055,0.0,0.0,0.31573763489723206,0.0
"DM-16319",False,"test",0.0,0.0,0.0,0.0,0.6661401391029358,0.0,0.0,0.3018108010292053
"DM-16311",True,"test",0.0,0.0,0.0,0.0,0.34750673174858093,0.6024126410484314,0.0,0.0
"DM-16302",False,"test",0.0,0.0,0.0,0.35014426708221436,0.0,0.6239458322525024,0.0,0.0
"DM-16275",False,"test",0.0,0.0,0.0,0.0,0.8096926808357239,0.1284964680671692,0.0,0.050866663455963135
"DM-16261",False,"test",0.011940709315240383,0.011951496824622154,0.011947539635002613,0.011956670321524143,0.011950759217143059,0.44013723731040955,0.4881569445133209,0.011958660557866096
"DM-16260",False,"test",0.02085435763001442,0.020853888243436813,0.020882498472929,0.02086852677166462,0.020871838554739952,0.020862486213445663,0.8539511561393738,0.02085529826581478
"DM-16235",True,"test",0.1781817525625229,0.0,0.047939058393239975,0.6644849181175232,0.0,0.0,0.0,0.10301481187343597
"DM-16227",False,"test",0.04272523522377014,0.0,0.0,0.1016024500131607,0.6773325204849243,0.17467665672302246,0.0,0.0
"DM-16220",False,"test",0.26898375153541565,0.0,0.0,0.0,0.5451931357383728,0.0,0.0,0.1440659463405609
"DM-16206",False,"test",0.0,0.6106177568435669,0.0,0.0,0.36069968342781067,0.0,0.0,0.0
"DM-16192",False,"test",0.0,0.22934827208518982,0.0,0.5333659648895264,0.0,0.12502016127109528,0.0,0.07870877534151077
"DM-16185",True,"test",0.041677843779325485,0.041677843779325485,0.04167985916137695,0.04167782887816429,0.041678331792354584,0.04177957400679588,0.7081509232521057,0.041677821427583694
"DM-16177",False,"test",0.19267557561397552,0.31114962697029114,0.0,0.0,0.4677305221557617,0.0,0.0,0.0
"DM-16176",False,"test",0.0,0.0,0.0,0.9436867237091064,0.0,0.0,0.0,0.0
"DM-16175",True,"test",0.0,0.0,0.7490293383598328,0.0,0.049990203231573105,0.0,0.19326020777225494,0.0
"DM-16172",False,"test",0.2221117913722992,0.33293652534484863,0.0,0.2907131314277649,0.0,0.045009177178144455,0.024002665653824806,0.08114051073789597
"DM-16161",False,"test",0.011710974387824535,0.01172151230275631,0.011711807921528816,0.011712851002812386,0.6752601861953735,0.011718513444066048,0.25444555282592773,0.011718535795807838
"DM-16160",False,"test",0.026976723223924637,0.0,0.025941478088498116,0.0,0.7198634147644043,0.2171134650707245,0.0,0.0
"DM-16131",False,"test",0.0,0.0,0.0,0.0,0.02722604013979435,0.9332277774810791,0.0,0.0
"DM-16127",False,"test",0.868614673614502,0.0,0.0,0.0,0.11212994903326035,0.0,0.0,0.0
"DM-16060",False,"test",0.0,0.0,0.0,0.3107265830039978,0.0,0.22835972905158997,0.44070762395858765,0.0
"DM-16033",False,"test",0.0,0.0,0.2378433346748352,0.0,0.17231102287769318,0.3885889947414398,0.18318313360214233,0.0
"DM-16026",True,"test",0.0,0.08416929095983505,0.0,0.0,0.5457644462585449,0.0,0.0,0.34856173396110535
"DM-16022",True,"test",0.0,0.0,0.0,0.3770551085472107,0.0,0.0,0.0,0.5940302610397339
"DM-16021",True,"test",0.0,0.0,0.0,0.4076140224933624,0.0,0.0,0.0,0.5528253316879272
"DM-16018",False,"test",0.03763376921415329,0.13329516351222992,0.16088932752609253,0.26004770398139954,0.24804121255874634,0.0,0.0,0.15144410729408264
"DM-16017",False,"test",0.0,0.0,0.0,0.0,0.709408700466156,0.0,0.0,0.25303709506988525
"DM-15982",False,"test",0.0,0.0,0.07020589709281921,0.23774617910385132,0.1523302048444748,0.0,0.0,0.5230229496955872
"DM-15974",False,"test",0.011323342099785805,0.01130747515708208,0.011312463320791721,0.011319844052195549,0.5260713696479797,0.011314395815134048,0.011319192126393318,0.40603187680244446
"DM-15923",False,"test",0.0,0.3974369764328003,0.0,0.0,0.0,0.18160317838191986,0.1705934852361679,0.232452392578125
"DM-15920",False,"test",0.0,0.24072550237178802,0.0,0.31468796730041504,0.0,0.40775591135025024,0.0,0.0
"DM-15914",True,"test",0.017702361568808556,0.017714958637952805,0.8759956955909729,0.017719654366374016,0.017715752124786377,0.017731908708810806,0.017695674672722816,0.017724012956023216
"DM-15913",False,"test",0.2710531949996948,0.0,0.17880451679229736,0.0,0.0,0.5311630964279175,0.0,0.0
"DM-15911",False,"test",0.0,0.0,0.0,0.18638929724693298,0.0,0.4563487470149994,0.25038161873817444,0.08960388600826263
"DM-15901",False,"test",0.13389337062835693,0.0,0.0,0.0560261607170105,0.636019766330719,0.0,0.0,0.1597793847322464
"DM-15899",False,"test",0.013909208588302135,0.12259732186794281,0.01390619482845068,0.4162643551826477,0.013926930725574493,0.3915731906890869,0.013920278288424015,0.013902448117733002
"DM-15872",True,"test",0.0,0.0,0.0,0.0,0.5592805743217468,0.0,0.0,0.4117695689201355
"DM-15869",False,"test",0.4871312379837036,0.0,0.0,0.4356899857521057,0.0,0.07252011448144913,0.0,0.0
"DM-15868",False,"test",0.0,0.0,0.05797545239329338,0.0,0.910916268825531,0.0,0.0,0.0
"DM-15855",False,"test",0.025036104023456573,0.025043468922376633,0.025034328922629356,0.31539928913116455,0.025058181956410408,0.5343191027641296,0.025052260607481003,0.025057293474674225
"DM-15854",False,"test",0.24348779022693634,0.026218991726636887,0.026158403605222702,0.19599853456020355,0.026169350370764732,0.02618016116321087,0.02616913802921772,0.42961758375167847
"DM-15836",False,"test",0.0,0.0,0.08196431398391724,0.4449441432952881,0.1581878364086151,0.308219313621521,0.0,0.0
"DM-15826",True,"test",0.0,0.0,0.0,0.6100004315376282,0.0,0.0,0.0,0.36317873001098633
"DM-15823",False,"test",0.0,0.0,0.0,0.3107198178768158,0.30819231271743774,0.06220998615026474,0.0,0.3148573935031891
"DM-15809",False,"test",0.0,0.0,0.1446259617805481,0.0580260269343853,0.0,0.0,0.0,0.7731486558914185
"DM-15790",False,"test",0.050534285604953766,0.0,0.0,0.9215725064277649,0.0,0.0,0.0,0.0
"DM-15787",False,"test",0.02900180220603943,0.028997989371418953,0.029070479795336723,0.7969382405281067,0.028998741880059242,0.028996095061302185,0.028999293223023415,0.028997408226132393
"DM-15772",False,"test",0.015646275132894516,0.01563512533903122,0.015653617680072784,0.01564832217991352,0.890478253364563,0.015656180679798126,0.015639908611774445,0.015642311424016953
"DM-15770",False,"test",0.0,0.2511688768863678,0.0,0.0,0.5859371423721313,0.0,0.0,0.1349201500415802
"DM-15757",False,"test",0.050802867859601974,0.0,0.0,0.0,0.6328075528144836,0.30801457166671753,0.0,0.0
"DM-15743",False,"test",0.014296330511569977,0.014272005297243595,0.01433390099555254,0.49116742610931396,0.014283018186688423,0.014274331741034985,0.42310044169425964,0.01427258551120758
"DM-15724",False,"test",0.01042835135012865,0.45738357305526733,0.010423765517771244,0.010441431775689125,0.010440954938530922,0.010436015203595161,0.010427909903228283,0.4800179898738861
"DM-15721",False,"test",0.025568801909685135,0.0,0.0,0.5272198915481567,0.3020090162754059,0.13537299633026123,0.0,0.0
"DM-15719",False,"test",0.0,0.0,0.0,0.9451410174369812,0.0,0.0,0.0,0.0
"DM-15695",False,"test",0.0,0.0,0.0,0.0,0.34928980469703674,0.4598335325717926,0.0,0.16465674340724945
"DM-15694",True,"test",0.0,0.3431820571422577,0.0,0.3380955755710602,0.0,0.20360860228538513,0.0,0.09424218535423279
"DM-15693",False,"test",0.028068650513887405,0.0,0.0,0.1442868709564209,0.6611855030059814,0.15167056024074554,0.0,0.0
"DM-15686",True,"test",0.0,0.018980413675308228,0.0,0.27134260535240173,0.6952070593833923,0.0,0.0,0.0
"DM-15678",False,"test",0.2545188367366791,0.0,0.0,0.0,0.6877037882804871,0.0,0.0,0.0
"DM-15636",True,"test",0.0,0.0,0.0,0.2409760057926178,0.4980223774909973,0.23939009010791779,0.0,0.0
"DM-15616",False,"test",0.16887429356575012,0.0,0.49361494183540344,0.0,0.21697653830051422,0.11277610063552856,0.0,0.0
"DM-15563",False,"test",0.0,0.0,0.0,0.19877061247825623,0.0,0.6070182919502258,0.0,0.1829688400030136
"DM-15528",False,"test",0.0,0.0,0.0,0.22835198044776917,0.3319004476070404,0.0,0.0,0.42071786522865295
"DM-15510",False,"test",0.07645990699529648,0.0,0.0,0.1639019399881363,0.5145233273506165,0.0,0.0,0.22253595292568207
"DM-15504",False,"test",0.0,0.0,0.0,0.0,0.5171256065368652,0.16210569441318512,0.0,0.30701595544815063
"DM-15500",False,"test",0.0,0.0,0.0,0.0,0.34597545862197876,0.24665823578834534,0.0,0.38905414938926697
"DM-15476",False,"test",0.0,0.0,0.026959067210555077,0.0,0.6648044586181641,0.0,0.06299321353435516,0.23646168410778046
"DM-15438",False,"test",0.0,0.0,0.0,0.44523873925209045,0.0,0.0,0.0,0.5153929591178894
"DM-15431",False,"test",0.0,0.021953057497739792,0.030071580782532692,0.37553152441978455,0.28734010457992554,0.27905377745628357,0.0,0.0
"DM-15424",False,"test",0.0,0.0,0.0,0.1401289701461792,0.5631340742111206,0.1996600329875946,0.0,0.08749429136514664
"DM-15399",False,"test",0.0,0.0,0.0,0.8370924592018127,0.0,0.11282868683338165,0.0,0.0
"DM-15396",False,"test",0.06120887026190758,0.15511365234851837,0.0,0.0957065001130104,0.6617533564567566,0.0,0.01929030567407608,0.0
"DM-15392",False,"test",0.04505564644932747,0.5149510502815247,0.0,0.0,0.4236851930618286,0.0,0.0,0.0
"DM-15381",False,"test",0.4819541275501251,0.07398995757102966,0.07398822903633118,0.07398676872253418,0.07401041686534882,0.07398761808872223,0.07409364730119705,0.07398927956819534
"DM-15371",True,"test",0.011321548372507095,0.011308166198432446,0.011310071684420109,0.011327425017952919,0.011320599354803562,0.9207801818847656,0.011308154091238976,0.011323848739266396
"DM-15370",False,"test",0.0,0.0,0.0,0.3338688611984253,0.0,0.6244034171104431,0.0,0.0
"DM-15368",False,"test",0.0,0.0,0.0,0.1086469516158104,0.46366459131240845,0.4097091555595398,0.0,0.0
"DM-15365",False,"test",0.0,0.0,0.0,0.16813351213932037,0.3350869119167328,0.09878963232040405,0.0,0.36458927392959595
"DM-15364",False,"test",0.09618864953517914,0.0,0.0,0.41306495666503906,0.4698638916015625,0.0,0.0,0.0
"DM-15358",True,"test",0.2421315759420395,0.0,0.0,0.0,0.0,0.7000958919525146,0.0,0.0
"DM-15336",False,"test",0.0,0.0,0.019308798015117645,0.06339246034622192,0.32874244451522827,0.28476595878601074,0.0,0.30044034123420715
"DM-15322",False,"test",0.0,0.0,0.0,0.31165778636932373,0.0,0.20128025114536285,0.2892170548439026,0.17855240404605865
"DM-15310",True,"test",0.0,0.0,0.0,0.29441845417022705,0.6787769198417664,0.0,0.0,0.0
"DM-15276",False,"test",0.0,0.0,0.1444648951292038,0.0,0.8054212927818298,0.0,0.0,0.0
"DM-15272",False,"test",0.0,0.0,0.0,0.0,0.824763834476471,0.0,0.0,0.14096754789352417
"DM-15256",False,"test",0.6534777879714966,0.0,0.0,0.0,0.32565608620643616,0.0,0.0,0.0
"DM-15252",True,"test",0.0,0.0,0.19628332555294037,0.0,0.45103850960731506,0.0,0.0,0.3399010896682739
"DM-15246",True,"test",0.41472339630126953,0.12052201479673386,0.0,0.18740852177143097,0.24153289198875427,0.0,0.0,0.0
"DM-15244",True,"test",0.13169021904468536,0.10976792126893997,0.05816301703453064,0.0,0.537030816078186,0.0,0.0,0.15581874549388885
"DM-15220",False,"test",0.0,0.0,0.0,0.14544335007667542,0.8189159631729126,0.0,0.0,0.0
"DM-15217",False,"test",0.0,0.0682716816663742,0.0,0.0,0.0,0.5218924283981323,0.10230572521686554,0.2839489281177521
"DM-15214",True,"test",0.0,0.0,0.0,0.0,0.3020274341106415,0.6666649580001831,0.0,0.0
"DM-15212",False,"test",0.0,0.0,0.0,0.46762892603874207,0.48814404010772705,0.0,0.0,0.0
"DM-15210",False,"test",0.08129286766052246,0.0,0.0,0.19166529178619385,0.7030215263366699,0.0,0.0,0.0
"DM-15207",True,"test",0.0,0.0,0.0,0.32026585936546326,0.6378505825996399,0.0,0.0,0.0
"DM-15206",True,"test",0.0,0.0,0.19331982731819153,0.14418993890285492,0.42343637347221375,0.0,0.0,0.23139461874961853
"DM-15189",True,"test",0.0,0.0,0.0,0.0,0.7224593758583069,0.25914835929870605,0.0,0.0
"DM-15183",False,"test",0.010373873636126518,0.010380846448242664,0.010375753976404667,0.9273276329040527,0.01038314588367939,0.010387902148067951,0.010381631553173065,0.010389205999672413
"DM-15179",False,"test",0.0,0.0,0.0,0.0,0.33744949102401733,0.0,0.0,0.6183618903160095
"DM-15172",False,"test",0.0,0.0,0.38150057196617126,0.3798174262046814,0.0,0.20202727615833282,0.0,0.0
"DM-15169",True,"test",0.27385514974594116,0.0,0.0,0.0,0.6760352253913879,0.0,0.0,0.0
"DM-15158",False,"test",0.0,0.0,0.0,0.359841912984848,0.25295954942703247,0.0,0.0,0.3642525374889374
"DM-15137",False,"test",0.0,0.0,0.0,0.0,0.5406944751739502,0.39347732067108154,0.0,0.052987292408943176
"DM-15132",False,"test",0.0,0.0,0.28280583024024963,0.5465168952941895,0.09009381383657455,0.0,0.0,0.06899933516979218
"DM-15116",False,"test",0.04847359657287598,0.6606680154800415,0.048479240387678146,0.04847931116819382,0.048481300473213196,0.04847567155957222,0.048472240567207336,0.048470672219991684
"DM-15104",True,"test",0.0,0.0,0.0,0.47792989015579224,0.0,0.48032623529434204,0.0,0.0
"DM-15102",False,"test",0.0,0.0,0.3271455466747284,0.0,0.2997625470161438,0.0,0.34012359380722046,0.0
"DM-15098",True,"test",0.5912914276123047,0.01042892411351204,0.010440999642014503,0.010437346994876862,0.010439206846058369,0.3460882008075714,0.01043233647942543,0.01044151745736599
"DM-15091",False,"test",0.0,0.0,0.0,0.30134671926498413,0.5334932208061218,0.1477203518152237,0.0,0.0
"DM-15090",False,"test",0.14128811657428741,0.13819870352745056,0.0,0.4903629720211029,0.0,0.0,0.0,0.21541550755500793
"DM-15082",False,"test",0.020855920389294624,0.02084503136575222,0.020843656733632088,0.02084902673959732,0.8540236949920654,0.02085760235786438,0.02084379456937313,0.0208812914788723
"DM-15081",False,"test",0.0,0.0,0.0,0.39594554901123047,0.0,0.49801698327064514,0.0,0.08912051469087601
"DM-15080",False,"test",0.0,0.10887257754802704,0.0,0.0,0.19192062318325043,0.6711257100105286,0.0,0.0
"DM-15054",False,"test",0.0,0.39295241236686707,0.0,0.17483685910701752,0.21759557723999023,0.0,0.07610098272562027,0.13347092270851135
"DM-15050",True,"test",0.020862631499767303,0.020927829667925835,0.020850181579589844,0.02088291198015213,0.2955690622329712,0.020869383588433266,0.5791744589805603,0.02086351253092289
"DM-15046",False,"test",0.012512783519923687,0.012508835643529892,0.20234708487987518,0.7225334048271179,0.012524152174592018,0.012513707391917706,0.012520362623035908,0.012539630755782127
"DM-15036",False,"test",0.11415199935436249,0.0,0.0,0.0,0.274349570274353,0.31215032935142517,0.279819518327713,0.0
"DM-15028",False,"test",0.0,0.0,0.0,0.0,0.0,0.5948992967605591,0.0,0.3693311810493469
"DM-15014",False,"test",0.0,0.9370329976081848,0.0,0.0,0.0,0.0,0.0,0.0
"DM-14924",False,"test",0.0,0.12710942327976227,0.35660520195961,0.12451071292161942,0.14086143672466278,0.10765403509140015,0.13875938951969147,0.0
"DM-14922",False,"test",0.19595204293727875,0.6788901090621948,0.020853955298662186,0.02085629664361477,0.020869452506303787,0.02085418440401554,0.020863143727183342,0.020860761404037476
"DM-14919",False,"test",0.3742552101612091,0.0,0.20283088088035583,0.4060627818107605,0.0,0.0,0.0,0.0
"DM-14913",False,"test",0.0,0.2113562375307083,0.0,0.0,0.738560140132904,0.0,0.0,0.0
"DM-14890",False,"test",0.0,0.0,0.0,0.2869197428226471,0.30020928382873535,0.3391578495502472,0.0,0.06305870413780212
"DM-14886",False,"test",0.0,0.0,0.18216674029827118,0.0,0.20283052325248718,0.12061323970556259,0.0,0.4808504283428192
"DM-14862",False,"test",0.0,0.0,0.3204362094402313,0.49765655398368835,0.0,0.0,0.0,0.14710725843906403
"DM-14857",False,"test",0.011107887141406536,0.011106191202998161,0.011105814948678017,0.011115530505776405,0.9222311973571777,0.011114832013845444,0.011109564453363419,0.011109013110399246
"DM-14838",False,"test",0.011379518546164036,0.42517396807670593,0.011378143914043903,0.01138146873563528,0.011381380259990692,0.506157636642456,0.011379595845937729,0.011768301948904991
"DM-14837",False,"test",0.04097166657447815,0.0,0.0,0.3321325182914734,0.128651425242424,0.0,0.04870818555355072,0.43889424204826355
"DM-14834",True,"test",0.019071683287620544,0.0,0.08161789178848267,0.6601935029029846,0.0,0.04518948122859001,0.0,0.188607320189476
"DM-14826",True,"test",0.0,0.04425033554434776,0.0,0.09939432144165039,0.2782484292984009,0.2550971210002899,0.0,0.3108092248439789
"DM-14823",False,"test",0.0,0.0,0.0,0.23939281702041626,0.4640254080295563,0.21137066185474396,0.0,0.0810563787817955
"DM-14819",False,"test",0.0,0.0,0.0,0.0,0.2663618326187134,0.4077586531639099,0.0,0.3157487213611603
"DM-14810",False,"test",0.0,0.0,0.0,0.2587984800338745,0.044703979045152664,0.5989019870758057,0.03135288134217262,0.05926677584648132
"DM-14774",True,"test",0.0,0.0,0.0,0.08827322721481323,0.3422386050224304,0.5492839813232422,0.0,0.0
"DM-14763",False,"test",0.0,0.0,0.1386687457561493,0.4269673228263855,0.08774431049823761,0.25048935413360596,0.0,0.08739987015724182
"DM-14755",False,"test",0.0,0.12262364476919174,0.03929019719362259,0.0,0.5678362250328064,0.1455516368150711,0.0,0.1186332106590271
"DM-14753",True,"test",0.27539634704589844,0.0,0.0,0.0576225221157074,0.6469581723213196,0.017125586047768593,0.0,0.0
"DM-14749",False,"test",0.017869435250759125,0.2009531706571579,0.017871567979454994,0.017873430624604225,0.6917980909347534,0.017879273742437363,0.017879651859402657,0.01787540502846241
"DM-14741",False,"test",0.0,0.40759730339050293,0.0,0.0,0.0,0.33705106377601624,0.2281309813261032,0.0
"DM-14739",False,"test",0.0,0.0,0.0,0.7375934720039368,0.0,0.0,0.24093864858150482,0.0
"DM-14738",False,"test",0.0,0.17700792849063873,0.0,0.7739869952201843,0.0,0.0,0.0,0.0
"DM-14734",False,"test",0.0,0.0,0.0,0.5150598883628845,0.0,0.0,0.0,0.46849513053894043
"DM-14714",False,"test",0.01788092404603958,0.21361638605594635,0.01788729429244995,0.01789211481809616,0.017888488247990608,0.6790742874145508,0.017880508676171303,0.017880002036690712
"DM-14712",True,"test",0.02085890807211399,0.3944603204727173,0.31775856018066406,0.020867442712187767,0.18342502415180206,0.02087312377989292,0.020858159288764,0.020898470655083656
"DM-14710",False,"test",0.20203153789043427,0.0,0.0,0.0,0.7562403082847595,0.0,0.0,0.0
"DM-14709",True,"test",0.5522744059562683,0.025049719959497452,0.025085637345910072,0.025094106793403625,0.02507854625582695,0.02508482150733471,0.2972678244113922,0.025064874440431595
"DM-14704",False,"test",0.12622800469398499,0.2014043778181076,0.0,0.0,0.0,0.5610908269882202,0.0883171483874321,0.0
"DM-14699",False,"test",0.0,0.3606375455856323,0.0,0.0,0.0,0.2340039312839508,0.0,0.36972948908805847
"DM-14681",True,"test",0.0,0.0,0.030984308570623398,0.6404805183410645,0.0,0.31787580251693726,0.0,0.0
"DM-14677",True,"test",0.0,0.1617228090763092,0.0,0.0,0.0,0.7013323307037354,0.0,0.11457020789384842
"DM-14669",True,"test",0.0,0.0,0.0,0.6722449660301208,0.0,0.3068512976169586,0.0,0.0
"DM-14663",True,"test",0.0,0.04081444814801216,0.0,0.05326012149453163,0.4361030161380768,0.3655691146850586,0.010048162192106247,0.08775383234024048
"DM-14646",False,"test",0.24524058401584625,0.025020191445946693,0.025029918178915977,0.025053199380636215,0.21015644073486328,0.02501673437654972,0.4194304347038269,0.02505245991051197
"DM-14637",False,"test",0.0,0.0,0.0,0.15102246403694153,0.3140239119529724,0.21750172972679138,0.16042272746562958,0.1520831137895584
"DM-14635",False,"test",0.0,0.0,0.0,0.0,0.15228493511676788,0.2710779905319214,0.0,0.5605654120445251
"DM-14634",False,"test",0.10421472787857056,0.0,0.0,0.0,0.09624041616916656,0.5294594168663025,0.0761256143450737,0.18427473306655884
"DM-14633",False,"test",0.02564767189323902,0.0,0.0,0.2641754448413849,0.1176622211933136,0.314298540353775,0.15610769391059875,0.11746961623430252
"DM-14625",False,"test",0.0,0.0,0.5528770089149475,0.27223318815231323,0.0,0.14943791925907135,0.0,0.0
"DM-14599",False,"test",0.0,0.0,0.0,0.0,0.7771224975585938,0.0,0.16510015726089478,0.0
"DM-14596",False,"test",0.0,0.0,0.22992387413978577,0.5445348620414734,0.0,0.20764988660812378,0.0,0.0
"DM-14594",False,"test",0.015641450881958008,0.29867908358573914,0.15992023050785065,0.015657715499401093,0.4631601572036743,0.01565154269337654,0.015639981254935265,0.015649855136871338
"DM-14544",False,"test",0.013833969831466675,0.013839424587786198,0.013819114305078983,0.18029269576072693,0.013829958625137806,0.7367414832115173,0.01381723303347826,0.013826142996549606
"DM-14543",False,"test",0.013917133212089539,0.013900110498070717,0.013925500214099884,0.013916241936385632,0.6517093777656555,0.26482999324798584,0.013898822478950024,0.013902894221246243
"DM-14534",False,"test",0.0,0.0,0.0,0.47409501671791077,0.3396984934806824,0.0,0.1700206995010376,0.0
"DM-14520",False,"test",0.2588844895362854,0.0,0.0,0.0,0.40928080677986145,0.27668166160583496,0.04321550205349922,0.0
"DM-14510",False,"test",0.0,0.0,0.0,0.472140908241272,0.0,0.492796927690506,0.0,0.024586109444499016
"DM-14509",False,"test",0.0,0.0,0.0,0.49726882576942444,0.42974111437797546,0.061270445585250854,0.0,0.0
"DM-14508",False,"test",0.017868034541606903,0.01786879263818264,0.01786758564412594,0.01788417622447014,0.27211904525756836,0.017878547310829163,0.01787344180047512,0.6206403374671936
"DM-14497",False,"test",0.0,0.0,0.0,0.4440768361091614,0.12074246257543564,0.4131614565849304,0.0,0.0
"DM-14491",False,"test",0.0,0.0,0.0,0.43176037073135376,0.3191390931606293,0.0,0.0,0.2192278504371643
"DM-14473",False,"test",0.0,0.1974465698003769,0.0,0.0,0.1871173083782196,0.580677330493927,0.0,0.0
"DM-14471",False,"test",0.0,0.0,0.0,0.9675444960594177,0.0,0.0,0.0,0.0
"DM-14467",False,"test",0.07805606722831726,0.05429155379533768,0.0,0.2624313533306122,0.49465999007225037,0.1063680350780487,0.0,0.0
"DM-14440",False,"test",0.4771716296672821,0.0,0.22169022262096405,0.0,0.21654124557971954,0.0,0.06960806995630264,0.0
"DM-14429",False,"test",0.11455508321523666,0.0,0.0,0.0,0.54866623878479,0.0,0.0,0.2886275351047516
"DM-14428",False,"test",0.0,0.3415878713130951,0.10025956481695175,0.09851133078336716,0.3701481521129608,0.0,0.0782257542014122,0.0
"DM-14392",False,"test",0.015641232952475548,0.7581074833869934,0.14799906313419342,0.01563703827559948,0.01566295698285103,0.01563621126115322,0.015676982700824738,0.015639007091522217
"DM-14385",False,"test",0.0,0.0,0.0,0.5900669693946838,0.0,0.0,0.0,0.36297598481178284
"DM-14372",False,"test",0.0,0.0,0.5867499709129333,0.0,0.3690551817417145,0.0,0.0,0.0
"DM-14365",False,"test",0.2086167186498642,0.08848673850297928,0.10623200237751007,0.0,0.0,0.0,0.0,0.5801903009414673
"DM-14359",False,"test",0.0,0.06509935855865479,0.0,0.2968352437019348,0.3454011380672455,0.2866353988647461,0.0,0.0
"DM-14347",False,"test",0.149135559797287,0.41331231594085693,0.021037429571151733,0.02103334292769432,0.02103280834853649,0.021041754633188248,0.33234623074531555,0.021060554310679436
"DM-14336",False,"test",0.010578073561191559,0.4855962097644806,0.0105916578322649,0.01058171596378088,0.4508964419364929,0.010584223084151745,0.01058927271515131,0.01058240421116352
"DM-14333",True,"test",0.020855413749814034,0.02088659070432186,0.020853674039244652,0.02086825482547283,0.24295197427272797,0.6318486332893372,0.020857224240899086,0.020878203213214874
"DM-14319",False,"test",0.01562867872416973,0.8905815482139587,0.01562902331352234,0.015628749504685402,0.015630099922418594,0.01562894880771637,0.01563935913145542,0.01563362404704094
"DM-14311",False,"test",0.012471694499254227,0.012462376616895199,0.012459118850529194,0.9127174615859985,0.012480217963457108,0.01247812993824482,0.012459561228752136,0.012471428140997887
"DM-14307",False,"test",0.0,0.0,0.0,0.3280053436756134,0.14340539276599884,0.4385254383087158,0.07981912046670914,0.0
"DM-14292",True,"test",0.03127941116690636,0.03126854822039604,0.031256675720214844,0.0312541164457798,0.7811384201049805,0.031257644295692444,0.03125228360295296,0.03129292279481888
"DM-14289",True,"test",0.0,0.0,0.0,0.0,0.4473605453968048,0.4180954694747925,0.0,0.12054559588432312
"DM-14275",True,"test",0.0,0.0,0.0,0.36297422647476196,0.5974900722503662,0.0,0.0,0.0
"DM-14239",False,"test",0.010448203422129154,0.01043007057160139,0.010424422100186348,0.5404457449913025,0.010437161661684513,0.3969511091709137,0.01042349822819233,0.01043980848044157
"DM-14237",False,"test",0.0,0.0,0.0,0.0,0.9713848233222961,0.0,0.0,0.0
"DM-14236",False,"test",0.0,0.0,0.0,0.0,0.6324213147163391,0.3282362222671509,0.0,0.0
"DM-14229",False,"test",0.0,0.0,0.0,0.885589599609375,0.0,0.07867858558893204,0.0,0.0
"DM-14225",False,"test",0.0,0.0,0.0,0.0,0.5534049868583679,0.13748127222061157,0.0,0.2998088598251343
"DM-14220",False,"test",0.020878305658698082,0.5083774328231812,0.020854933187365532,0.02088952623307705,0.020915711298584938,0.020893746986985207,0.3663122355937958,0.02087806537747383
"DM-14214",False,"test",0.24361568689346313,0.0,0.0,0.0,0.6108463406562805,0.122958242893219,0.0,0.0
"DM-14198",False,"test",0.0,0.08574294298887253,0.2279154509305954,0.3358406126499176,0.0,0.0,0.0,0.31711146235466003
"DM-14172",True,"test",0.0,0.0,0.07853816449642181,0.3682091236114502,0.34208443760871887,0.20001256465911865,0.0,0.0
"DM-14170",False,"test",0.0,0.0,0.0,0.1320435255765915,0.0,0.836156964302063,0.0,0.0
"DM-14157",False,"test",0.0,0.0,0.0,0.3815595507621765,0.16112317144870758,0.11453507095575333,0.0,0.33190932869911194
"DM-14155",False,"test",0.0,0.0,0.0,0.0,0.8183098435401917,0.1618865728378296,0.0,0.0
"DM-14127",False,"test",0.01137271523475647,0.5819858312606812,0.01138731837272644,0.011389762163162231,0.011382284574210644,0.2095239758491516,0.011374425143003464,0.15158364176750183
"DM-14118",False,"test",0.12856478989124298,0.07231725007295609,0.04390192776918411,0.46630343794822693,0.0,0.2767499089241028,0.0,0.0
"DM-14079",False,"test",0.3142647445201874,0.0,0.4275621771812439,0.0,0.0,0.0,0.0,0.2231930047273636
"DM-14072",False,"test",0.1499716192483902,0.0,0.0,0.44646182656288147,0.16289827227592468,0.11400842666625977,0.0,0.11359474062919617
"DM-14063",True,"test",0.0,0.0,0.0,0.0,0.0,0.9662901163101196,0.0,0.0
"DM-14058",False,"test",0.0,0.0,0.0,0.3701007664203644,0.0,0.0,0.0,0.6186779737472534
"DM-14030",True,"test",0.0,0.0,0.0,0.5438463091850281,0.44837871193885803,0.0,0.0,0.0
"DM-14018",True,"test",0.0,0.0,0.0,0.11387571692466736,0.20411595702171326,0.27253031730651855,0.0,0.39859557151794434
"DM-14016",False,"test",0.0,0.0,0.018218103796243668,0.5509560704231262,0.20055510103702545,0.0,0.0,0.22467966377735138
"DM-14014",False,"test",0.0,0.03806186467409134,0.18893368542194366,0.2864253520965576,0.24132029712200165,0.0,0.0,0.23401859402656555
"DM-14009",False,"test",0.0,0.0,0.0,0.0,0.0,0.0,0.0,0.9543389678001404
"DM-13971",False,"test",0.017211394384503365,0.017210371792316437,0.017202680930495262,0.34885865449905396,0.5477738976478577,0.017251569777727127,0.017245477065443993,0.01724592037498951
"DM-13960",False,"test",0.020873097702860832,0.23024897277355194,0.020848875865340233,0.02087721973657608,0.02087073214352131,0.020875556394457817,0.6445307731628418,0.020874790847301483
"DM-13959",False,"test",0.04169364646077156,0.04168834909796715,0.041672371327877045,0.04167807102203369,0.7081330418586731,0.0416804738342762,0.04168659821152687,0.04176744446158409
"DM-13956",False,"test",0.515251874923706,0.013496007770299911,0.4036819338798523,0.013519124127924442,0.013519471511244774,0.013517607934772968,0.013503962196409702,0.013510012067854404
"DM-13955",False,"test",0.04167873412370682,0.041668601334095,0.04167376086115837,0.041673146188259125,0.04167550429701805,0.0416715107858181,0.7082892656326294,0.041669465601444244
"DM-13953",False,"test",0.37899577617645264,0.01391180232167244,0.013911005109548569,0.013911258429288864,0.01395714282989502,0.537505567073822,0.013901402242481709,0.013906036503612995
"DM-13949",False,"test",0.0,0.0,0.0,0.0,0.33243125677108765,0.5466155409812927,0.05531405285000801,0.05223347246646881
"DM-13912",True,"test",0.0,0.0,0.0,0.4068623185157776,0.47829949855804443,0.10646617412567139,0.0,0.0
"DM-13911",True,"test",0.0,0.0,0.0,0.36301517486572266,0.6148937344551086,0.0,0.0,0.0
"DM-13896",False,"test",0.17475852370262146,0.11196678131818771,0.0,0.0,0.0,0.3576880991458893,0.07354505360126495,0.2641075551509857
"DM-13895",False,"test",0.9131910800933838,0.012419608421623707,0.012392155826091766,0.012420674785971642,0.01239835936576128,0.01241317018866539,0.012384435161948204,0.012380526401102543
"DM-13892",False,"test",0.11528350412845612,0.12744364142417908,0.0,0.0,0.7090470790863037,0.0,0.0,0.0
"DM-13875",False,"test",0.0,0.0,0.0,0.0,0.300079882144928,0.6529678702354431,0.0,0.0
"DM-13873",False,"test",0.0,0.0,0.0,0.17035847902297974,0.0,0.8075504899024963,0.0,0.0
"DM-13872",False,"test",0.0,0.0,0.0,0.6681810617446899,0.3040061593055725,0.0,0.0,0.0
"DM-13850",False,"test",0.29112324118614197,0.187796950340271,0.0,0.0,0.0,0.48629167675971985,0.0,0.0
"DM-13849",False,"test",0.0,0.0,0.03358209505677223,0.0,0.08148687332868576,0.870453953742981,0.0,0.0
"DM-13843",False,"test",0.012416509911417961,0.012414518743753433,0.012411816976964474,0.9130281805992126,0.012445815838873386,0.012422380037605762,0.012432406656444073,0.012428399175405502
"DM-13842",False,"test",0.011374207213521004,0.011368750594556332,0.011370879597961903,0.011372171342372894,0.9203896522521973,0.011375688016414642,0.011368399485945702,0.011380274780094624
"DM-13834",False,"test",0.0,0.0,0.0,0.05731784179806709,0.4001463055610657,0.2507937550544739,0.0,0.2760790288448334
"DM-13833",False,"test",0.1703488826751709,0.5819844007492065,0.0,0.0,0.0,0.21472418308258057,0.0,0.0
"DM-13823",False,"test",0.0,0.0,0.0,0.6375002861022949,0.0,0.3155118227005005,0.0,0.0
"DM-13813",False,"test",0.0785587877035141,0.030699146911501884,0.10688050836324692,0.37748095393180847,0.2039133757352829,0.19835403561592102,0.0,0.0
"DM-13812",False,"test",0.13750280439853668,0.0,0.0,0.0,0.5412094593048096,0.29808309674263,0.0,0.0
"DM-13806",True,"test",0.3536173105239868,0.0,0.0,0.0,0.4434089958667755,0.0,0.0,0.1546594798564911
"DM-13797",True,"test",0.0,0.0,0.0,0.15619584918022156,0.24452586472034454,0.0,0.0,0.5808695554733276
"DM-13790",True,"test",0.07502187788486481,0.0,0.0,0.15277618169784546,0.2733582556247711,0.0,0.0,0.48587852716445923
"DM-13771",False,"test",0.0,0.0,0.0,0.3295990824699402,0.24943479895591736,0.0,0.02687039040029049,0.38364675641059875
"DM-13768",True,"test",0.0,0.22415436804294586,0.0,0.0,0.29129478335380554,0.0,0.0,0.4661312997341156
"DM-13762",False,"test",0.0,0.0,0.0,0.16113199293613434,0.1923557072877884,0.5777657628059387,0.05377264693379402,0.0
"DM-13757",False,"test",0.5023378729820251,0.0,0.0,0.0,0.0,0.48200497031211853,0.0,0.0
"DM-13756",False,"test",0.012521938420832157,0.012515945360064507,0.012513653375208378,0.012549606151878834,0.012516994960606098,0.9123343825340271,0.012521171942353249,0.012526318430900574
"DM-13750",False,"test",0.0,0.0,0.08483872562646866,0.0,0.7232752442359924,0.0,0.0,0.17167921364307404
"DM-13724",False,"test",0.025082111358642578,0.0250574741512537,0.025037821382284164,0.8246073126792908,0.02504982054233551,0.025067497044801712,0.02505171112716198,0.025046302005648613
"DM-13696",False,"test",0.0,0.0,0.0,0.4490501582622528,0.38511136174201965,0.0,0.0,0.153508260846138
"DM-13692",False,"test",0.0,0.0,0.0,0.5112744569778442,0.2315056324005127,0.2415536791086197,0.0,0.0
"DM-13687",False,"test",0.0,0.1719375103712082,0.0,0.08114093542098999,0.06610672175884247,0.6727217435836792,0.0,0.0
"DM-13686",True,"test",0.1137116476893425,0.0,0.2304961085319519,0.2421313375234604,0.3916715681552887,0.0,0.0,0.0
"DM-13671",False,"test",0.0,0.06140662729740143,0.0,0.0,0.0,0.7693679332733154,0.0,0.14965113997459412
"DM-13655",False,"test",0.0,0.0,0.44337669014930725,0.47682568430900574,0.06452431529760361,0.0,0.0,0.0
"DM-13653",False,"test",0.04892910644412041,0.0,0.0,0.0,0.47358691692352295,0.4670436680316925,0.0,0.0
"DM-13651",False,"test",0.07403326779603958,0.13180877268314362,0.0,0.2390889674425125,0.17264311015605927,0.33523502945899963,0.0425196997821331,0.0
"DM-13649",False,"test",0.011376542039215565,0.6488341093063354,0.011375105008482933,0.28289586305618286,0.011380926705896854,0.011378463357686996,0.01137539092451334,0.01138362754136324
"DM-13648",False,"test",0.0,0.9446671009063721,0.0,0.0,0.0,0.0,0.0,0.0
"DM-13637",True,"test",0.07821988314390182,0.0,0.08868338912725449,0.6230857372283936,0.0,0.2006096988916397,0.0,0.0
"DM-13633",False,"test",0.36283349990844727,0.010433261282742023,0.0104263536632061,0.010437224991619587,0.5745519995689392,0.010434378869831562,0.010432552546262741,0.010450784116983414
"DM-13632",False,"test",0.15809082984924316,0.16743335127830505,0.0,0.0,0.43034154176712036,0.0,0.09103342145681381,0.14362403750419617
"DM-13627",False,"test",0.0,0.0,0.0,0.0,0.5488179326057434,0.17178115248680115,0.0,0.2312384843826294
"DM-13623",False,"test",0.0,0.6709063053131104,0.0,0.15835446119308472,0.13940061628818512,0.0,0.0,0.0
"DM-13621",True,"test",0.01771358959376812,0.017717711627483368,0.15436376631259918,0.01774328574538231,0.40896904468536377,0.01775008626282215,0.01773722842335701,0.3480052947998047
"DM-13612",False,"test",0.09730592370033264,0.29065197706222534,0.0,0.0,0.27831900119781494,0.0,0.10039550065994263,0.2215157002210617
"DM-13609",False,"test",0.0,0.0,0.0,0.0,0.5828163027763367,0.0,0.1373903751373291,0.26399898529052734
"DM-13588",False,"test",0.0,0.0,0.0,0.0,0.3698469400405884,0.0,0.0,0.5906333923339844
"DM-13575",False,"test",0.0,0.0,0.0,0.0,0.0,0.9538533687591553,0.0,0.0
"DM-13570",False,"test",0.0,0.0,0.0,0.0,0.6239194273948669,0.0,0.34205418825149536,0.0
"DM-13566",False,"test",0.018279563635587692,0.46836185455322266,0.018237419426441193,0.2258669137954712,0.21453307569026947,0.01824166253209114,0.01824342831969261,0.018236126750707626
"DM-13552",False,"test",0.0,0.0,0.0,0.4661857485771179,0.19913600385189056,0.2933531701564789,0.03117104433476925,0.0
"DM-13535",False,"test",0.0,0.0,0.0,0.0,0.5847868919372559,0.4007664918899536,0.0,0.0
"DM-13534",False,"test",0.0,0.0,0.07304058969020844,0.15406852960586548,0.0,0.7469246983528137,0.0,0.0
"DM-13521",False,"test",0.0,0.0,0.0,0.38161155581474304,0.18172505497932434,0.3568066656589508,0.0,0.06420903652906418
"DM-13520",False,"test",0.0,0.0,0.0,0.868666410446167,0.0,0.09563809633255005,0.0,0.0
"DM-13519",False,"test",0.11784856766462326,0.0,0.0,0.0,0.37398141622543335,0.38673135638237,0.0,0.10989270359277725
"DM-13518",False,"test",0.0,0.0,0.0,0.0,0.20581546425819397,0.7429010272026062,0.0,0.0
"DM-13509",False,"test",0.5516170263290405,0.0,0.0,0.0,0.0,0.29470810294151306,0.0,0.1325780302286148
"DM-13507",False,"test",0.0,0.0,0.0,0.0,0.3585527241230011,0.5014219284057617,0.0,0.13254901766777039
"DM-13492",False,"test",0.0,0.0,0.0,0.0,0.6921659708023071,0.28873032331466675,0.0,0.0
"DM-13491",False,"test",0.0,0.0,0.0,0.46117648482322693,0.377157062292099,0.0,0.0,0.1414729654788971
"DM-13472",False,"test",0.0,0.0,0.0,0.5926994681358337,0.0,0.1391690969467163,0.22427693009376526,0.0
"DM-13470",True,"test",0.0,0.0,0.0,0.5131362676620483,0.20773355662822723,0.26779428124427795,0.0,0.0
"DM-13459",False,"test",0.0,0.08102617412805557,0.0,0.0,0.21445338428020477,0.0,0.6760287880897522,0.0
"DM-13419",False,"test",0.011376230977475643,0.01137557066977024,0.011371981352567673,0.011373145505785942,0.011378058232367039,0.011374250054359436,0.01137356273829937,0.920377254486084
"DM-13410",True,"test",0.0,0.0,0.0,0.6605355739593506,0.16733016073703766,0.0,0.0,0.14614827930927277
"DM-13404",False,"test",0.0,0.0,0.0,0.3968202769756317,0.5790910124778748,0.0,0.0,0.0
"DM-13399",False,"test",0.0,0.0,0.0,0.9503431916236877,0.0,0.0,0.0,0.0
"DM-13396",False,"test",0.0,0.0,0.0,0.5615987181663513,0.33052313327789307,0.07212865352630615,0.028946800157427788,0.0
"DM-13382",False,"test",0.0,0.0,0.0,0.3121904134750366,0.0,0.0,0.0,0.6600073575973511
"DM-13378",False,"test",0.017888719215989113,0.2716551423072815,0.017864610999822617,0.01787474937736988,0.017883142456412315,0.017877653241157532,0.21156731247901917,0.4273886978626251
"DM-13374",False,"test",0.0,0.0,0.0,0.0,0.5682554244995117,0.3900172710418701,0.0,0.0
"DM-13370",False,"test",0.2534245252609253,0.0,0.0,0.0,0.0,0.5287569761276245,0.0,0.17602717876434326
"DM-13358",False,"test",0.317528635263443,0.020855331793427467,0.020842907950282097,0.020845817402005196,0.5572741627693176,0.020911624655127525,0.02086178958415985,0.020879747346043587
"DM-13351",False,"test",0.0,0.2610063850879669,0.7049869894981384,0.0,0.0,0.0,0.0,0.0
"DM-13350",False,"test",0.0,0.0,0.0,0.0,0.30290865898132324,0.662895917892456,0.0,0.0
"DM-13345",False,"test",0.0,0.0,0.0,0.7151334285736084,0.0,0.23265375196933746,0.0,0.03768933564424515
"DM-13339",False,"test",0.18803702294826508,0.26107197999954224,0.0,0.0,0.0,0.5252395868301392,0.0,0.0
"DM-13326",False,"test",0.014173814095556736,0.0,0.0,0.5840403437614441,0.10188819468021393,0.23165220022201538,0.06493798643350601,0.0
"DM-13317",False,"test",0.0,0.0,0.0,0.18759077787399292,0.4073657989501953,0.0,0.0,0.3986498713493347
"DM-13309",False,"test",0.0,0.01936594769358635,0.027888251468539238,0.27282318472862244,0.6433530449867249,0.0,0.0,0.0344218835234642
"DM-13302",False,"test",0.0,0.0,0.0,0.0,0.6129411458969116,0.3065564036369324,0.0,0.06734023243188858
"DM-13301",False,"test",0.0,0.0,0.04626178741455078,0.0,0.7954171895980835,0.1544511467218399,0.0,0.0
"DM-13270",False,"test",0.0,0.0,0.0,0.0,0.9451911449432373,0.0,0.0,0.0
"DM-13253",False,"test",0.0,0.0,0.0,0.5288655757904053,0.11465360969305038,0.3280329704284668,0.0,0.0
"DM-13242",False,"test",0.0,0.04110201448202133,0.6410144567489624,0.07946781069040298,0.162261962890625,0.07369338721036911,0.0,0.0
"DM-13234",False,"test",0.010486400686204433,0.2637701630592346,0.12377027422189713,0.09967747330665588,0.4708496332168579,0.010482284240424633,0.010480300523340702,0.010483445599675179
"DM-13232",False,"test",0.3744542896747589,0.0,0.2605181336402893,0.0,0.35119470953941345,0.0,0.0,0.0
"DM-13214",True,"test",0.11331149190664291,0.0,0.0,0.09930343180894852,0.3619762659072876,0.4118170142173767,0.0,0.0
"DM-13202",True,"test",0.0,0.0,0.0,0.0,0.0,0.879875898361206,0.0,0.10601745545864105
"DM-13196",False,"test",0.0,0.0,0.0,0.0,0.6034102439880371,0.0,0.0,0.37500253319740295
"DM-13187",False,"test",0.027302060276269913,0.0,0.0,0.06862965226173401,0.20793543756008148,0.6371998190879822,0.05215395987033844,0.0
"DM-13166",False,"test",0.0,0.0,0.0,0.0,0.6162193417549133,0.339607834815979,0.0,0.0
"DM-13162",False,"test",0.0,0.0,0.0,0.8527782559394836,0.0,0.0,0.0,0.12043039500713348
"DM-13153",False,"test",0.011376229114830494,0.01137557066977024,0.011371981352567673,0.011373145505785942,0.011378034949302673,0.011374250054359436,0.01137356273829937,0.920377254486084
"DM-13129",False,"test",0.0,0.0,0.6298099756240845,0.3605836033821106,0.0,0.0,0.0,0.0
"DM-13116",False,"test",0.0,0.0,0.0,0.22739407420158386,0.5031693577766418,0.24870996177196503,0.0,0.0
"DM-13096",False,"test",0.0,0.09978792816400528,0.0,0.0,0.0,0.8673635721206665,0.0,0.0
"DM-13095",False,"test",0.02428603358566761,0.02418774552643299,0.024182330816984177,0.024172654375433922,0.548699140548706,0.3061114251613617,0.024173839017748833,0.024186881259083748
"DM-13084",False,"test",0.034667667001485825,0.0,0.0,0.355616956949234,0.4434555470943451,0.0,0.016226882115006447,0.1465541571378708
"DM-13083",False,"test",0.0,0.3062231242656708,0.6501895189285278,0.0,0.0,0.0,0.0,0.0
"DM-13082",False,"test",0.010211382992565632,0.010214928537607193,0.010212000459432602,0.7612881064414978,0.010223676450550556,0.17741674184799194,0.010217209346592426,0.01021597720682621
"DM-13081",False,"test",0.0,0.14661799371242523,0.0,0.4646189212799072,0.0,0.3537486791610718,0.0,0.0
"DM-13080",True,"test",0.0,0.0,0.0,0.0,0.5168882608413696,0.2828954756259918,0.0,0.1812284290790558
"DM-13042",False,"test",0.0,0.13037553429603577,0.0,0.0,0.25027918815612793,0.5680772066116333,0.03864755481481552,0.0
"DM-13038",False,"test",0.07738932222127914,0.0,0.04743624106049538,0.09378713369369507,0.06420127302408218,0.0,0.0,0.7092478275299072
"DM-12994",True,"test",0.09706100076436996,0.0,0.13348472118377686,0.0,0.3377849757671356,0.0,0.0,0.41292575001716614
"DM-12993",False,"test",0.0,0.0,0.11467161774635315,0.0,0.0,0.0,0.0,0.8410796523094177
"DM-12981",True,"test",0.0,0.0,0.0,0.0,0.2025309056043625,0.5707548260688782,0.0,0.19420059025287628
"DM-12980",False,"test",0.48598146438598633,0.0,0.0,0.0,0.0,0.0,0.0,0.4562470614910126
"DM-12972",True,"test",0.0,0.0,0.15460509061813354,0.5369149446487427,0.0,0.277161180973053,0.0,0.0
"DM-12957",False,"test",0.02186085656285286,0.8469799160957336,0.021860983222723007,0.02186138741672039,0.02185944840312004,0.021858133375644684,0.021860433742403984,0.02185882069170475
"DM-12937",False,"test",0.0,0.0,0.0,0.24577578902244568,0.5108386278152466,0.21876047551631927,0.0,0.0
"DM-12920",True,"test",0.0,0.0,0.0,0.0,0.9582155346870422,0.0,0.0,0.0
"DM-12912",False,"test",0.011329539120197296,0.01133202575147152,0.011320075951516628,0.8033767938613892,0.12862811982631683,0.011323541402816772,0.01134860422462225,0.011341343633830547
"DM-12881",False,"test",0.5023835301399231,0.02089693397283554,0.3722248077392578,0.02090585231781006,0.020908448845148087,0.020912904292345047,0.020885726436972618,0.020881811156868935
"DM-12879",False,"test",0.0,0.0,0.0,0.7078315019607544,0.0,0.25564807653427124,0.0,0.0
"DM-12877",False,"test",0.0,0.0,0.0,0.0,0.0,0.894910991191864,0.0,0.07979937642812729
"DM-12876",False,"test",0.164349764585495,0.0,0.0,0.0,0.4576442241668701,0.34821799397468567,0.0,0.0
"DM-12867",False,"test",0.0,0.0,0.0,0.0,0.7449321150779724,0.0,0.0,0.2273864895105362
"DM-12851",False,"test",0.0,0.0,0.0,0.0,0.7320727109909058,0.25759977102279663,0.0,0.0
"DM-12848",False,"test",0.0,0.0,0.11631913483142853,0.42232584953308105,0.2095128893852234,0.24362538754940033,0.0,0.0
"DM-12818",False,"test",0.0,0.0,0.0,0.11792724579572678,0.18998800218105316,0.4131937026977539,0.06589104980230331,0.2044658064842224
"DM-12797",False,"test",0.0,0.0,0.0,0.658697783946991,0.0,0.0,0.0,0.31444284319877625
"DM-12776",True,"test",0.05754898488521576,0.060732822865247726,0.0,0.16308030486106873,0.6640973091125488,0.0,0.0,0.04561172053217888
"DM-12764",False,"test",0.0,0.0957990288734436,0.0,0.0,0.40098634362220764,0.0,0.0,0.4906260669231415
"DM-12740",False,"test",0.0,0.0,0.9512718915939331,0.0,0.0,0.0,0.0,0.0
"DM-12689",False,"test",0.031305499374866486,0.03130505979061127,0.3072124719619751,0.03130558505654335,0.031310077756643295,0.031339868903160095,0.504859209060669,0.03136226162314415
"DM-12668",True,"test",0.0,0.013346884399652481,0.08237983286380768,0.0,0.5861625671386719,0.3072986900806427,0.0,0.0
"DM-12658",False,"test",0.0,0.0,0.0,0.5661413073539734,0.4151450991630554,0.0,0.0,0.0
"DM-12620",True,"test",0.0,0.0,0.0,0.0,0.7292507290840149,0.0,0.0,0.24865072965621948
"DM-12618",False,"test",0.0,0.0,0.06790634989738464,0.026262106373906136,0.5015202760696411,0.0,0.0,0.3916575014591217
"DM-12602",False,"test",0.0,0.0,0.0,0.41113272309303284,0.0,0.557405412197113,0.0,0.0
"DM-12596",False,"test",0.012562314048409462,0.23572614789009094,0.22009992599487305,0.48130303621292114,0.012577562592923641,0.012576761655509472,0.012576889246702194,0.012577317655086517
"DM-12593",False,"test",0.012614894658327103,0.012610944919288158,0.012612069956958294,0.01263286080211401,0.40915706753730774,0.5151330828666687,0.012623114511370659,0.012615996412932873
"DM-12592",True,"test",0.011379877105355263,0.10478590428829193,0.011380285955965519,0.011383905075490475,0.011390216648578644,0.5482046604156494,0.2900886535644531,0.011386517435312271
"DM-12566",False,"test",0.0,0.0,0.0,0.0,0.9601682424545288,0.0,0.0,0.0
"DM-12551",False,"test",0.0,0.0,0.0,0.6966035962104797,0.0,0.0,0.039604756981134415,0.24708513915538788
"DM-12527",False,"test",0.0412861593067646,0.3529818654060364,0.5918096899986267,0.0,0.0,0.0,0.0,0.0
"DM-12524",True,"test",0.0352652370929718,0.0,0.0,0.6671589016914368,0.13421416282653809,0.15192705392837524,0.0,0.0
"DM-12521",False,"test",0.04198259860277176,0.7072111368179321,0.04184519499540329,0.04173433780670166,0.04176083207130432,0.04170021414756775,0.041761141270399094,0.04200456663966179
"DM-12517",False,"test",0.0,0.0,0.03546180948615074,0.42884790897369385,0.4828895032405853,0.03958376869559288,0.0,0.0
"DM-12514",False,"test",0.0724918320775032,0.0,0.11756189912557602,0.0,0.7797512412071228,0.0,0.0,0.0
"DM-12466",False,"test",0.08548549562692642,0.0,0.0,0.3991304934024811,0.0,0.27005621790885925,0.21574795246124268,0.0
"DM-12465",False,"test",0.01043002400547266,0.010429954156279564,0.010441710241138935,0.5299076437950134,0.010432440787553787,0.010431584902107716,0.4074922502040863,0.010434416122734547
"DM-12452",True,"test",0.0,0.0,0.15643665194511414,0.25870588421821594,0.3555285930633545,0.0,0.0,0.20400168001651764
"DM-12450",False,"test",0.0,0.0,0.06901220977306366,0.1671847701072693,0.3611809313297272,0.38883474469184875,0.0,0.0
"DM-12447",False,"test",0.010060010477900505,0.010046204552054405,0.010053666308522224,0.010051443241536617,0.664323091506958,0.010053366422653198,0.010055032558739185,0.2753572165966034
"DM-12445",True,"test",0.065647654235363,0.04662875831127167,0.0,0.6078166365623474,0.0,0.16075655817985535,0.11288247257471085,0.0
"DM-12426",True,"test",0.0,0.0,0.0,0.0,0.9374452233314514,0.0,0.0,0.0
"DM-12424",False,"test",0.0,0.0,0.0,0.0,0.9601585865020752,0.0,0.0,0.0
"DM-12422",False,"test",0.0,0.0,0.0,0.5866400599479675,0.38653093576431274,0.0,0.0,0.0
"DM-12417",False,"test",0.0,0.0,0.0,0.9561586380004883,0.0,0.0,0.0,0.0
"DM-12415",False,"test",0.3619667589664459,0.0,0.0,0.0,0.16440267860889435,0.43610143661499023,0.0,0.0
"DM-12409",False,"test",0.020846614614129066,0.020853281021118164,0.020844146609306335,0.020854927599430084,0.020879486575722694,0.020890722051262856,0.8539679646492004,0.020862892270088196
"DM-12405",False,"test",0.02502238005399704,0.025018030777573586,0.025020865723490715,0.8248433470726013,0.02502240426838398,0.02502325363457203,0.025030318647623062,0.025019440799951553
"DM-12404",True,"test",0.10999394953250885,0.0,0.0,0.0,0.6931113004684448,0.17602483928203583,0.0,0.0
"DM-12390",False,"test",0.06085394695401192,0.0,0.10748927295207977,0.2878202497959137,0.08813226968050003,0.4494250416755676,0.0,0.0
"DM-12363",False,"test",0.024240678176283836,0.18767713010311127,0.024245476350188255,0.29663699865341187,0.024251995608210564,0.02423412725329399,0.024236319586634636,0.39447730779647827
"DM-12304",False,"test",0.0,0.08012369275093079,0.0,0.22081856429576874,0.48390063643455505,0.20872648060321808,0.0,0.0
"DM-12270",False,"test",0.12968158721923828,0.0,0.0,0.29675614833831787,0.3447784185409546,0.0,0.0,0.21308927237987518
"DM-12256",False,"test",0.4074617624282837,0.0,0.0,0.0,0.0,0.5566673278808594,0.0,0.0
"DM-12254",False,"test",0.04326165094971657,0.15245480835437775,0.0,0.0,0.28690099716186523,0.5035299062728882,0.0,0.0
"DM-12248",False,"test",0.0,0.0,0.0,0.09396781027317047,0.2855890989303589,0.32792890071868896,0.0,0.2874552309513092
"DM-12233",False,"test",0.0,0.0,0.0,0.0,0.652563214302063,0.33406397700309753,0.0,0.0
"DM-12230",False,"test",0.0,0.0,0.5162402391433716,0.23632468283176422,0.0,0.22051332890987396,0.0,0.0
"DM-12206",False,"test",0.46771886944770813,0.0,0.0,0.0,0.0,0.4905027747154236,0.0,0.0
"DM-12204",False,"test",0.12443453073501587,0.0,0.0,0.0,0.5983542203903198,0.0,0.25759053230285645,0.0
"DM-12184",True,"test",0.010374174453318119,0.0,0.042452916502952576,0.36102864146232605,0.2773166000843048,0.18107308447360992,0.03708815202116966,0.08993617445230484
"DM-12173",False,"test",0.0,0.0,0.0,0.550482988357544,0.07949841767549515,0.3510538339614868,0.0,0.0
"DM-12135",False,"test",0.0,0.0,0.08078056573867798,0.0,0.9003286957740784,0.0,0.0,0.0
"DM-12127",False,"test",0.030771970748901367,0.030691707506775856,0.030767075717449188,0.03064277395606041,0.030667848885059357,0.03067876026034355,0.030633321031928062,0.7851464748382568
"DM-12103",False,"test",0.0,0.0,0.0,0.5912089347839355,0.03134803846478462,0.24821068346500397,0.020048227161169052,0.1040227934718132
"DM-12101",False,"test",0.24183599650859833,0.012536419555544853,0.012555550783872604,0.012537665665149689,0.01254082378000021,0.012553217820823193,0.3560355603694916,0.33940473198890686
"DM-12089",False,"test",0.0,0.0,0.0,0.0,0.33431369066238403,0.4455195367336273,0.0,0.2045130729675293
"DM-12070",False,"test",0.0,0.0,0.0,0.0,0.7421377301216125,0.21173101663589478,0.0,0.0
"DM-12053",True,"test",0.0,0.26757389307022095,0.0,0.2384498417377472,0.0,0.13303370773792267,0.0,0.3436684012413025
"DM-12044",False,"test",0.031280409544706345,0.03132440522313118,0.03127656131982803,0.031300678849220276,0.03131749853491783,0.3782707154750824,0.4339548647403717,0.031274911016225815
"DM-12040",False,"test",0.0,0.0,0.0,0.6901690363883972,0.29334691166877747,0.0,0.0,0.0
"DM-12038",False,"test",0.0,0.0,0.0,0.0,0.23807309567928314,0.5842040181159973,0.0,0.15622258186340332
"DM-12035",False,"test",0.2906806170940399,0.0,0.0,0.0,0.4351549446582794,0.025852518156170845,0.0,0.23918521404266357
"DM-12006",False,"test",0.0,0.0,0.10570718348026276,0.4295775592327118,0.3925091326236725,0.0,0.0,0.06290052086114883
"DM-11974",False,"test",0.0,0.0,0.0,0.0,0.6572103500366211,0.3027358651161194,0.0,0.0
"DM-11969",False,"test",0.16555003821849823,0.0,0.0,0.0,0.3011013865470886,0.0,0.3073347210884094,0.19463975727558136
"DM-11957",True,"test",0.0,0.0,0.0,0.2055172324180603,0.22256405651569366,0.14960837364196777,0.0,0.40669625997543335
"DM-11921",False,"test",0.0,0.0,0.0,0.0,0.8155621290206909,0.1531342715024948,0.0,0.0
"DM-11910",False,"test",0.0,0.0,0.0,0.30570274591445923,0.047540199011564255,0.6376845240592957,0.0,0.0
"DM-11907",False,"test",0.0,0.0,0.08267512172460556,0.0,0.0,0.7961321473121643,0.0,0.07914569228887558
"DM-11902",False,"test",0.0,0.35496628284454346,0.3082067370414734,0.0,0.0,0.3163662850856781,0.0,0.0
"DM-11894",False,"test",0.0,0.0,0.0,0.0,0.8399150967597961,0.0,0.0,0.10998214781284332
"DM-11886",False,"test",0.0,0.0,0.2174629122018814,0.0,0.0,0.0,0.7289156913757324,0.0
"DM-11866",True,"test",0.0,0.0,0.0,0.3712698817253113,0.5445404648780823,0.0,0.0,0.07440780848264694
"DM-11862",False,"test",0.627833902835846,0.010957697406411171,0.0,0.2876332700252533,0.0706099346280098,0.0,0.0,0.0
"DM-11856",False,"test",0.0,0.08256326615810394,0.0,0.0,0.0,0.7652755975723267,0.1236971989274025,0.0
"DM-11814",False,"test",0.0,0.0,0.15516825020313263,0.0,0.4390242397785187,0.09374100714921951,0.0,0.30091235041618347
"DM-11795",False,"test",0.32887595891952515,0.01252551656216383,0.012532101944088936,0.012527880258858204,0.01252947561442852,0.4411125183105469,0.16736693680286407,0.012529617175459862
"DM-11787",False,"test",0.0,0.0,0.0,0.5060647130012512,0.0,0.4689044654369354,0.0,0.0
"DM-11786",True,"test",0.0,0.0,0.0,0.0,0.0,0.7413687705993652,0.0,0.2085624486207962
"DM-11752",False,"test",0.0,0.0,0.0,0.0,0.976879358291626,0.0,0.0,0.0
"DM-11749",False,"test",0.0,0.0,0.0,0.5924356579780579,0.0,0.3664524257183075,0.0,0.0
"DM-11744",False,"test",0.16294272243976593,0.0,0.0,0.0,0.5298745632171631,0.2764975130558014,0.0,0.0
"DM-11742",False,"test",0.0,0.0,0.25185254216194153,0.1747438907623291,0.31102246046066284,0.15150262415409088,0.0,0.08688288927078247
"DM-11741",False,"test",0.0,0.07050209492444992,0.21830831468105316,0.0,0.6822527050971985,0.0,0.0,0.0
"DM-11740",False,"test",0.021783122792840004,0.17024590075016022,0.021742599084973335,0.2078579217195511,0.021775852888822556,0.021782096475362778,0.021743938326835632,0.5130685567855835
"DM-11738",False,"test",0.0,0.0,0.0,0.22332808375358582,0.0,0.7408930063247681,0.0,0.0
"DM-11720",False,"test",0.02532324194908142,0.0,0.0,0.15968908369541168,0.472234845161438,0.33692246675491333,0.0,0.0
"DM-11701",False,"test",0.04691333696246147,0.0,0.0,0.0,0.7778356671333313,0.1641288548707962,0.0,0.0
"DM-11691",False,"test",0.506934642791748,0.10988222807645798,0.0,0.2111210823059082,0.03793568164110184,0.0,0.0,0.13296476006507874
"DM-11653",True,"test",0.0,0.3714555501937866,0.0,0.0,0.5708019137382507,0.0,0.0,0.0
"DM-11650",False,"test",0.15695597231388092,0.0,0.0,0.36935245990753174,0.0,0.4448397755622864,0.0,0.0
"DM-11642",True,"test",0.0,0.0,0.0,0.31753724813461304,0.0,0.6582322120666504,0.0,0.0
"DM-11625",False,"test",0.0,0.0,0.0,0.4081323742866516,0.09103933721780777,0.4905673861503601,0.0,0.0
"DM-11615",False,"test",0.0,0.3082349896430969,0.0,0.5075964331626892,0.0,0.15284691751003265,0.0,0.0
"DM-11602",True,"test",0.0,0.0,0.0,0.0,0.17307910323143005,0.0,0.0,0.7826655507087708
"DM-11601",False,"test",0.0,0.0,0.0,0.0,0.0,0.48190808296203613,0.0,0.4919084310531616
"DM-11599",True,"test",0.18121324479579926,0.0,0.0,0.0,0.2653658092021942,0.22883066534996033,0.0,0.30392298102378845
"DM-11593",False,"test",0.08509232103824615,0.0,0.0,0.5024805665016174,0.0,0.3944854438304901,0.0,0.0
"DM-11575",False,"test",0.0,0.0,0.0,0.15959879755973816,0.38294902443885803,0.43398499488830566,0.0,0.0
"DM-11574",True,"test",0.0,0.0,0.0,0.31074824929237366,0.5155870914459229,0.1168290376663208,0.0,0.04960291087627411
"DM-11551",False,"test",0.0,0.0,0.28481605648994446,0.0,0.09945119917392731,0.0,0.0,0.5807369947433472
"DM-11550",True,"test",0.3598419427871704,0.20925991237163544,0.0,0.10612678527832031,0.29691576957702637,0.0,0.0,0.0
"DM-11546",False,"test",0.0,0.9428447484970093,0.0,0.0,0.0,0.0,0.0,0.0
"DM-11544",False,"test",0.0,0.0,0.0,0.23092931509017944,0.10415603965520859,0.5155609250068665,0.0,0.1371200531721115
"DM-11523",True,"test",0.28357869386672974,0.0,0.0,0.0,0.6806451678276062,0.0,0.0,0.0
"DM-11519",False,"test",0.0,0.052490293979644775,0.0,0.3877401053905487,0.5497468709945679,0.0,0.0,0.0
"DM-11516",False,"test",0.0,0.0,0.0,0.0,0.2616109848022461,0.22213022410869598,0.0774463340640068,0.42526665329933167
"DM-11487",False,"test",0.0,0.29162144660949707,0.0,0.6666620373725891,0.0,0.0,0.0,0.0
"DM-11476",False,"test",0.13272421061992645,0.0,0.0,0.0,0.2998068630695343,0.0,0.0,0.5411084890365601
"DM-11475",False,"test",0.0,0.0,0.0,0.0,0.33723798394203186,0.6219695210456848,0.0,0.0
"DM-11467",False,"test",0.02053888887166977,0.5098772644996643,0.02053498476743698,0.020556004717946053,0.020576726645231247,0.020556265488266945,0.020528797060251236,0.36683109402656555
"DM-11461",False,"test",0.0,0.0,0.0,0.0,0.5709644556045532,0.25516772270202637,0.0,0.16183345019817352
"DM-11459",False,"test",0.0,0.0,0.0,0.4573724865913391,0.0,0.5030928254127502,0.0,0.0
"DM-11450",False,"test",0.0,0.0,0.245697021484375,0.0,0.0,0.3228816092014313,0.0,0.4140300452709198
"DM-11449",False,"test",0.0,0.0,0.25654932856559753,0.0,0.18592901527881622,0.20889334380626678,0.0,0.3347141146659851
"DM-11445",True,"test",0.0,0.0,0.0,0.0,0.2503545880317688,0.6290556192398071,0.10271863639354706,0.0
"DM-11444",False,"test",0.2764436900615692,0.37526920437812805,0.031121347099542618,0.0,0.17143914103507996,0.08291026204824448,0.059328559786081314,0.0
"DM-11432",True,"test",0.0,0.0,0.0,0.22086112201213837,0.0,0.7374150156974792,0.0,0.0
"DM-11420",False,"test",0.39083707332611084,0.03159249946475029,0.03160478174686432,0.03159947320818901,0.03164441138505936,0.4195314645767212,0.031589262187480927,0.03160102292895317
"DM-11404",False,"test",0.0,0.0,0.0,0.0,0.4142124354839325,0.5544877648353577,0.0,0.0
"DM-11390",False,"test",0.0,0.0,0.0,0.0,0.0,0.94843989610672,0.0,0.0
"DM-11360",False,"test",0.16702289879322052,0.0,0.0,0.44288262724876404,0.0,0.3677063286304474,0.0,0.0
"DM-11346",False,"test",0.017911896109580994,0.017895665019750595,0.5531376600265503,0.01791808009147644,0.017909010872244835,0.3394569456577301,0.017876271158456802,0.017894437536597252
"DM-11345",False,"test",0.0,0.0,0.0,0.28827744722366333,0.26727795600891113,0.4406002163887024,0.0,0.0
"DM-11311",True,"test",0.0,0.0,0.0,0.6331515312194824,0.3327200412750244,0.0,0.0,0.0
"DM-11310",False,"test",0.0,0.0,0.0,0.1674787551164627,0.0,0.6755979061126709,0.12706483900547028,0.0
"DM-11308",False,"test",0.0,0.055830441415309906,0.10832628607749939,0.0,0.8097941279411316,0.0,0.0,0.0
"DM-11299",True,"test",0.0,0.0,0.0,0.2951488494873047,0.060791097581386566,0.29581886529922485,0.0,0.3371141850948334
"DM-11292",False,"test",0.0,0.0,0.0,0.44960129261016846,0.346759557723999,0.17516808211803436,0.0,0.0
"DM-11280",False,"test",0.0,0.0,0.0,0.0,0.5554967522621155,0.3944462537765503,0.0,0.0
"DM-11263",True,"test",0.15545563399791718,0.0,0.0,0.3048901855945587,0.2982477843761444,0.0,0.0,0.22488106787204742
"DM-11251",False,"test",0.0,0.0,0.12086642533540726,0.0,0.0,0.8213673233985901,0.0,0.0
"DM-11196",True,"test",0.140769362449646,0.0,0.0,0.0,0.318083256483078,0.24839934706687927,0.0,0.27709445357322693
"DM-11183",False,"test",0.5408100485801697,0.1849324107170105,0.013904504477977753,0.01390830148011446,0.013933302834630013,0.01391665730625391,0.013912959955632687,0.204681858420372
"DM-11169",True,"test",0.0,0.0,0.0,0.3096622824668884,0.5598257184028625,0.0,0.1078135296702385,0.0
"DM-11162",False,"test",0.0,0.0,0.13454820215702057,0.0,0.18298707902431488,0.1912044733762741,0.0,0.4832741618156433
"DM-11159",False,"test",0.02086462453007698,0.6607340574264526,0.020847395062446594,0.020870521664619446,0.02089838683605194,0.020876258611679077,0.21402159333229065,0.020887136459350586
"DM-11139",True,"test",0.0,0.0,0.10214817523956299,0.0,0.19494567811489105,0.6755069494247437,0.0,0.0
"DM-11122",True,"test",0.0,0.19536390900611877,0.0,0.24087989330291748,0.24070271849632263,0.3108687400817871,0.0,0.0
"DM-11118",False,"test",0.16906611621379852,0.0,0.0,0.0,0.22539113461971283,0.4952561557292938,0.0,0.10583091527223587
"DM-11116",False,"test",0.16982145607471466,0.0,0.0,0.0,0.5413342714309692,0.1772141009569168,0.0,0.09995817393064499
"DM-11094",False,"test",0.0,0.026845935732126236,0.0,0.3187686800956726,0.2622550427913666,0.0,0.08334796875715256,0.30059489607810974
"DM-11091",False,"test",0.0,0.0,0.0,0.37778064608573914,0.5802026391029358,0.0,0.0,0.0
"DM-11050",False,"test",0.0,0.0,0.0,0.35636425018310547,0.387092649936676,0.0,0.235795259475708,0.0
"DM-11049",False,"test",0.0,0.2534675896167755,0.0,0.21306124329566956,0.49602997303009033,0.0,0.0,0.0
"DM-11046",False,"test",0.01388769131153822,0.013839688152074814,0.2094285786151886,0.013840951025485992,0.5422611832618713,0.013852544128894806,0.1790306568145752,0.013858717866241932
"DM-11045",False,"test",0.02086898870766163,0.6438801288604736,0.020856060087680817,0.020871635526418686,0.230932354927063,0.020863126963377,0.02084900438785553,0.020878657698631287
"DM-11041",False,"test",0.0,0.0,0.0,0.0,0.5430330038070679,0.0,0.0,0.42361685633659363
"DM-11039",False,"test",0.020847724750638008,0.02084730751812458,0.0208450797945261,0.020847545936703682,0.854026198387146,0.020859571173787117,0.020842410624027252,0.02088417112827301
"DM-11038",False,"test",0.011517209000885487,0.13260656595230103,0.011534309014678001,0.011517164297401905,0.011534174904227257,0.26664939522743225,0.2491588592529297,0.30548229813575745
"DM-11027",False,"test",0.033356357365846634,0.0,0.0,0.0,0.7390232682228088,0.13728122413158417,0.0,0.08391711115837097
"DM-11021",False,"test",0.049578577280044556,0.0,0.0,0.0,0.35850152373313904,0.5834755301475525,0.0,0.0
"DM-11012",True,"test",0.015478167682886124,0.15466222167015076,0.015472173690795898,0.015478694811463356,0.6251984238624573,0.015496502630412579,0.015482859686017036,0.1427309662103653
"DM-11008",False,"test",0.6097553372383118,0.0,0.04195893183350563,0.2498890608549118,0.0,0.020218629390001297,0.07665905356407166,0.0
"DM-10988",False,"test",0.09167749434709549,0.07016731798648834,0.0,0.0,0.5873206257820129,0.16094709932804108,0.0,0.08484946191310883
"DM-10986",False,"test",0.013677381910383701,0.013689927756786346,0.1302243024110794,0.013694051653146744,0.47259077429771423,0.013695156201720238,0.013676748611032963,0.32875168323516846
"DM-10975",False,"test",0.34530171751976013,0.0,0.0,0.20772682130336761,0.0,0.4246828556060791,0.0,0.0
"DM-10965",False,"test",0.03949824720621109,0.0,0.4520331919193268,0.14348001778125763,0.3560187816619873,0.0,0.0,0.0
"DM-10963",False,"test",0.0,0.5446003675460815,0.0,0.0,0.4180028736591339,0.0,0.0,0.0
"DM-10962",False,"test",0.0,0.25120657682418823,0.0,0.5583837628364563,0.04330143705010414,0.0,0.0,0.13726802170276642
"DM-10952",True,"test",0.0,0.14518074691295624,0.0,0.0,0.35334861278533936,0.0,0.0,0.45939552783966064
"DM-10946",False,"test",0.4609815776348114,0.0,0.038577836006879807,0.163377583026886,0.32482078671455383,0.0,0.0,0.0
"DM-10916",False,"test",0.0,0.0,0.2712862491607666,0.5851681232452393,0.0,0.0,0.0,0.11745709925889969
"DM-10908",False,"test",0.36448127031326294,0.0,0.11592079699039459,0.0,0.4150131046772003,0.0,0.08668974786996841,0.0
"DM-10907",False,"test",0.0,0.0,0.0,0.7613028287887573,0.0,0.0,0.0,0.19175411760807037
"DM-10902",False,"test",0.06298660486936569,0.3189474642276764,0.0,0.0,0.4387342035770416,0.0,0.08623981475830078,0.07902083545923233
"DM-10889",False,"test",0.020865797996520996,0.020847277715802193,0.02085225284099579,0.8540130257606506,0.02087220549583435,0.02085680514574051,0.020844457671046257,0.020848162472248077
"DM-10887",False,"test",0.020867977291345596,0.020847277715802193,0.02085225097835064,0.8540134429931641,0.02086966298520565,0.02085679955780506,0.020844457671046257,0.020848162472248077
"DM-10884",False,"test",0.020865291357040405,0.020847273990511894,0.020852239802479744,0.854017972946167,0.020867856219410896,0.02085678093135357,0.02084445394575596,0.02084815502166748
"DM-10883",False,"test",0.015644200146198273,0.01564282365143299,0.015645748004317284,0.7398044466972351,0.16630488634109497,0.01565641537308693,0.015658995136618614,0.015642497688531876
"DM-10882",False,"test",0.01564045250415802,0.01563865691423416,0.015641942620277405,0.8904913663864136,0.01564357802271843,0.015650952234864235,0.01565307378768921,0.015639957040548325
"DM-10879",False,"test",0.015636293217539787,0.015634585171937943,0.015637602657079697,0.6712863445281982,0.015638884156942368,0.015649816021323204,0.23488180339336395,0.01563463732600212
"DM-10874",False,"test",0.02085896022617817,0.020860297605395317,0.02092825248837471,0.8538926839828491,0.020858829841017723,0.020869314670562744,0.02087298221886158,0.0208586435765028
"DM-10871",False,"test",0.0,0.0,0.0,0.7236546277999878,0.22938188910484314,0.0,0.0,0.0
"DM-10863",False,"test",0.22082273662090302,0.010478710755705833,0.01048449520021677,0.010483255609869957,0.40971529483795166,0.010493358597159386,0.01047595962882042,0.31704622507095337
"DM-10855",True,"test",0.14101557433605194,0.0,0.0,0.7036577463150024,0.12925143539905548,0.0,0.0,0.0
"DM-10848",False,"test",0.5807706117630005,0.020881865173578262,0.020852236077189445,0.29404714703559875,0.020868536084890366,0.020874816924333572,0.020847488194704056,0.0208573117852211
"DM-10846",False,"test",0.0,0.07528506964445114,0.2406773567199707,0.14202778041362762,0.2867678999900818,0.24539099633693695,0.0,0.0
"DM-10839",False,"test",0.3174443244934082,0.010430156253278255,0.010426143184304237,0.010432246141135693,0.39699405431747437,0.23341137170791626,0.010423853062093258,0.010437813587486744
"DM-10827",True,"test",0.0,0.0,0.0,0.448223352432251,0.5089803338050842,0.0,0.0,0.0
"DM-10822",False,"test",0.0,0.0,0.0,0.0,0.0,0.9452040195465088,0.0,0.0
"DM-10813",False,"test",0.05120423808693886,0.07883912324905396,0.05702228471636772,0.0,0.30220839381217957,0.23915737867355347,0.2618999779224396,0.0
"DM-10807",False,"test",0.14648209512233734,0.0,0.22905372083187103,0.0,0.6028634309768677,0.0,0.0,0.0
"DM-10805",True,"test",0.0,0.0,0.0,0.14079226553440094,0.21441879868507385,0.4252428412437439,0.10944709181785583,0.09434475004673004
"DM-10804",False,"test",0.010435194708406925,0.010436536744236946,0.010429633781313896,0.010436708107590675,0.01044461876153946,0.625469982624054,0.31191182136535645,0.010435517877340317
"DM-10796",False,"test",0.0,0.0,0.0,0.9374067187309265,0.0,0.0,0.0,0.0
"DM-10785",True,"test",0.4902591109275818,0.0,0.0,0.4549044966697693,0.05120636895298958,0.0,0.0,0.0
"DM-10779",True,"test",0.01789882220327854,0.017880180850625038,0.0178830623626709,0.01788904517889023,0.5195655226707458,0.017882592976093292,0.37311801314353943,0.017882756888866425
"DM-10777",True,"test",0.0,0.0,0.0,0.4006572663784027,0.20284128189086914,0.38780033588409424,0.0,0.0
"DM-10767",False,"test",0.020845308899879456,0.8540375828742981,0.020842140540480614,0.020863059908151627,0.02086704969406128,0.020854054018855095,0.020841186866164207,0.020849600434303284
"DM-10737",False,"test",0.0,0.0,0.0,0.0,0.0,0.976358950138092,0.0,0.0
"DM-10688",False,"test",0.0,0.0,0.0,0.4407544732093811,0.0,0.5091937780380249,0.0,0.0
"DM-10617",False,"test",0.05317400395870209,0.0,0.5852259993553162,0.04160833731293678,0.0,0.3016345798969269,0.0,0.0
"DM-10614",True,"test",0.0,0.0,0.0,0.1367819756269455,0.21947228908538818,0.6247682571411133,0.0,0.0
"DM-10613",False,"test",0.0,0.0,0.0,0.0,0.6521448493003845,0.15025505423545837,0.0,0.17169524729251862
"DM-10612",False,"test",0.0,0.0,0.0,0.0,0.6801040768623352,0.3016573190689087,0.0,0.0
"DM-10610",False,"test",0.026494111865758896,0.0,0.23357458412647247,0.10552415251731873,0.5341207981109619,0.09370075166225433,0.0,0.0
"DM-10569",False,"test",0.015672549605369568,0.4138898253440857,0.015647001564502716,0.01567072607576847,0.01564805395901203,0.16668321192264557,0.015634791925549507,0.3411538302898407
"DM-10567",False,"test",0.5293958187103271,0.025018608197569847,0.32028982043266296,0.02510157972574234,0.025037704035639763,0.025023410096764565,0.025042427703738213,0.025090685114264488
"DM-10552",False,"test",0.0,0.060306623578071594,0.0,0.0,0.18875417113304138,0.0,0.05815330147743225,0.6822656393051147
"DM-10541",False,"test",0.0,0.0,0.0,0.2964286804199219,0.45413100719451904,0.0,0.0,0.23325707018375397
"DM-10517",False,"test",0.0,0.0,0.0,0.6677682399749756,0.0,0.30875712633132935,0.0,0.0
"DM-10514",False,"test",0.012430217117071152,0.4345674514770508,0.012423263862729073,0.012431389652192593,0.490854412317276,0.012435944750905037,0.01243338268250227,0.012423930689692497
"DM-10510",False,"test",0.0,0.0,0.0,0.0,0.0,0.18801844120025635,0.42240744829177856,0.35644882917404175
"DM-10497",False,"test",0.013940953649580479,0.013940198346972466,0.4903956651687622,0.3126954734325409,0.01396025437861681,0.013963360339403152,0.12715767323970795,0.013946429826319218
"DM-10483",False,"test",0.0,0.10032679885625839,0.0,0.0,0.3107624351978302,0.503734827041626,0.0,0.06315314769744873
"DM-10477",True,"test",0.0,0.0,0.0,0.7098341584205627,0.0,0.0,0.0,0.26996445655822754
"DM-10463",False,"test",0.0,0.0,0.0,0.0,0.3620143532752991,0.2778548300266266,0.0,0.34871235489845276
"DM-10455",False,"test",0.21869003772735596,0.0,0.0,0.09423556178808212,0.662965714931488,0.0,0.0,0.0
"DM-10453",False,"test",0.0,0.0,0.0,0.37483736872673035,0.26739203929901123,0.3354168236255646,0.0,0.0
"DM-10441",False,"test",0.0,0.0,0.0,0.48760145902633667,0.13388143479824066,0.3544425368309021,0.0,0.0
"DM-10435",False,"test",0.3198471665382385,0.0,0.0,0.0,0.0,0.09020279347896576,0.0,0.5452216267585754
"DM-10434",False,"test",0.0,0.0,0.0,0.0,0.8732605576515198,0.0,0.10110930353403091,0.0
"DM-10433",False,"test",0.0,0.11716057360172272,0.0,0.6264991760253906,0.0,0.0,0.0,0.2361198216676712
"DM-10425",True,"test",0.025584876537322998,0.025563262403011322,0.025537600740790367,0.025552712380886078,0.5636785626411438,0.282955527305603,0.02555556409060955,0.025571884587407112
"DM-10424",True,"test",0.02534874901175499,0.025347469374537468,0.02538001909852028,0.025355981662869453,0.8225204348564148,0.025350891053676605,0.025347810238599777,0.02534857764840126
"DM-10422",False,"test",0.025015968829393387,0.02501215972006321,0.025031404569745064,0.02502286806702614,0.8248498439788818,0.025021914392709732,0.025013010948896408,0.02503286488354206
"DM-10412",False,"test",0.0,0.09300794452428818,0.12796728312969208,0.11354777961969376,0.0,0.0,0.0,0.6481355428695679
"DM-10411",False,"test",0.16845053434371948,0.0,0.25265949964523315,0.0,0.3513607084751129,0.2099739909172058,0.0,0.0
"DM-10403",False,"test",0.031370848417282104,0.03135942295193672,0.303438663482666,0.0313665047287941,0.5083308219909668,0.03141153231263161,0.03136272355914116,0.03135951608419418
"DM-10397",False,"test",0.0,0.0,0.21264024078845978,0.1742500513792038,0.44719892740249634,0.1504405289888382,0.0,0.0
"DM-10396",False,"test",0.0,0.0,0.0,0.0,0.7958826422691345,0.04454389587044716,0.12548890709877014,0.0
"DM-10381",False,"test",0.0,0.0,0.0,0.39898452162742615,0.3137187361717224,0.20245122909545898,0.0,0.06825009733438492
"DM-10376",False,"test",0.0,0.0,0.0,0.0,0.0,0.0,0.0,0.9446601867675781
"DM-10374",False,"test",0.28327476978302,0.0,0.0,0.0,0.26425638794898987,0.0,0.0,0.42118510603904724
"DM-10356",True,"test",0.0,0.0,0.0,0.47098153829574585,0.47531333565711975,0.0,0.0,0.0
"DM-10349",False,"test",0.0,0.0,0.0,0.5378002524375916,0.0,0.0,0.0,0.4370097219944
"DM-10344",False,"test",0.0,0.0,0.0,0.2115645557641983,0.0,0.7595455646514893,0.0,0.0
"DM-10343",False,"test",0.31918931007385254,0.09592080861330032,0.0,0.0,0.5653246641159058,0.0,0.0,0.0
"DM-10342",False,"test",0.08723878860473633,0.011373300105333328,0.011375055648386478,0.011379244737327099,0.6941147446632385,0.011381205171346664,0.16174648702144623,0.011391164734959602
"DM-10338",False,"test",0.0,0.0,0.0,0.0,0.9483902454376221,0.0,0.0,0.0
"DM-10328",False,"test",0.0,0.0,0.2795630395412445,0.5690656304359436,0.1310291737318039,0.0,0.0,0.0
"DM-10314",False,"test",0.012510106898844242,0.7517915964126587,0.01250546146184206,0.012510914355516434,0.012513468973338604,0.01251152716577053,0.012506063096225262,0.17315088212490082
"DM-10310",True,"test",0.015659937635064125,0.015640581026673317,0.015635233372449875,0.47898709774017334,0.42713990807533264,0.01564902812242508,0.01563159003853798,0.015656616538763046
"DM-10298",False,"test",0.05321324244141579,0.0,0.0,0.3267585337162018,0.3645646870136261,0.2402554303407669,0.0,0.0
"DM-10292",False,"test",0.20176725089550018,0.0,0.0,0.20600274205207825,0.5702327489852905,0.0,0.0,0.0
"DM-10286",False,"test",0.0,0.364463210105896,0.0,0.11760687083005905,0.4703521430492401,0.0,0.0,0.0
"DM-10281",False,"test",0.026276927441358566,0.04072434827685356,0.4395301938056946,0.4866539537906647,0.0,0.0,0.0,0.0
"DM-10274",False,"test",0.0,0.0,0.13868702948093414,0.3752487301826477,0.4732862710952759,0.0,0.0,0.0
"DM-10270",False,"test",0.0,0.0,0.0,0.0,0.6951815485954285,0.17862102389335632,0.0,0.10207691788673401
"DM-10266",False,"test",0.0,0.06328976899385452,0.0,0.128114253282547,0.0,0.7424131035804749,0.05799976736307144,0.0
"DM-10257",True,"test",0.0,0.0,0.5362437963485718,0.21505996584892273,0.23077251017093658,0.0,0.0,0.0
"DM-10253",True,"test",0.09082849323749542,0.0,0.0,0.0,0.8813402056694031,0.0,0.0,0.0
"DM-10229",False,"test",0.8937267065048218,0.0,0.016554178670048714,0.0,0.05093655362725258,0.0,0.0,0.03599444031715393
"DM-10226",True,"test",0.0,0.0,0.0,0.41448521614074707,0.0,0.42836201190948486,0.0,0.12484508752822876
"DM-10184",False,"test",0.0,0.0,0.0,0.5064783692359924,0.03125564381480217,0.22534863650798798,0.13059024512767792,0.10120140016078949
"DM-10161",True,"test",0.11955735832452774,0.0,0.08515068888664246,0.17819422483444214,0.263714998960495,0.3421624004840851,0.0,0.0
"DM-10156",False,"test",0.0,0.0,0.0,0.09913339465856552,0.38381150364875793,0.0753089189529419,0.0,0.4278348386287689
"DM-10151",False,"test",0.0,0.0,0.0,0.06917686015367508,0.7621338963508606,0.16528666019439697,0.0,0.0
"DM-10143",True,"test",0.0,0.0,0.0,0.0,0.4987650513648987,0.3908776640892029,0.0,0.08718235790729523
"DM-10117",False,"test",0.02505573257803917,0.02503051795065403,0.02503608725965023,0.025079527869820595,0.02505422569811344,0.025042133405804634,0.8246005773544312,0.02510114386677742
"DM-10116",False,"test",0.0,0.0,0.0,0.8183971047401428,0.0,0.12861749529838562,0.0,0.0
"DM-10114",False,"test",0.012529715895652771,0.012546204030513763,0.01252838782966137,0.012527302838861942,0.2799125909805298,0.644831120967865,0.012572456151247025,0.012552201747894287
"DM-10108",False,"test",0.0,0.0,0.0,0.3628121018409729,0.0,0.3491800129413605,0.07314937561750412,0.19555610418319702
"DM-10104",False,"test",0.0,0.0,0.0,0.3054477274417877,0.6657170057296753,0.0,0.0,0.0
"DM-10096",True,"test",0.0,0.0,0.18956120312213898,0.7665130496025085,0.0,0.0,0.0,0.0
"DM-10070",False,"test",0.12012582272291183,0.252882719039917,0.0,0.0,0.15961207449436188,0.27923133969306946,0.17421579360961914,0.0
"DM-10042",False,"test",0.0,0.0,0.0,0.12500058114528656,0.8280110955238342,0.0,0.0,0.0
"DM-10041",False,"test",0.2567313611507416,0.0,0.0,0.12170829623937607,0.4870469570159912,0.0,0.0,0.11757870763540268
"DM-10025",False,"test",0.5373798608779907,0.0,0.0,0.0900103822350502,0.0,0.0,0.0,0.33372753858566284
"DM-10009",False,"test",0.0,0.0,0.0,0.9327738881111145,0.0,0.0,0.0,0.0
"DM-10007",False,"test",0.0,0.0,0.0,0.0,0.5162517428398132,0.43363693356513977,0.0,0.0
"DM-9996",False,"test",0.0,0.0,0.0,0.0,0.8245899677276611,0.0,0.0,0.12174352258443832
"DM-9994",False,"test",0.0,0.0,0.0,0.0,0.5218788385391235,0.33459264039993286,0.12699629366397858,0.0
"DM-9988",True,"test",0.0,0.0,0.0,0.17343135178089142,0.7825335264205933,0.0,0.0,0.0
"DM-9987",True,"test",0.0,0.0,0.0,0.2653234004974365,0.4660031497478485,0.2570091485977173,0.0,0.0
"DM-9964",False,"test",0.0,0.0,0.0,0.18569877743721008,0.0,0.3044234812259674,0.0,0.48830127716064453
"DM-9954",True,"test",0.0,0.0,0.0,0.2182455062866211,0.1772426962852478,0.5733197331428528,0.02274993620812893,0.0
"DM-9947",True,"test",0.0,0.0,0.0,0.15983900427818298,0.0,0.0,0.0,0.8222634792327881
"DM-9945",False,"test",0.0,0.0,0.0,0.0,0.41366973519325256,0.2672118842601776,0.0,0.3068455159664154
"DM-9944",False,"test",0.0,0.0,0.0,0.0,0.0,0.3395676016807556,0.0,0.6209138631820679
"DM-9942",False,"test",0.0,0.0,0.0,0.0,0.43601518869400024,0.0,0.0,0.5380770564079285
"DM-9938",False,"test",0.0,0.0,0.420539528131485,0.0,0.054138701409101486,0.016148865222930908,0.0,0.5072828531265259
"DM-9895",True,"test",0.0,0.0,0.08320098370313644,0.7136484980583191,0.1838364452123642,0.0,0.0,0.0
"DM-9887",False,"test",0.011373018845915794,0.011371547356247902,0.011371443048119545,0.9203550815582275,0.011380731128156185,0.011396938003599644,0.011369732208549976,0.011381521821022034
"DM-9882",False,"test",0.0,0.04658795893192291,0.08320990204811096,0.0,0.0,0.6410840749740601,0.06768228113651276,0.15287354588508606
"DM-9833",False,"test",0.017879143357276917,0.01788489706814289,0.01788240671157837,0.01790027692914009,0.017919261008501053,0.8747619390487671,0.017886005342006683,0.017886076122522354
"DM-9829",False,"test",0.7567654252052307,0.0,0.04127459228038788,0.0,0.0,0.19471485912799835,0.0,0.0
"DM-9826",False,"test",0.0,0.0,0.0,0.0,0.9601735472679138,0.0,0.0,0.0
"DM-9817",False,"test",0.034480541944503784,0.0,0.0,0.9396989941596985,0.0,0.0,0.0,0.0
"DM-9808",False,"test",0.30714163184165955,0.24636436998844147,0.0,0.41665756702423096,0.0,0.0,0.0,0.0
"DM-9802",False,"test",0.0,0.18039757013320923,0.0,0.24980980157852173,0.0,0.2919124662876129,0.0,0.26909932494163513
"DM-9801",False,"test",0.0,0.0,0.31829461455345154,0.39107030630111694,0.2856634259223938,0.0,0.0,0.0
"DM-9786",True,"test",0.0,0.16856397688388824,0.12999282777309418,0.6716130971908569,0.0,0.0,0.0,0.0
"DM-9776",False,"test",0.0942617803812027,0.7447871565818787,0.011229589581489563,0.011233116500079632,0.011234021745622158,0.10478909313678741,0.011237900704145432,0.01122733112424612
"DM-9737",True,"test",0.02062227763235569,0.020643994212150574,0.02063506841659546,0.2358851581811905,0.020636392757296562,0.6402850151062012,0.02063753269612789,0.020654523745179176
"DM-9732",False,"test",0.013896397314965725,0.24634014070034027,0.013905986212193966,0.42492690682411194,0.013904185965657234,0.01391611248254776,0.013904848136007786,0.2592053711414337
"DM-9721",False,"test",0.017898639664053917,0.01789643056690693,0.017903679981827736,0.34551164507865906,0.547101616859436,0.017906326800584793,0.0178914126008749,0.01789020374417305
"DM-9669",False,"test",0.4942818880081177,0.0,0.47664958238601685,0.0,0.0,0.0,0.0,0.0
"DM-9642",False,"test",0.025056147947907448,0.025033054873347282,0.8246454000473022,0.025062043219804764,0.025051310658454895,0.02503589726984501,0.025087058544158936,0.025029154494404793
"DM-9641",False,"test",0.025056153535842896,0.02503305673599243,0.8246449828147888,0.025062045082449913,0.025051312521100044,0.025035899132490158,0.025087442249059677,0.025029156357049942
"DM-9629",False,"test",0.0,0.05517460033297539,0.0,0.06012379750609398,0.5742916464805603,0.13804739713668823,0.09935779869556427,0.06624170392751694
"DM-9618",False,"test",0.0417085625231266,0.04171166941523552,0.04168814793229103,0.3925892114639282,0.04176397994160652,0.04169121012091637,0.3571602702140808,0.04168695583939552
"DM-9596",False,"test",0.0,0.0,0.0,0.4981249272823334,0.3302220404148102,0.0,0.1581680327653885,0.0
"DM-9578",False,"test",0.0,0.0,0.18388763070106506,0.14879031479358673,0.3669836223125458,0.0,0.0,0.28511175513267517
"DM-9567",True,"test",0.0,0.0,0.0,0.2989741265773773,0.6345023512840271,0.0,0.05793140456080437,0.0
"DM-9566",False,"test",0.03130047395825386,0.03128785640001297,0.03127560392022133,0.031279683113098145,0.780913770198822,0.03129176050424576,0.031262315809726715,0.031388502568006516
"DM-9565",False,"test",0.0,0.0,0.0,0.5249908566474915,0.0,0.0,0.0,0.45470955967903137
"DM-9561",False,"test",0.0,0.0,0.0,0.1555822789669037,0.47960495948791504,0.35568103194236755,0.0,0.0
"DM-9552",False,"test",0.01788397878408432,0.017914071679115295,0.0178971029818058,0.5519919991493225,0.017909778282046318,0.017908591777086258,0.01796199195086956,0.34053245186805725
"DM-9519",False,"test",0.47686561942100525,0.0,0.09833736717700958,0.3857162892818451,0.03422071412205696,0.0,0.0,0.0
"DM-9516",False,"test",0.020845454186201096,0.020846569910645485,0.020875398069620132,0.6217508912086487,0.02085147798061371,0.020846238359808922,0.2531375288963318,0.020846456289291382
"DM-9513",False,"test",0.020865246653556824,0.020847273990511894,0.020852239802479744,0.854017972946167,0.02086789347231388,0.02085678093135357,0.02084445394575596,0.02084815502166748
"DM-9511",False,"test",0.02086632139980793,0.020847270265221596,0.020852241665124893,0.8540164828300476,0.020868226885795593,0.020856807008385658,0.02084445022046566,0.020848151296377182
"DM-9495",False,"test",0.0,0.0,0.0,0.24873261153697968,0.16308756172657013,0.5673015713691711,0.0,0.0
"DM-9465",False,"test",0.0,0.0,0.0,0.6828081011772156,0.0,0.30327534675598145,0.0,0.0
"DM-9464",True,"test",0.0,0.17538781464099884,0.0,0.29694995284080505,0.49489539861679077,0.0,0.0,0.0
"DM-9462",False,"test",0.0,0.0,0.0,0.7137698531150818,0.27151429653167725,0.0,0.0,0.0
"DM-9447",False,"test",0.0,0.0,0.0,0.42417797446250916,0.0,0.5416922569274902,0.0,0.0
"DM-9432",True,"test",0.021927697584033012,0.021837567910552025,0.021888086572289467,0.021887028589844704,0.8469945788383484,0.02181904949247837,0.021819787099957466,0.02182617224752903
"DM-9431",False,"test",0.0,0.0,0.0,0.6278048753738403,0.0,0.33965250849723816,0.0,0.0
"DM-9425",False,"test",0.0,0.0,0.0,0.13754451274871826,0.6863473653793335,0.0,0.0,0.1552084982395172
"DM-9413",False,"test",0.04287993162870407,0.38131117820739746,0.04288124665617943,0.0429261289536953,0.04291461780667305,0.04287729039788246,0.3613326847553253,0.04287693649530411
"DM-9400",False,"test",0.0,0.0,0.0,0.0,0.5219763517379761,0.4571567475795746,0.0,0.0
"DM-9386",True,"test",0.0,0.0,0.0,0.0,0.10541124641895294,0.6966743469238281,0.0,0.18689024448394775
"DM-9381",False,"test",0.0,0.1070995107293129,0.0,0.0,0.866984486579895,0.0,0.0,0.0
"DM-9363",False,"test",0.0,0.0,0.0,0.0,0.7125703692436218,0.25762706995010376,0.0,0.0
"DM-9361",False,"test",0.0,0.0,0.0,0.0,0.4418796896934509,0.2664077579975128,0.2641245424747467,0.0
"DM-9358",True,"test",0.0,0.0,0.0,0.073760025203228,0.6501055955886841,0.051502641290426254,0.0,0.21543744206428528
"DM-9353",False,"test",0.0,0.0,0.0,0.0,0.9374045729637146,0.0,0.0,0.0
"DM-9348",True,"test",0.0,0.0,0.0,0.42616406083106995,0.0,0.0,0.0,0.5521162748336792
"DM-9326",False,"test",0.07095450907945633,0.06281937658786774,0.0,0.3157787322998047,0.0,0.0,0.0,0.5227445960044861
"DM-9323",True,"test",0.13370192050933838,0.1593877524137497,0.0,0.0,0.0,0.6933817267417908,0.0,0.0
"DM-9320",False,"test",0.06380569189786911,0.2515494227409363,0.0,0.08290237188339233,0.5789679288864136,0.0,0.0,0.0
"DM-9317",False,"test",0.0,0.6788994669914246,0.0,0.0,0.0,0.15313485264778137,0.0,0.15235094726085663
"DM-9308",False,"test",0.015638886019587517,0.015637177973985672,0.01565602421760559,0.6713736057281494,0.01564398966729641,0.015652451664209366,0.23476062715053558,0.0156372282654047
"DM-9305",False,"test",0.0,0.0,0.0,0.41577041149139404,0.0,0.5484258532524109,0.0,0.0
"DM-9304",False,"test",0.015994686633348465,0.016009831801056862,0.015996264293789864,0.8879423141479492,0.015997251495718956,0.01600903458893299,0.016050029546022415,0.016000596806406975
"DM-9279",False,"test",0.16904832422733307,0.017868325114250183,0.01786927878856659,0.7237028479576111,0.017876433208584785,0.017884468659758568,0.0178646482527256,0.017885703593492508
"DM-9278",False,"test",0.020846303552389145,0.020840095356106758,0.020843036472797394,0.854056715965271,0.020851396024227142,0.0208626426756382,0.02083793841302395,0.020861884579062462
"DM-9253",False,"test",0.0,0.0,0.04846179485321045,0.5063402652740479,0.0,0.4229239225387573,0.0,0.0
"DM-9241",False,"test",0.12480606883764267,0.0,0.0,0.15671998262405396,0.6733809113502502,0.0,0.0,0.0
"DM-9233",False,"test",0.0,0.0,0.0,0.0,0.9538784623146057,0.0,0.0,0.0
"DM-9229",False,"test",0.035987164825201035,0.0,0.0,0.9461590051651001,0.0,0.0,0.0,0.0
"DM-9210",False,"test",0.0,0.0,0.0,0.5911893844604492,0.38094374537467957,0.0,0.0,0.0
"DM-9208",False,"test",0.0,0.0,0.17189624905586243,0.2174864262342453,0.578063428401947,0.0,0.0,0.0
"DM-9203",False,"test",0.03162863105535507,0.03164927288889885,0.0316324457526207,0.3939933776855469,0.03163188695907593,0.03163406625390053,0.4161911904811859,0.03163914009928703
"DM-9194",True,"test",0.0,0.0,0.0,0.0,0.21028079092502594,0.7584308385848999,0.0,0.0
"DM-9190",True,"test",0.0,0.0,0.0,0.7517934441566467,0.0,0.0,0.06906403601169586,0.15410621464252472
"DM-9182",False,"test",0.011272159405052662,0.019391769543290138,0.08375714719295502,0.54916912317276,0.1780274659395218,0.0,0.0,0.1567990928888321
"DM-9166",False,"test",0.0,0.0,0.0,0.0,0.5144343376159668,0.44288739562034607,0.0,0.0
"DM-9165",False,"test",0.0,0.0,0.06686850637197495,0.0,0.0,0.18413738906383514,0.0,0.7287893891334534
"DM-9157",False,"test",0.05845141410827637,0.0,0.0,0.6685726046562195,0.0,0.0,0.22821035981178284,0.0
"DM-9156",False,"test",0.0250155720859766,0.20101885497570038,0.025021886453032494,0.6488980650901794,0.025006020441651344,0.02502838894724846,0.02500460110604763,0.02500656247138977
"DM-9143",True,"test",0.0,0.0,0.0,0.3488180339336395,0.6345182657241821,0.0,0.0,0.0
"DM-9133",True,"test",0.0,0.0,0.0,0.31248560547828674,0.6647123098373413,0.0,0.0,0.0
"DM-9132",False,"test",0.25413525104522705,0.0,0.0,0.414562463760376,0.0,0.0,0.3081814646720886,0.0
"DM-9131",True,"test",0.0,0.25658416748046875,0.0,0.6992079615592957,0.0,0.0,0.0,0.0
"DM-9125",False,"test",0.012525185942649841,0.01251425500959158,0.012516424059867859,0.012523019686341286,0.012526982463896275,0.9123727679252625,0.012510036118328571,0.012511379085481167
"DM-9111",True,"test",0.0,0.0,0.0,0.4432295262813568,0.24114754796028137,0.3014008700847626,0.0,0.0
"DM-9100",False,"test",0.0,0.0,0.0,0.7021355628967285,0.2689294219017029,0.0,0.0,0.0
"DM-9087",False,"test",0.0,0.0,0.0,0.37657368183135986,0.0,0.0,0.16399221122264862,0.4173094630241394
"DM-9057",False,"test",0.028718341141939163,0.0,0.06839541345834732,0.503612220287323,0.0,0.3348715305328369,0.0,0.05744799226522446
"DM-9055",False,"test",0.0,0.0,0.0,0.0,0.0,0.7222400307655334,0.0,0.23803117871284485
"DM-9045",False,"test",0.0,0.0,0.03112107142806053,0.0,0.21547740697860718,0.46598172187805176,0.1267397701740265,0.15523110330104828
"DM-9039",False,"test",0.2725946307182312,0.0,0.0,0.0,0.12077297270298004,0.4859676659107208,0.0,0.10296020656824112
"DM-9028",False,"test",0.0,0.0,0.0,0.3101617097854614,0.0,0.6352870464324951,0.03755302354693413,0.0
"DM-9024",False,"test",0.0,0.27279239892959595,0.0,0.41905221343040466,0.22413045167922974,0.0,0.06475165486335754,0.0
"DM-9019",False,"test",0.17696750164031982,0.2437204122543335,0.010442887432873249,0.010450812987983227,0.5270623564720154,0.010454501025378704,0.010438886471092701,0.010462656617164612
"DM-9018",False,"test",0.0,0.01948002353310585,0.0,0.6998241543769836,0.15088240802288055,0.07857856154441833,0.0,0.04593604430556297
"DM-9014",False,"test",0.0,0.0,0.0,0.5554161667823792,0.41881948709487915,0.0,0.0,0.0
"DM-9012",False,"test",0.01137874461710453,0.011376556009054184,0.4097081124782562,0.011381842195987701,0.5220019817352295,0.011385363526642323,0.01138073205947876,0.011386673897504807
"DM-9007",False,"test",0.0,0.0,0.0,0.0,0.7521548271179199,0.0,0.0,0.19438818097114563
"DM-9003",False,"test",0.0,0.0,0.7383425235748291,0.20796357095241547,0.0,0.0,0.0,0.0
"DM-8999",False,"test",0.16834066808223724,0.015792224556207657,0.015756523236632347,0.7370203733444214,0.015767866745591164,0.015774741768836975,0.01578865945339203,0.015758922323584557
"DM-8989",False,"test",0.12479451298713684,0.07958684116601944,0.0,0.2627742290496826,0.0,0.0,0.0,0.5196154117584229
"DM-8980",False,"test",0.0,0.0,0.4428677260875702,0.0,0.0,0.0,0.16485077142715454,0.3706482946872711
"DM-8972",False,"test",0.0,0.0,0.5516908764839172,0.3982180058956146,0.0,0.0,0.0,0.0
"DM-8966",False,"test",0.28662386536598206,0.0,0.0,0.0,0.0,0.5114024877548218,0.0,0.16383686661720276
"DM-8965",False,"test",0.0,0.0,0.0,0.0,0.3552674353122711,0.2610290050506592,0.0,0.34459003806114197
"DM-8964",False,"test",0.10192800313234329,0.0,0.0,0.33269286155700684,0.2392023652791977,0.0,0.0,0.2997434735298157
"DM-8957",True,"test",0.0,0.0,0.0,0.24410419166088104,0.23750039935112,0.32274869084358215,0.0,0.18959249556064606
"DM-8953",False,"test",0.0,0.014117629267275333,0.022140370681881905,0.41601666808128357,0.33607378602027893,0.20899835228919983,0.0,0.0
"DM-8914",False,"test",0.0,0.7336270809173584,0.0,0.0,0.0,0.20861919224262238,0.0,0.0
"DM-8913",False,"test",0.0,0.0,0.0,0.2014128714799881,0.7484920620918274,0.0,0.0,0.0
"DM-8866",False,"test",0.01044489722698927,0.010427596978843212,0.010427847504615784,0.010443625040352345,0.010447916574776173,0.8093301653862,0.01042787916958332,0.12805010378360748
"DM-8833",False,"test",0.0,0.0,0.0,0.0,0.7319391369819641,0.0,0.24877658486366272,0.0
"DM-8832",False,"test",0.6861199140548706,0.0,0.03867626562714577,0.04737437143921852,0.10730054974555969,0.11544061452150345,0.0,0.0
"DM-8825",False,"test",0.0,0.0,0.0,0.36848556995391846,0.0,0.49081045389175415,0.0,0.1264231652021408
"DM-8822",False,"test",0.11753074079751968,0.0,0.24849539995193481,0.4476361572742462,0.0,0.0,0.17713117599487305,0.0
"DM-8812",False,"test",0.12385989725589752,0.010487277060747147,0.010482128709554672,0.8132071495056152,0.010495168156921864,0.010495352558791637,0.010490686632692814,0.010482327081263065
"DM-8805",False,"test",0.027019044384360313,0.0,0.0485040582716465,0.4531693160533905,0.21932721138000488,0.12325311452150345,0.0,0.12725569307804108
"DM-8803",True,"test",0.0,0.37532880902290344,0.0,0.0,0.0,0.17210769653320312,0.4191654324531555,0.0
"DM-8800",False,"test",0.0,0.0,0.04768652096390724,0.43020907044410706,0.0,0.49195757508277893,0.0,0.0
"DM-8760",False,"test",0.0,0.0,0.0,0.9012917876243591,0.0,0.0,0.06605076044797897,0.0
"DM-8756",False,"test",0.015630222856998444,0.015630675479769707,0.01563142240047455,0.015636295080184937,0.01565583236515522,0.01564265601336956,0.8905302882194519,0.01564260944724083
"DM-8754",True,"test",0.12902803719043732,0.01402201782912016,0.014021849259734154,0.014032166451215744,0.014051688835024834,0.014027602039277554,0.6411145925521851,0.15970204770565033
"DM-8720",False,"test",0.0,0.0,0.0,0.0,0.0,0.9325980544090271,0.0,0.0
"DM-8715",False,"test",0.0,0.0,0.0,0.728300929069519,0.2568189799785614,0.0,0.0,0.0
"DM-8698",False,"test",0.6169204115867615,0.07841357588768005,0.1024908497929573,0.13677817583084106,0.0,0.0,0.06240549311041832,0.0
"DM-8693",True,"test",0.25893720984458923,0.012508573941886425,0.01251563522964716,0.6659644842147827,0.01252899318933487,0.01251716073602438,0.012511959299445152,0.012515977025032043
"DM-8685",True,"test",0.0,0.0,0.0,0.0,0.9561956524848938,0.0,0.0,0.0
"DM-8680",False,"test",0.02084599807858467,0.020846258848905563,0.020845960825681686,0.02086474373936653,0.8540374636650085,0.020855983719229698,0.020840700715780258,0.0208628848195076
"DM-8676",False,"test",0.0,0.0,0.0,0.5086839199066162,0.238312229514122,0.18632374703884125,0.0,0.05312865227460861
"DM-8670",True,"test",0.011374708265066147,0.011373564600944519,0.011375369504094124,0.9203430414199829,0.011386421509087086,0.01138332486152649,0.01137529220432043,0.011388285085558891
"DM-8668",False,"test",0.0,0.0,0.0,0.0,0.0,0.4941936731338501,0.0,0.47982653975486755
"DM-8654",False,"test",0.0,0.0,0.40362873673439026,0.38835904002189636,0.0,0.19736358523368835,0.0,0.0
"DM-8642",False,"test",0.014009619131684303,0.399088591337204,0.013991129584610462,0.013991748914122581,0.5169230103492737,0.014016743749380112,0.013985349796712399,0.013993746601045132
"DM-8630",False,"test",0.6815472841262817,0.1994742751121521,0.07438148558139801,0.0,0.016907893121242523,0.025042995810508728,0.0,0.0
"DM-8610",False,"test",0.10980883240699768,0.0,0.0,0.0,0.5146721005439758,0.35312503576278687,0.0,0.0
"DM-8608",False,"test",0.5136446356773376,0.031282778829336166,0.03129103034734726,0.29860368371009827,0.03131631016731262,0.03128704056143761,0.03128206729888916,0.0312923938035965
"DM-8604",False,"test",0.0,0.0,0.0,0.33400505781173706,0.6417703628540039,0.0,0.0,0.0
"DM-8598",True,"test",0.0,0.0425487644970417,0.0,0.0,0.4538373053073883,0.37667787075042725,0.0,0.11729995161294937
"DM-8597",False,"test",0.0,0.0,0.0538623109459877,0.5446577072143555,0.32949402928352356,0.06498947739601135,0.0,0.0
"DM-8566",True,"test",0.0,0.28960520029067993,0.07620805501937866,0.14203011989593506,0.3690567910671234,0.0,0.0,0.10651450604200363
"DM-8562",False,"test",0.2868437170982361,0.14536207914352417,0.0,0.0,0.5427543520927429,0.0,0.0,0.0
"DM-8554",False,"test",0.0,0.0,0.0714431181550026,0.0,0.09745997190475464,0.6538059711456299,0.0,0.14775845408439636
"DM-8551",False,"test",0.0,0.0,0.0,0.5496317744255066,0.0,0.3315700590610504,0.0,0.10315316170454025
"DM-8550",False,"test",0.0,0.2754007577896118,0.0,0.0,0.22012443840503693,0.49056440591812134,0.0,0.0
"DM-8543",False,"test",0.0,0.0,0.0,0.17887289822101593,0.22210779786109924,0.243234321475029,0.0,0.34686800837516785
"DM-8537",False,"test",0.0,0.0,0.0,0.0,0.5545442700386047,0.31980767846107483,0.0,0.10667584091424942
"DM-8465",False,"test",0.025007637217640877,0.025004148483276367,0.02501082234084606,0.628849446773529,0.025005115196108818,0.025013010948896408,0.22110384702682495,0.025005988776683807
"DM-8464",True,"test",0.0250120609998703,0.02501087449491024,0.025013182312250137,0.639739453792572,0.025025736540555954,0.21017573773860931,0.025010230019688606,0.025012725964188576
"DM-8463",False,"test",0.025110432878136635,0.2015129178762436,0.025109799578785896,0.6478157639503479,0.02511141262948513,0.025116093456745148,0.025114309042692184,0.025109266862273216
"DM-8462",True,"test",0.18209630250930786,0.025008443742990494,0.025011498481035233,0.6678327322006226,0.025012033060193062,0.0250159353017807,0.025007350370287895,0.025015735998749733
"DM-8456",False,"test",0.02501887083053589,0.2277919054031372,0.025019029155373573,0.6220882534980774,0.02502114325761795,0.02502615563571453,0.025015924125909805,0.02501876838505268
"DM-8452",False,"test",0.02519276551902294,0.22244076430797577,0.02518073283135891,0.6264548897743225,0.025179259479045868,0.02519090473651886,0.025177650153636932,0.025182990357279778
"DM-8440",False,"test",0.0,0.0,0.0,0.2618657350540161,0.6947548389434814,0.0,0.0,0.0
"DM-8423",True,"test",0.07723668217658997,0.0,0.0,0.6467427611351013,0.0,0.22785885632038116,0.0,0.0
"DM-8422",True,"test",0.010431059636175632,0.010438265278935432,0.010428471490740776,0.6086702942848206,0.010443124920129776,0.32870399951934814,0.010432151146233082,0.010452649556100368
"DM-8420",True,"test",0.01130778156220913,0.011314485222101212,0.011304213665425777,0.7024810314178467,0.011316590011119843,0.2296518236398697,0.011309045366942883,0.011315081268548965
"DM-8415",False,"test",0.0,0.0,0.0,0.9683616757392883,0.0,0.0,0.0,0.0
"DM-8406",False,"test",0.0,0.0,0.0,0.0,0.9416154623031616,0.0,0.0,0.0
"DM-8394",False,"test",0.011425232514739037,0.09959738701581955,0.011412812396883965,0.3876257538795471,0.23193682730197906,0.011425351724028587,0.011413428001105785,0.23516316711902618
"DM-8390",False,"test",0.19265474379062653,0.0325341634452343,0.0,0.36252298951148987,0.10084514319896698,0.3014235198497772,0.0,0.0
"DM-8389",False,"test",0.19494663178920746,0.0,0.0,0.4811096489429474,0.296733021736145,0.0,0.0,0.0
"DM-8377",True,"test",0.22043856978416443,0.4883212745189667,0.0,0.0,0.1903572529554367,0.0,0.0,0.09130797535181046
"DM-8374",False,"test",0.0,0.0,0.256154865026474,0.5459622740745544,0.0,0.0,0.0,0.18721088767051697
"DM-8361",False,"test",0.0,0.09385653585195541,0.04969162493944168,0.0945495069026947,0.24578475952148438,0.0,0.07186964899301529,0.4413025677204132
"DM-8357",False,"test",0.01251255627721548,0.012513653375208378,0.01252657175064087,0.012515254318714142,0.6366228461265564,0.012526166625320911,0.28825414180755615,0.012528873048722744
"DM-8356",False,"test",0.012514644302427769,0.29381808638572693,0.012526199221611023,0.012515850365161896,0.6310541033744812,0.012528505176305771,0.012512598186731339,0.01252997200936079
"DM-8303",False,"test",0.0,0.0,0.5193814039230347,0.3573329746723175,0.0,0.0,0.0,0.11807826906442642
"DM-8298",False,"test",0.05132129043340683,0.0,0.5325450301170349,0.0,0.05263502150774002,0.0,0.348336398601532,0.0
"DM-8297",False,"test",0.06619668006896973,0.0,0.0,0.2362229824066162,0.0,0.0,0.0,0.6714937686920166
"DM-8286",False,"test",0.0,0.0,0.0,0.0,0.9675264358520508,0.0,0.0,0.0
"DM-8254",False,"test",0.0,0.0,0.0,0.0,0.3265983462333679,0.26377421617507935,0.0,0.3845817446708679
"DM-8249",False,"test",0.010443178936839104,0.010428737848997116,0.010423410683870316,0.010431988164782524,0.6361055374145508,0.3013010621070862,0.010421778075397015,0.010444295592606068
"DM-8245",False,"test",0.0,0.0,0.0,0.10305438935756683,0.16466781497001648,0.0,0.0,0.7089998126029968
"DM-8235",False,"test",0.015648681670427322,0.01564554125070572,0.015655800700187683,0.01565266214311123,0.35320940613746643,0.015656497329473495,0.015666835010051727,0.5528645515441895
"DM-8232",False,"test",0.0,0.0,0.0,0.15833516418933868,0.7956971526145935,0.0,0.0,0.0
"DM-8226",False,"test",0.06621908396482468,0.0,0.0,0.03729463368654251,0.6091758608818054,0.0,0.2725209593772888,0.0
"DM-8224",False,"test",0.3347555994987488,0.0,0.0,0.25585195422172546,0.23333729803562164,0.07710821181535721,0.0928119495511055,0.0
"DM-8214",False,"test",0.0,0.0,0.0,0.0,0.0,0.9538488984107971,0.0,0.0
"DM-8211",False,"test",0.0,0.0,0.37533631920814514,0.10635220259428024,0.0,0.08145350962877274,0.0,0.424928218126297
"DM-8210",False,"test",0.0,0.0,0.0,0.3016176223754883,0.0,0.12780746817588806,0.16400347650051117,0.38654544949531555
"DM-8201",False,"test",0.1116102859377861,0.0,0.0,0.0,0.0,0.8488482236862183,0.0,0.0
"DM-8196",False,"test",0.0,0.4526249170303345,0.0,0.5003854036331177,0.0,0.0,0.0,0.0
"DM-8182",False,"test",0.0,0.0,0.0,0.0,0.9414546489715576,0.0,0.0,0.0
"DM-8176",False,"test",0.01793130487203598,0.1464570015668869,0.017874443903565407,0.017885643988847733,0.017890337854623795,0.017888199537992477,0.017903784289956093,0.7461692690849304
"DM-8160",False,"test",0.18880067765712738,0.0,0.0,0.0,0.2014712691307068,0.4165308475494385,0.17067156732082367,0.0
"DM-8157",True,"test",0.0,0.0,0.0,0.0,0.0,0.0,0.0,0.958770215511322
"DM-8155",False,"test",0.0,0.41536375880241394,0.11679472029209137,0.4427690804004669,0.0,0.0,0.0,0.0
"DM-8147",False,"test",0.199144646525383,0.04227562993764877,0.6793830394744873,0.04703114181756973,0.02840820513665676,0.0,0.0,0.0
"DM-8145",True,"test",0.317837119102478,0.0,0.0,0.6521090865135193,0.0,0.0,0.0,0.0
"DM-8143",False,"test",0.0,0.0,0.1475445181131363,0.0,0.38778385519981384,0.4524931013584137,0.0,0.0
"DM-8138",False,"test",0.34617748856544495,0.0,0.0,0.0,0.5993550419807434,0.0,0.0,0.0
"DM-8125",True,"test",0.0,0.0,0.0,0.21798409521579742,0.5821922421455383,0.05994119495153427,0.0,0.11579366028308868
"DM-8113",False,"test",0.0,0.0,0.0,0.0,0.8829232454299927,0.09104099124670029,0.0,0.0
"DM-8109",False,"test",0.0,0.0,0.0,0.34860938787460327,0.6096353530883789,0.0,0.0,0.0
"DM-8108",False,"test",0.0,0.0,0.0,0.0,0.956250786781311,0.0,0.0,0.0
"DM-8107",True,"test",0.0,0.0,0.0,0.0,0.9374235272407532,0.0,0.0,0.0
"DM-8106",False,"test",0.0,0.0,0.3936045467853546,0.0,0.15280185639858246,0.4389319121837616,0.0,0.0
"DM-8103",False,"test",0.0,0.0,0.0,0.0,0.9415740966796875,0.0,0.0,0.0
"DM-8095",False,"test",0.13453465700149536,0.0,0.4538688063621521,0.19692274928092957,0.08277791738510132,0.12464753538370132,0.0,0.0
"DM-8066",False,"test",0.07074619084596634,0.0,0.0,0.3006311058998108,0.5475850701332092,0.0,0.07044535130262375,0.0
"DM-8057",False,"test",0.0,0.0,0.13649562001228333,0.0,0.43960270285606384,0.25264084339141846,0.1589149385690689,0.0
"DM-8049",False,"test",0.0,0.0,0.0,0.3393847644329071,0.0,0.35196638107299805,0.06873434782028198,0.22026124596595764
"DM-8043",False,"test",0.0,0.0,0.0,0.6233993768692017,0.0,0.3064168691635132,0.05059752240777016,0.0
"DM-8040",False,"test",0.0,0.0,0.0,0.2594040036201477,0.0,0.5529118180274963,0.0,0.16636550426483154
"DM-8033",False,"test",0.011370345018804073,0.011369729414582253,0.011369990184903145,0.9203858375549316,0.0113791823387146,0.011374185793101788,0.011371782049536705,0.011378956027328968
"DM-8030",False,"test",0.18982452154159546,0.10298430174589157,0.0,0.6728390455245972,0.0,0.0,0.0,0.0
"DM-8027",False,"test",0.0,0.0,0.0,0.0,0.23781801760196686,0.7027093768119812,0.0,0.0
"DM-8026",False,"test",0.012535505928099155,0.012533982284367085,0.012547836638987064,0.012548917904496193,0.2597849369049072,0.01254106592386961,0.32796695828437805,0.3495407700538635
"DM-8019",False,"test",0.0,0.0,0.0,0.21765705943107605,0.5269084572792053,0.23359414935112,0.0,0.0
"DM-8016",False,"test",0.0,0.0,0.0,0.0,0.0,0.9600830674171448,0.0,0.0
"DM-8006",False,"test",0.0,0.0,0.0,0.519262969493866,0.0,0.44320252537727356,0.0,0.0
"DM-7995",False,"test",0.0,0.0,0.0,0.4506962299346924,0.23715756833553314,0.0,0.0,0.2849278151988983
"DM-7976",True,"test",0.020247653126716614,0.0,0.6177634000778198,0.3451768159866333,0.0,0.013510002754628658,0.0,0.0
"DM-7969",False,"test",0.0,0.0,0.0,0.4773716628551483,0.0,0.5034177303314209,0.0,0.0
"DM-7959",False,"test",0.0,0.0,0.0,0.0,0.9563162922859192,0.0,0.0,0.0
"DM-7957",False,"test",0.0,0.08398755639791489,0.0,0.18522264063358307,0.43678396940231323,0.0,0.2626960873603821,0.0
"DM-7955",False,"test",0.0,0.3229276239871979,0.0,0.0,0.46647343039512634,0.19417761266231537,0.0,0.0
"DM-7950",True,"test",0.0,0.0,0.020732980221509933,0.4405708611011505,0.22919191420078278,0.0,0.07362121343612671,0.23387575149536133
"DM-7949",False,"test",0.4535084664821625,0.0,0.0,0.0,0.1761515885591507,0.27379992604255676,0.0,0.08872081339359283
"DM-7947",False,"test",0.010437470860779285,0.01044020801782608,0.01043441891670227,0.5097553730010986,0.010436022654175758,0.010441498830914497,0.01042966265231371,0.42762529850006104
"DM-7946",False,"test",0.0,0.0,0.0,0.3011772334575653,0.17098185420036316,0.0,0.0,0.48311057686805725
"DM-7941",False,"test",0.0,0.0,0.0,0.9101617932319641,0.07336382567882538,0.0,0.0,0.0
"DM-7939",False,"test",0.010436813347041607,0.8269675374031067,0.010435937903821468,0.010441762395203114,0.010465176776051521,0.11037785559892654,0.01043826062232256,0.010436617769300938
"DM-7938",False,"test",0.0,0.0,0.0,0.0,0.8336970210075378,0.11262650042772293,0.0,0.0
"DM-7927",False,"test",0.0,0.0,0.0,0.0,0.0,0.7912538647651672,0.0,0.18993200361728668
"DM-7921",False,"test",0.0,0.0,0.0,0.0,0.0,0.9675455093383789,0.0,0.0
"DM-7913",False,"test",0.07334131002426147,0.0,0.10572902858257294,0.1746712476015091,0.0,0.0,0.0,0.6290763020515442
"DM-7912",False,"test",0.0,0.0,0.0,0.0,0.571191668510437,0.3944300413131714,0.0,0.0
"DM-7895",False,"test",0.0,0.0,0.0,0.3898395001888275,0.0,0.5572054982185364,0.0,0.0
"DM-7894",False,"test",0.0,0.0,0.0,0.0,0.2948932647705078,0.6835101246833801,0.0,0.0
"DM-7889",True,"test",0.0,0.0,0.0,0.0,0.0,0.9484562873840332,0.0,0.0
"DM-7869",False,"test",0.0,0.0,0.25980669260025024,0.24074064195156097,0.0,0.4513053894042969,0.0,0.0
"DM-7855",False,"test",0.01251205150038004,0.29035866260528564,0.012510147877037525,0.012534281238913536,0.01253468357026577,0.6345168352127075,0.012516883201897144,0.012516411021351814
"DM-7848",False,"test",0.011590718291699886,0.011594293639063835,0.011596670374274254,0.011598633602261543,0.6036399602890015,0.01160140335559845,0.10935515910387039,0.22902321815490723
"DM-7843",False,"test",0.024613579735159874,0.02462867833673954,0.33444881439208984,0.024652520194649696,0.5177485346794128,0.024625003337860107,0.024675339460372925,0.024607568979263306
"DM-7828",True,"test",0.0,0.4864603877067566,0.0,0.4179624021053314,0.06949277222156525,0.0,0.0,0.0
"DM-7826",False,"test",0.0,0.0,0.0,0.6340776085853577,0.0,0.0,0.0,0.34561076760292053
"DM-7825",False,"test",0.0,0.0,0.0,0.48870253562927246,0.4636254906654358,0.0,0.0,0.04307037964463234
"DM-7809",False,"test",0.0,0.0,0.07745198160409927,0.722615659236908,0.16309326887130737,0.0,0.0,0.0
"DM-7803",False,"test",0.0,0.0,0.0,0.11548515409231186,0.0,0.6816263794898987,0.16603823006153107,0.0
"DM-7801",True,"test",0.0,0.0,0.0,0.563186764717102,0.0,0.0,0.0,0.4147225618362427
"DM-7797",True,"test",0.0,0.0,0.0,0.6584023237228394,0.0,0.0,0.0,0.32012656331062317
"DM-7789",True,"test",0.015642203390598297,0.2807803750038147,0.015632465481758118,0.015647700056433678,0.2665848433971405,0.015663841739296913,0.01565260998904705,0.3743959665298462
"DM-7782",False,"test",0.0,0.0,0.0,0.4848337471485138,0.0,0.0,0.18392659723758698,0.29828014969825745
"DM-7761",False,"test",0.0,0.0,0.0,0.1051584929227829,0.0,0.0,0.0,0.8733822703361511
"DM-7760",False,"test",0.0,0.0,0.0,0.7943081259727478,0.0,0.0,0.0,0.19973476231098175
"DM-7736",False,"test",0.0,0.0,0.0,0.9687265157699585,0.0,0.0,0.0,0.0
"DM-7720",True,"test",0.0,0.04043035954236984,0.0,0.635897696018219,0.3083895742893219,0.0,0.0,0.0
"DM-7716",False,"test",0.12897247076034546,0.0,0.0,0.5551126003265381,0.0,0.2987143397331238,0.0,0.0
"DM-7704",False,"test",0.0,0.42607352137565613,0.03444979712367058,0.0,0.3072863519191742,0.22148331999778748,0.0,0.0
"DM-7697",False,"test",0.0,0.037240710109472275,0.4907907247543335,0.22338885068893433,0.0,0.0,0.0,0.2342645525932312
"DM-7669",False,"test",0.0180360134691,0.018032830208539963,0.018021883442997932,0.01804002746939659,0.018036535009741783,0.4712393283843994,0.42056170105934143,0.018031714484095573
"DM-7668",False,"test",0.025059858337044716,0.025038301944732666,0.025036659091711044,0.8246273994445801,0.025090787559747696,0.0250569935888052,0.025049902498722076,0.025040119886398315
"DM-7655",False,"test",0.0,0.0,0.0,0.0,0.0,0.0,0.2704220712184906,0.6919527053833008
"DM-7622",True,"test",0.0,0.0,0.2819458246231079,0.5404728055000305,0.06121889501810074,0.0,0.11269564926624298,0.0
"DM-7611",False,"test",0.01790756732225418,0.20848996937274933,0.017892852425575256,0.5402280688285828,0.01792522706091404,0.01788320206105709,0.1617906093597412,0.017882496118545532
"DM-7582",True,"test",0.0,0.0,0.0,0.581020176410675,0.2514422535896301,0.0,0.1424807608127594,0.0
"DM-7578",False,"test",0.12697425484657288,0.0,0.0,0.0,0.8506229519844055,0.0,0.0,0.0
"DM-7562",False,"test",0.0,0.11356256902217865,0.037174105644226074,0.234352245926857,0.3678508400917053,0.12552125751972198,0.11542534083127975,0.0
"DM-7559",False,"test",0.16028115153312683,0.0,0.09844055026769638,0.0,0.6965523362159729,0.0,0.0,0.0
"DM-7546",False,"test",0.0,0.40363451838493347,0.0,0.0684550553560257,0.19167061150074005,0.2328198403120041,0.10052133351564407,0.0
"DM-7521",True,"test",0.0,0.0,0.0,0.2606697380542755,0.6437051892280579,0.0,0.0,0.08842435479164124
"DM-7518",False,"test",0.0,0.0,0.0,0.4763830602169037,0.0,0.0,0.0,0.48407837748527527
"DM-7510",False,"test",0.017885034903883934,0.017870038747787476,0.017881659790873528,0.5208873748779297,0.017895417287945747,0.017885103821754456,0.01787526160478592,0.3718200623989105
"DM-7504",False,"test",0.0,0.028681091964244843,0.0,0.0,0.1481761932373047,0.511889636516571,0.0,0.2952319085597992
"DM-7503",False,"test",0.0,0.0,0.0,0.24066628515720367,0.21464745700359344,0.5115268230438232,0.0,0.0
"DM-7494",False,"test",0.0,0.0,0.0,0.0,0.9326274394989014,0.0,0.0,0.0
"DM-7490",True,"test",0.0,0.0,0.0,0.18225480616092682,0.0,0.7048125863075256,0.0,0.08103560656309128
"DM-7489",False,"test",0.0,0.0,0.0,0.0,0.09463552385568619,0.7762464284896851,0.10197701305150986,0.0
"DM-7468",True,"test",0.0,0.0,0.0,0.0,0.5806286931037903,0.0,0.0,0.36977511644363403
"DM-7466",True,"test",0.3980502784252167,0.01788337156176567,0.017879940569400787,0.2250569611787796,0.0178903266787529,0.01788756065070629,0.017934061586856842,0.2874174416065216
"DM-7457",False,"test",0.6084058284759521,0.0,0.019714996218681335,0.0280774999409914,0.051031600683927536,0.02649250626564026,0.19277971982955933,0.06431315839290619
"DM-7456",False,"test",0.4415985345840454,0.0,0.0,0.0,0.0,0.509007453918457,0.0,0.0
"DM-7455",False,"test",0.0,0.0,0.0,0.0,0.10649656504392624,0.8492659330368042,0.0,0.0
"DM-7447",False,"test",0.0,0.0,0.0,0.09916394203901291,0.0,0.8708016872406006,0.0,0.0
"DM-7442",False,"test",0.0,0.0,0.0,0.9538042545318604,0.0,0.0,0.0,0.0
"DM-7431",False,"test",0.012515527196228504,0.012509179301559925,0.01250898651778698,0.012516490183770657,0.012521078810095787,0.6309135556221008,0.012527510523796082,0.29398760199546814
"DM-7423",False,"test",0.22801326215267181,0.010697221383452415,0.010693933814764023,0.010699260048568249,0.7077953219413757,0.010703317821025848,0.010701159946620464,0.010696540586650372
"DM-7418",False,"test",0.6295377612113953,0.017877433449029922,0.01787727139890194,0.017893191426992416,0.017893783748149872,0.01790197752416134,0.01788782887160778,0.2631307542324066
"DM-7417",False,"test",0.38005122542381287,0.014020286500453949,0.014037630520761013,0.014018688350915909,0.014016612432897091,0.014020181261003017,0.014016235247254372,0.5358191132545471
"DM-7410",False,"test",0.015634771436452866,0.01564226672053337,0.015637382864952087,0.01564265415072441,0.015636911615729332,0.01563372276723385,0.8905382752418518,0.015633990988135338
"DM-7408",False,"test",0.013899208977818489,0.013904971070587635,0.013901225291192532,0.013905069790780544,0.013900862075388432,0.013898398727178574,0.9026916027069092,0.013898605480790138
"DM-7406",False,"test",0.0,0.0,0.0,0.23842254281044006,0.0,0.6669498682022095,0.07933834940195084,0.0
"DM-7392",False,"test",0.0,0.44805654883384705,0.0,0.0,0.5026499032974243,0.0,0.0,0.0
"DM-7385",False,"test",0.07785243541002274,0.0,0.0,0.562004804611206,0.33498886227607727,0.0,0.0,0.0
"DM-7372",False,"test",0.0,0.0,0.0,0.0,0.9418902397155762,0.0,0.0,0.0
"DM-7358",False,"test",0.0,0.7618346214294434,0.0,0.0,0.0,0.0,0.18453994393348694,0.0
"DM-7327",False,"test",0.29927194118499756,0.015637904405593872,0.015643207356333733,0.015649273991584778,0.6068837642669678,0.015637196600437164,0.015635760501027107,0.015640955418348312
"DM-7326",False,"test",0.33952397108078003,0.0,0.0,0.0,0.0,0.0,0.0,0.6291874647140503
"DM-7325",False,"test",0.35202112793922424,0.012510670349001884,0.30963560938835144,0.012517370283603668,0.012527216225862503,0.0125336404889822,0.012516526505351067,0.27573782205581665
"DM-7315",False,"test",0.013900256715714931,0.3275766670703888,0.013922040350735188,0.013924351893365383,0.013919874094426632,0.01390616875141859,0.2980513572692871,0.30479925870895386
"DM-7306",False,"test",0.5691365599632263,0.03160783275961876,0.03158491104841232,0.03163384646177292,0.03159357234835625,0.03158466890454292,0.24128149449825287,0.031577128916978836
"DM-7301",False,"test",0.2830725908279419,0.2863319516181946,0.0317535363137722,0.0317438505589962,0.03173242136836052,0.031731583178043365,0.2718994617462158,0.03173463046550751
"DM-7300",False,"test",0.03170139715075493,0.5088273882865906,0.031591035425662994,0.031569309532642365,0.03154372051358223,0.03153489530086517,0.301690012216568,0.031542278826236725
"DM-7275",False,"test",0.0,0.1060534119606018,0.0,0.0,0.709561288356781,0.05446184054017067,0.0,0.11601407825946808
"DM-7268",False,"test",0.0,0.0,0.0,0.6581998467445374,0.1612781286239624,0.0,0.0,0.15347112715244293
"DM-7260",False,"test",0.5480402112007141,0.0,0.0,0.0,0.0,0.3562854826450348,0.058849602937698364,0.0
"DM-7250",False,"test",0.14528414607048035,0.665202260017395,0.0,0.0,0.0,0.0,0.0,0.15313856303691864
"DM-7224",False,"test",0.0,0.0,0.0,0.0,0.0,0.5689155459403992,0.22295643389225006,0.17944979667663574
"DM-7223",False,"test",0.23786671459674835,0.0,0.0,0.0,0.3174516558647156,0.0,0.0,0.4099048376083374
"DM-7214",False,"test",0.012527938932180405,0.012545231729745865,0.012540681287646294,0.012528911232948303,0.7080541849136353,0.01254345290362835,0.2167414426803589,0.012518160045146942
"DM-7182",True,"test",0.2179604172706604,0.0,0.0,0.0,0.3333614766597748,0.2668623924255371,0.0,0.16254624724388123
"DM-7180",False,"test",0.012532097287476063,0.012543631717562675,0.012531310319900513,0.7100383043289185,0.01254958938807249,0.21472986042499542,0.01253590453416109,0.012539244256913662
"DM-7179",False,"test",0.21736940741539001,0.0,0.0,0.0,0.3581559658050537,0.3476863205432892,0.0,0.05888429284095764
"DM-7176",False,"test",0.0,0.0,0.0,0.0,0.948480486869812,0.0,0.0,0.0
"DM-7173",False,"test",0.43102407455444336,0.015694690868258476,0.4747353792190552,0.01570954918861389,0.015714025124907494,0.015699097886681557,0.015703445300459862,0.015719730406999588
"DM-7172",False,"test",0.015671569854021072,0.01567838527262211,0.015657978132367134,0.01566018909215927,0.2572197914123535,0.4782893657684326,0.015643823891878128,0.18617889285087585
"DM-7171",False,"test",0.0,0.0,0.0,0.0,0.7507997155189514,0.0,0.0,0.22546355426311493
"DM-7168",False,"test",0.0,0.069109246134758,0.630074679851532,0.0,0.0,0.0,0.28708940744400024,0.0
"DM-7157",False,"test",0.0,0.689709484577179,0.0,0.06858524680137634,0.0,0.2176254689693451,0.0,0.0
"DM-7156",False,"test",0.0,0.0,0.0,0.6380820870399475,0.33708804845809937,0.0,0.0,0.0
"DM-7155",False,"test",0.0,0.0,0.0,0.5408447980880737,0.35951724648475647,0.0,0.07944320887327194,0.0
"DM-7137",False,"test",0.0,0.0,0.5261605978012085,0.22593796253204346,0.0,0.08536044508218765,0.0,0.15567879378795624
"DM-7129",False,"test",0.0,0.0,0.0,0.46666157245635986,0.32420361042022705,0.18413329124450684,0.0,0.0
"DM-7128",False,"test",0.024848531931638718,0.02485165186226368,0.02484801970422268,0.8259287476539612,0.024873603135347366,0.024922849610447884,0.0248755794018507,0.024850966408848763
"DM-7126",False,"test",0.02502310834825039,0.537945032119751,0.02502732165157795,0.02501642517745495,0.31192588806152344,0.02502058446407318,0.025023849681019783,0.02501780539751053
"DM-7119",False,"test",0.0,0.0,0.0,0.28239861130714417,0.2862434983253479,0.0,0.0,0.41396090388298035
"DM-7113",True,"test",0.0,0.38948702812194824,0.0,0.0,0.10274332016706467,0.448142409324646,0.051850974559783936,0.0
"DM-7088",False,"test",0.0,0.0,0.0,0.0,0.24253283441066742,0.0,0.0,0.70382159948349
"DM-7068",False,"test",0.0,0.0,0.0,0.11027007550001144,0.23035499453544617,0.3915320336818695,0.0,0.2630229890346527
"DM-7065",False,"test",0.0,0.0,0.0,0.0,0.2566814422607422,0.14849454164505005,0.0,0.5663683414459229
"DM-7057",False,"test",0.025007339194417,0.02500731125473976,0.02503897249698639,0.6004387140274048,0.02502119168639183,0.025019541382789612,0.025013091042637825,0.24945387244224548
"DM-7055",False,"test",0.0,0.0,0.0,0.0,0.17982062697410583,0.23180198669433594,0.0,0.5496759414672852
"DM-7049",False,"test",0.0,0.0,0.0,0.3938564658164978,0.4134520888328552,0.18327821791172028,0.0,0.0
"DM-7044",False,"test",0.05756291747093201,0.0,0.0,0.0,0.9182002544403076,0.0,0.0,0.0
"DM-7038",True,"test",0.0,0.0,0.0,0.0,0.3029577136039734,0.0,0.0,0.6405982971191406
"DM-7029",False,"test",0.0,0.0,0.0,0.5041733980178833,0.0,0.21305041015148163,0.0,0.2755472660064697
"DM-7022",False,"test",0.0,0.0,0.0,0.21216441690921783,0.39151617884635925,0.013960307464003563,0.0,0.3661956489086151
"DM-7017",False,"test",0.0,0.0,0.0,0.09485485404729843,0.0,0.051278963685035706,0.0,0.8240629434585571
"DM-7016",False,"test",0.0,0.0,0.0,0.47953540086746216,0.48476848006248474,0.0,0.0,0.0
"DM-7014",False,"test",0.011399835348129272,0.01139048207551241,0.011373433284461498,0.011386032216250896,0.16509142518043518,0.01139970775693655,0.011374721303582191,0.7665843963623047
"DM-7010",False,"test",0.0,0.08303786814212799,0.0,0.3427565395832062,0.13617642223834991,0.19989196956157684,0.0,0.22835643589496613
"DM-7007",False,"test",0.0,0.0,0.0,0.0,0.9324669241905212,0.0,0.0,0.0
"DM-7001",False,"test",0.011382496915757656,0.011383078061044216,0.11954198032617569,0.01140263956040144,0.8121020793914795,0.011389832012355328,0.011385075747966766,0.01141282171010971
"DM-6988",False,"test",0.0,0.0,0.0,0.4508628845214844,0.0,0.5115588903427124,0.0,0.0
"DM-6974",True,"test",0.0,0.0,0.0,0.4430393576622009,0.4370332658290863,0.0,0.09271232038736343,0.0
"DM-6973",False,"test",0.6711099743843079,0.010456421412527561,0.01044683437794447,0.010454620234668255,0.010463300161063671,0.010465206578373909,0.26615190505981445,0.01045171171426773
"DM-6942",False,"test",0.0,0.0,0.0,0.2547021806240082,0.4466179609298706,0.0,0.0,0.26738640666007996
"DM-6941",False,"test",0.0,0.0,0.0,0.5033676624298096,0.0,0.0,0.4465097188949585,0.0
"DM-6929",False,"test",0.0,0.0,0.0,0.2082347273826599,0.6132199764251709,0.0,0.0,0.15975144505500793
"DM-6923",False,"test",0.0,0.0,0.0,0.6567842364311218,0.3261447548866272,0.0,0.0,0.0
"DM-6908",False,"test",0.011376638896763325,0.011369488202035427,0.01138134766370058,0.011378591880202293,0.7605917453765869,0.17113694548606873,0.011373675428330898,0.0113915940746665
"DM-6905",False,"test",0.0,0.0,0.0,0.0,0.0,0.5133052468299866,0.0,0.4330437183380127
"DM-6893",False,"test",0.0,0.0,0.0,0.4079580008983612,0.24620893597602844,0.30263715982437134,0.03409097343683243,0.0
"DM-6886",False,"test",0.0,0.0,0.6280079483985901,0.2511111795902252,0.11360608041286469,0.0,0.0,0.0
"DM-6860",False,"test",0.0,0.0554203987121582,0.0,0.9304338097572327,0.0,0.0,0.0,0.0
"DM-6832",False,"test",0.02501560188829899,0.02502688765525818,0.025037316605448723,0.6073929071426392,0.025009868666529655,0.025016210973262787,0.2424645572900772,0.025036649778485298
"DM-6831",False,"test",0.02502056583762169,0.025013959035277367,0.025019468739628792,0.6093800663948059,0.025013482198119164,0.025017395615577698,0.24048766493797302,0.025047386065125465
"DM-6830",False,"test",0.07427223771810532,0.0,0.0,0.5461370944976807,0.3735524117946625,0.0,0.0,0.0
"DM-6824",False,"test",0.0,0.0,0.0,0.0,0.5259007811546326,0.26244938373565674,0.1785973310470581,0.0
"DM-6818",False,"test",0.0,0.0,0.0,0.36782628297805786,0.0,0.5945749282836914,0.0,0.0
"DM-6817",False,"test",0.0,0.0,0.0,0.4083635210990906,0.0,0.5473917722702026,0.0,0.0
"DM-6816",False,"test",0.3558482229709625,0.0,0.0,0.0,0.0,0.6046262979507446,0.0,0.0
"DM-6814",False,"test",0.021042445674538612,0.021033935248851776,0.021070895716547966,0.0210284311324358,0.5146075487136841,0.021041110157966614,0.35915395617485046,0.021021634340286255
"DM-6812",False,"test",0.020605970174074173,0.32252976298332214,0.1108173131942749,0.14780203998088837,0.2111527919769287,0.0,0.18082790076732635,0.0
"DM-6724",False,"test",0.0,0.08672050386667252,0.26267632842063904,0.0,0.4960539937019348,0.0,0.0,0.12671798467636108
"DM-6653",True,"test",0.0,0.0,0.0,0.0,0.0,0.45511874556541443,0.0,0.5122186541557312
"DM-6652",False,"test",0.09706290066242218,0.0,0.0,0.2239297479391098,0.3131100535392761,0.35973697900772095,0.0,0.0
"DM-6651",False,"test",0.0,0.0,0.0,0.44822829961776733,0.5357880592346191,0.0,0.0,0.0
"DM-6641",False,"test",0.0,0.0,0.1552744209766388,0.44260546565055847,0.20284490287303925,0.0,0.0,0.18554100394248962
"DM-6631",False,"test",0.039958078414201736,0.0,0.0,0.15889111161231995,0.7915431261062622,0.0,0.0,0.0
"DM-6626",False,"test",0.05891489237546921,0.0,0.8006603121757507,0.12215448170900345,0.0,0.0,0.01303345151245594,0.0
"DM-6620",False,"test",0.0,0.04454782232642174,0.0,0.9402438998222351,0.0,0.0,0.0,0.0
"DM-6611",False,"test",0.01764841377735138,0.35450443625450134,0.01764049381017685,0.017631594091653824,0.5396157503128052,0.017631804570555687,0.017655493691563606,0.017671974375844002
"DM-6610",False,"test",0.16494807600975037,0.0,0.0,0.0,0.0,0.19193026423454285,0.0,0.6101774573326111
"DM-6590",False,"test",0.0,0.0,0.12873424589633942,0.3353792726993561,0.2990693747997284,0.0,0.11758027225732803,0.11023581027984619
"DM-6580",False,"test",0.0,0.0,0.0,0.5071927905082703,0.23889289796352386,0.0,0.21217575669288635,0.0
"DM-6576",False,"test",0.0,0.0,0.060640789568424225,0.5599492192268372,0.0,0.35103029012680054,0.0,0.0
"DM-6566",False,"test",0.020151108503341675,0.020143141970038414,0.30324721336364746,0.02016502618789673,0.5757894515991211,0.020173316821455956,0.020174622535705566,0.020156120881438255
"DM-6562",False,"test",0.0,0.0,0.0,0.6273090243339539,0.0,0.36138448119163513,0.0,0.0
"DM-6550",True,"test",0.0,0.0,0.06172284856438637,0.0,0.914422333240509,0.0,0.015217789448797703,0.0
"DM-6548",True,"test",0.0,0.0,0.0,0.0,0.5109285712242126,0.4389984905719757,0.0,0.0
"DM-6546",False,"test",0.0,0.0,0.0,0.0,0.5802004337310791,0.2151205688714981,0.17737644910812378,0.0
"DM-6529",False,"test",0.028986599296331406,0.0,0.1632462441921234,0.663667619228363,0.11251826584339142,0.0,0.030388902872800827,0.0
"DM-6522",False,"test",0.013659068383276463,0.01365710236132145,0.013656292110681534,0.013664942234754562,0.9043409824371338,0.013661234639585018,0.013665508478879929,0.01369491033256054
"DM-6519",False,"test",0.012517337687313557,0.40890592336654663,0.012530574575066566,0.11963919550180435,0.40879783034324646,0.01253283116966486,0.012531653046607971,0.012544685043394566
"DM-6518",False,"test",0.0,0.0,0.3015458285808563,0.1531020849943161,0.5228055715560913,0.0,0.0,0.0
"DM-6501",False,"test",0.0,0.0,0.0,0.7651081681251526,0.17471235990524292,0.0,0.03993605449795723,0.0
"DM-6497",False,"test",0.0,0.16105563938617706,0.03467418998479843,0.0,0.5344780087471008,0.2597094178199768,0.0,0.0
"DM-6494",False,"test",0.6491273045539856,0.0,0.16039174795150757,0.1721087545156479,0.014719058759510517,0.0,0.0,0.0
"DM-6490",False,"test",0.1453426629304886,0.0,0.0,0.3801383078098297,0.29434934258461,0.10956918448209763,0.046336229890584946,0.01686764881014824
"DM-6474",False,"test",0.0,0.0,0.0,0.0,0.8583300709724426,0.0,0.0,0.09161879122257233
"DM-6467",False,"test",0.0,0.0,0.0,0.5698482394218445,0.21429353952407837,0.1972641944885254,0.0,0.0
"DM-6466",False,"test",0.0,0.0,0.0,0.6990755796432495,0.2703847587108612,0.0,0.0,0.0
"DM-6464",False,"test",0.3635118901729584,0.0,0.0,0.5941535830497742,0.0,0.0,0.0,0.0
"DM-6459",False,"test",0.011578314937651157,0.011556144803762436,0.011554173193871975,0.4563142955303192,0.4743608236312866,0.011547023430466652,0.011544331908226013,0.011544878594577312
"DM-6458",False,"test",0.0,0.0,0.0,0.0,0.29489076137542725,0.0,0.3598516285419464,0.3061097264289856
"DM-6457",False,"test",0.0,0.0,0.0,0.0,0.7850422263145447,0.0,0.1610744744539261,0.0
"DM-6439",False,"test",0.0,0.0,0.0,0.9481210708618164,0.0,0.0,0.0,0.0
"DM-6392",False,"test",0.3793935179710388,0.012521035969257355,0.012512756511569023,0.012524490244686604,0.1893206536769867,0.012518862262368202,0.3686942458152771,0.012514476664364338
"DM-6376",False,"test",0.018574334681034088,0.018567446619272232,0.018558956682682037,0.19611667096614838,0.4079325795173645,0.018569454550743103,0.018555739894509315,0.3031248450279236
"DM-6373",False,"test",0.0,0.0,0.0,0.5911345481872559,0.3120671808719635,0.0,0.07841170579195023,0.0
"DM-6364",True,"test",0.031329233199357986,0.03132728487253189,0.031290680170059204,0.31072402000427246,0.5014057755470276,0.03133136406540871,0.031280457973480225,0.03131118416786194
"DM-6362",False,"test",0.04306308180093765,0.04306350275874138,0.29697293043136597,0.04307721555233002,0.04305923730134964,0.44464197754859924,0.04306142404675484,0.04306060075759888
"DM-6361",False,"test",0.0436425656080246,0.043642785400152206,0.043642558157444,0.04364236444234848,0.04364259913563728,0.3427487015724182,0.3953956961631775,0.043642692267894745
"DM-6358",False,"test",0.01408871915191412,0.014096679165959358,0.01408681645989418,0.014107798226177692,0.014088572934269905,0.16538017988204956,0.7500611543655396,0.014090127311646938
"DM-6356",False,"test",0.0,0.0,0.0,0.0,0.8949708342552185,0.054600585252046585,0.0,0.0
"DM-6348",False,"test",0.0,0.0,0.0,0.0,0.36903756856918335,0.11245778948068619,0.4703309237957001,0.0
"DM-6343",False,"test",0.0,0.0,0.0,0.18650807440280914,0.17883092164993286,0.0,0.32517650723457336,0.29380953311920166
"DM-6331",False,"test",0.011118954047560692,0.011137864552438259,0.011120125651359558,0.21724353730678558,0.7159949541091919,0.011135190725326538,0.011125619523227215,0.011123745702207088
"DM-6309",False,"test",0.0,0.0,0.0,0.10531720519065857,0.38341882824897766,0.0,0.4776214361190796,0.0
"DM-6304",False,"test",0.0,0.0,0.0,0.9333812594413757,0.0,0.0,0.0,0.0
"DM-6303",False,"test",0.012643694877624512,0.012633816339075565,0.265167772769928,0.6590098738670349,0.012631773017346859,0.01263255625963211,0.012638168409466743,0.012642355635762215
"DM-6298",True,"test",0.0,0.0,0.0,0.517558217048645,0.0,0.0,0.0,0.45759117603302
"DM-6297",False,"test",0.0,0.0,0.0,0.5614314079284668,0.0,0.0,0.0,0.4137096703052521
"DM-6293",False,"test",0.0,0.0,0.5323764085769653,0.12870129942893982,0.3306983709335327,0.0,0.0,0.0
"DM-6288",False,"test",0.0,0.0,0.0,0.4546333849430084,0.0,0.2780902087688446,0.0,0.23601435124874115
"DM-6286",True,"test",0.0,0.0350043922662735,0.0,0.0,0.19755731523036957,0.6412965059280396,0.03354634717106819,0.0834144726395607
"DM-6259",False,"test",0.01398351788520813,0.01399165578186512,0.013990477658808231,0.014012409374117851,0.45698392391204834,0.014002920128405094,0.45904818177223206,0.013986947014927864
"DM-6257",False,"test",0.01567962020635605,0.015691807493567467,0.015682941302657127,0.43572089076042175,0.015686873346567154,0.015688173472881317,0.4701756536960602,0.015674058347940445
"DM-6251",False,"test",0.0,0.0,0.0,0.6348664164543152,0.0,0.0,0.0,0.3233150541782379
"DM-6249",False,"test",0.010428700596094131,0.278359979391098,0.010424637235701084,0.010447273962199688,0.6590486764907837,0.010438548400998116,0.010425477288663387,0.010426677763462067
"DM-6247",False,"test",0.0,0.20159997045993805,0.08705666661262512,0.0,0.0,0.0,0.34617871046066284,0.3373246490955353
"DM-6246",False,"test",0.0,0.0,0.0,0.2601562440395355,0.37720727920532227,0.23333190381526947,0.0,0.12094343453645706
"DM-6244",False,"test",0.0,0.0,0.0,0.566621720790863,0.3091891407966614,0.0,0.10259789228439331,0.0
"DM-6243",False,"test",0.0,0.0,0.0,0.6215810179710388,0.07590429484844208,0.25045010447502136,0.03853072226047516,0.0
"DM-6240",False,"test",0.0,0.0,0.0,0.0,0.478532075881958,0.4947511851787567,0.0,0.0
"DM-6239",False,"test",0.0,0.0,0.0,0.0,0.0,0.9582777619361877,0.0,0.0
"DM-6238",False,"test",0.03130178153514862,0.03129776567220688,0.03126687556505203,0.031300559639930725,0.031344108283519745,0.7808952927589417,0.03129652515053749,0.031297069042921066
"DM-6237",False,"test",0.01390222180634737,0.013909638859331608,0.01390411052852869,0.013902644626796246,0.01390257477760315,0.013907932676374912,0.9026656746864319,0.013905254192650318
"DM-6235",False,"test",0.01390222180634737,0.013909688219428062,0.01390411239117384,0.013902644626796246,0.01390257477760315,0.013907932676374912,0.9026655554771423,0.013905254192650318
"DM-6183",False,"test",0.0,0.1279829740524292,0.0,0.0,0.23170220851898193,0.6033482551574707,0.0,0.0
"DM-6178",False,"test",0.0,0.57627934217453,0.0,0.0,0.4022310972213745,0.0,0.0,0.0
"DM-6142",False,"test",0.0,0.0,0.0,0.0,0.0,0.5697324275970459,0.0,0.3758524954319
"DM-6140",True,"test",0.0,0.0,0.0,0.23986399173736572,0.7243586778640747,0.0,0.0,0.0
"DM-6135",False,"test",0.0,0.0,0.14140206575393677,0.0,0.0,0.29644080996513367,0.0,0.5229989290237427
"DM-6133",True,"test",0.08919911831617355,0.0,0.0,0.38727226853370667,0.36503419280052185,0.09066429734230042,0.06301723420619965,0.0
"DM-6132",False,"test",0.015666397288441658,0.01564229652285576,0.01565287634730339,0.23130521178245544,0.6747791767120361,0.01563958451151848,0.015639182180166245,0.01567523367702961
"DM-6130",False,"test",0.01571212150156498,0.7381197810173035,0.015710309147834778,0.01572292111814022,0.16757871210575104,0.01573396474123001,0.01570822298526764,0.015713950619101524
"DM-6118",True,"test",0.0,0.0,0.24313779175281525,0.13567592203617096,0.0,0.0,0.0,0.5912089943885803
"DM-6112",False,"test",0.0,0.09724565595388412,0.07512115687131882,0.0,0.3195855915546417,0.14941605925559998,0.0,0.3456709384918213
"DM-6108",False,"test",0.0,0.0,0.0,0.0,0.34780800342559814,0.3241012692451477,0.02107648365199566,0.29993757605552673
"DM-6063",False,"test",0.04848944768309593,0.0,0.0,0.11205323040485382,0.0,0.6345769762992859,0.08841890841722488,0.10261731594800949
"DM-6042",True,"test",0.0,0.0,0.0,0.22317053377628326,0.0,0.0,0.21205011010169983,0.5279386043548584
"DM-5988",False,"test",0.0,0.0,0.0,0.0,0.45665261149406433,0.5037935376167297,0.0,0.0
"DM-5967",False,"test",0.02091526798903942,0.6308177709579468,0.02088143862783909,0.02087252214550972,0.020887671038508415,0.24386894702911377,0.02088209241628647,0.02087428607046604
"DM-5940",False,"test",0.0,0.0,0.0,0.461052268743515,0.0,0.45763838291168213,0.05815485864877701,0.0
"DM-5939",False,"test",0.0,0.12722718715667725,0.266895055770874,0.24230527877807617,0.0,0.2831129729747772,0.0,0.07489865273237228
"DM-5931",False,"test",0.17106477916240692,0.0,0.0,0.4167192578315735,0.39126521348953247,0.0,0.0,0.0
"DM-5922",False,"test",0.0,0.022916369140148163,0.0,0.0,0.7299128770828247,0.23570048809051514,0.0,0.0
"DM-5920",False,"test",0.0,0.09512548893690109,0.0,0.3122369945049286,0.0,0.4162328243255615,0.0,0.1640801578760147
"DM-5919",False,"test",0.0,0.0,0.0,0.0,0.575331449508667,0.4019433856010437,0.0,0.0
"DM-5918",True,"test",0.0,0.0,0.0,0.0,0.8936527967453003,0.09173114597797394,0.0,0.0
"DM-5913",True,"test",0.0,0.0,0.0,0.0,0.9582757353782654,0.0,0.0,0.0
"DM-5912",False,"test",0.0,0.0,0.12718874216079712,0.0,0.8191161155700684,0.0,0.0,0.0
"DM-5884",False,"test",0.0,0.0,0.0,0.0,0.8469834327697754,0.1167183369398117,0.0,0.0
"DM-5875",False,"test",0.0,0.0,0.0,0.20328660309314728,0.3864765167236328,0.36633923649787903,0.0,0.0
"DM-5867",True,"test",0.5113637447357178,0.16737213730812073,0.0,0.0,0.3008989095687866,0.0,0.0,0.0
"DM-5865",False,"test",0.02522307075560093,0.13152243196964264,0.0,0.11957556754350662,0.457352876663208,0.0,0.1923082321882248,0.06938076764345169
"DM-5863",False,"test",0.19251078367233276,0.0,0.0,0.4772835969924927,0.3031873106956482,0.0,0.0,0.0
"DM-5834",True,"test",0.0,0.11710668355226517,0.0,0.0,0.6787840723991394,0.0,0.0,0.17580723762512207
"DM-5833",False,"test",0.012511585839092731,0.21368898451328278,0.31232431530952454,0.01252653356641531,0.41136956214904785,0.012529993429780006,0.012517305091023445,0.012531674467027187
"DM-5831",True,"test",0.1207175925374031,0.01144801452755928,0.011431314051151276,0.01145563181489706,0.43744540214538574,0.3846011161804199,0.011446045711636543,0.011454924009740353
"DM-5830",False,"test",0.013992544263601303,0.013927916064858437,0.013922030106186867,0.013928718864917755,0.9024271368980408,0.013943132013082504,0.013924665749073029,0.013933799229562283
"DM-5820",False,"test",0.0,0.0,0.0,0.5315725207328796,0.21152406930923462,0.0,0.0,0.23942182958126068
"DM-5810",False,"test",0.08877599984407425,0.1942223459482193,0.0,0.0,0.698495626449585,0.0,0.0,0.0
"DM-5808",False,"test",0.012514167465269566,0.012506016530096531,0.012524613179266453,0.9124026298522949,0.012516158632934093,0.012519614771008492,0.012509875930845737,0.012506930157542229
"DM-5806",False,"test",0.010423746891319752,0.010423490777611732,0.010428868234157562,0.010431813076138496,0.926993727684021,0.010427807457745075,0.01042182557284832,0.010448776185512543
"DM-5800",False,"test",0.0,0.0,0.0,0.29008761048316956,0.2915545701980591,0.3868006467819214,0.0,0.0
"DM-5794",False,"test",0.030635617673397064,0.030627494677901268,0.030637424439191818,0.030671238899230957,0.03066658414900303,0.030685901641845703,0.03063347004354,0.7854422926902771
"DM-5776",False,"test",0.0,0.0,0.0,0.7941263914108276,0.0,0.14114536345005035,0.0,0.05656444653868675
"DM-5773",False,"test",0.0,0.0,0.0,0.0,0.40659111738204956,0.4195301830768585,0.0,0.15822787582874298
"DM-5770",False,"test",0.0,0.0980493351817131,0.0,0.0,0.3013121783733368,0.5781410336494446,0.0,0.0
"DM-5763",False,"test",0.012519218027591705,0.28045445680618286,0.012518522329628468,0.2738803029060364,0.012530510313808918,0.3830641508102417,0.012509725987911224,0.012523055076599121
"DM-5761",True,"test",0.0,0.0,0.0,0.0,0.0,0.0,0.0,0.9452646374702454
"DM-5760",False,"test",0.02501692622900009,0.02501969039440155,0.025013480335474014,0.025036770850419998,0.5909533500671387,0.0250430628657341,0.25887995958328247,0.025036778301000595
"DM-5725",False,"test",0.0,0.0,0.08127757906913757,0.0,0.4062810242176056,0.1206829696893692,0.35831332206726074,0.0
"DM-5723",False,"test",0.012657396495342255,0.012669481337070465,0.012669139541685581,0.9113317728042603,0.012665494345128536,0.01266268640756607,0.012655196711421013,0.012688890099525452
"DM-5715",False,"test",0.0,0.029156100004911423,0.0,0.0,0.45945221185684204,0.410962849855423,0.0,0.09218519181013107
"DM-5695",False,"test",0.0,0.0,0.0,0.7487300038337708,0.0,0.1204199567437172,0.07686767727136612,0.04247943311929703
"DM-5694",False,"test",0.13526485860347748,0.0,0.0,0.49975869059562683,0.32815077900886536,0.0,0.0,0.0
"DM-5686",False,"test",0.0,0.0,0.0,0.32947054505348206,0.3786737024784088,0.13731472194194794,0.0,0.1435927450656891
"DM-5683",False,"test",0.0,0.22669751942157745,0.05716582387685776,0.3129115700721741,0.386504590511322,0.0,0.0,0.0
"DM-5682",False,"test",0.0,0.2955510914325714,0.0,0.0,0.5107210278511047,0.15187528729438782,0.0,0.0
"DM-5675",False,"test",0.38404494524002075,0.04289323464035988,0.036910902708768845,0.5305804014205933,0.0,0.0,0.0,0.0
"DM-5659",True,"test",0.0,0.0,0.0,0.26502111554145813,0.24063798785209656,0.0,0.0,0.46826985478401184
"DM-5642",False,"test",0.0,0.0,0.0,0.0,0.2964051365852356,0.29664677381515503,0.0,0.3873797059059143
"DM-5593",False,"test",0.0,0.0,0.0,0.645253598690033,0.15346169471740723,0.0,0.0,0.18389540910720825
"DM-5590",False,"test",0.0,0.0,0.7277854084968567,0.11841611564159393,0.0,0.051235269755125046,0.0,0.09946312755346298
"DM-5579",False,"test",0.2796967923641205,0.017878687009215355,0.017916614189743996,0.017894607037305832,0.017905371263623238,0.0178831834346056,0.017883140593767166,0.6129416227340698
"DM-5550",False,"test",0.025017818436026573,0.025012560188770294,0.82476407289505,0.025028670206665993,0.025032784789800644,0.025024859234690666,0.02509976550936699,0.02501947432756424
"DM-5546",False,"test",0.0250240471214056,0.22491247951984406,0.6248785257339478,0.025034768506884575,0.025035854429006577,0.02503276988863945,0.02505524642765522,0.025026343762874603
"DM-5541",False,"test",0.025048071518540382,0.025022126734256744,0.5316146016120911,0.02504064328968525,0.3181343972682953,0.02504599094390869,0.02503787912428379,0.025056347250938416
"DM-5534",False,"test",0.025012096390128136,0.02500682882964611,0.8248650431632996,0.025019874796271324,0.02502065896987915,0.025018425658345222,0.025041423738002777,0.025015629827976227
"DM-5527",False,"test",0.0,0.5514868497848511,0.0,0.40808266401290894,0.0,0.0,0.0,0.0
"DM-5525",False,"test",0.0,0.0,0.0,0.4680989384651184,0.32829371094703674,0.0,0.0,0.18199048936367035
"DM-5514",False,"test",0.020872751250863075,0.02091538906097412,0.02084958925843239,0.020841509103775024,0.8539649844169617,0.020853504538536072,0.02084508165717125,0.020857151597738266
"DM-5509",True,"test",0.0,0.0,0.0,0.0834241509437561,0.7252504825592041,0.0,0.0,0.15999704599380493
"DM-5503",False,"test",0.0,0.0,0.0,0.0,0.6494337916374207,0.03530922532081604,0.0,0.3053172826766968
"DM-5484",False,"test",0.34375616908073425,0.0,0.0,0.0,0.0,0.5992366075515747,0.0,0.0
"DM-5473",False,"test",0.8277763724327087,0.0,0.15939004719257355,0.011253934353590012,0.0,0.0,0.0,0.0
"DM-5472",False,"test",0.0,0.0,0.0,0.0,0.22245413064956665,0.7456141710281372,0.0,0.0
"DM-5471",False,"test",0.0,0.06268374621868134,0.0,0.0,0.7633414268493652,0.14892420172691345,0.0,0.0
"DM-5446",False,"test",0.27735069394111633,0.0,0.0,0.0,0.5836402773857117,0.0,0.0,0.10214266180992126
"DM-5428",False,"test",0.0,0.08321229368448257,0.15907178819179535,0.5835201740264893,0.16781607270240784,0.0,0.0,0.0
"DM-5390",False,"test",0.04169837757945061,0.041700441390275955,0.04168625921010971,0.04178564250469208,0.041797153651714325,0.04170355945825577,0.041692547500133514,0.7079359889030457
"DM-5388",True,"test",0.02083459496498108,0.020835351198911667,0.020835980772972107,0.0208437517285347,0.020839449018239975,0.020838754251599312,0.020834842696785927,0.8541373014450073
"DM-5387",False,"test",0.017873670905828476,0.017872465774416924,0.017885617911815643,0.017888527363538742,0.8748379945755005,0.01787501759827137,0.017867548391222954,0.01789916679263115
"DM-5371",False,"test",0.04184797406196594,0.041833650320768356,0.04171952232718468,0.04181060194969177,0.041999392211437225,0.04172080382704735,0.0417281910777092,0.7073398232460022
"DM-5348",True,"test",0.0,0.041688818484544754,0.019942699000239372,0.023434726521372795,0.2513653337955475,0.6589028239250183,0.0,0.0
"DM-5321",True,"test",0.0,0.06023091822862625,0.0,0.10185796022415161,0.8112787008285522,0.0,0.0,0.0
"DM-5319",False,"test",0.013914301060140133,0.23239871859550476,0.013902157545089722,0.013913743197917938,0.013940946198999882,0.6840828657150269,0.013903126120567322,0.01394412200897932
"DM-5314",False,"test",0.03127894178032875,0.7808455228805542,0.03126593306660652,0.03128613904118538,0.03135461360216141,0.031370729207992554,0.031266290694475174,0.03133182227611542
"DM-5313",False,"test",0.020862769335508347,0.020847413688898087,0.020861031487584114,0.020857425406575203,0.8539678454399109,0.020868323743343353,0.02085607685148716,0.020879153162240982
"DM-5312",False,"test",0.03128218278288841,0.03144592046737671,0.031277984380722046,0.031359173357486725,0.03133106976747513,0.03132154792547226,0.031374409794807434,0.7806077003479004
"DM-5293",False,"test",0.0,0.0,0.0,0.8054843544960022,0.0,0.1674356311559677,0.0,0.0
"DM-5287",False,"test",0.0,0.0,0.046557046473026276,0.7706880569458008,0.0,0.0,0.0,0.15866564214229584
"DM-5286",False,"test",0.0,0.03982846066355705,0.0,0.8117082118988037,0.0,0.13202637434005737,0.0,0.0
"DM-5284",False,"test",0.0,0.12703779339790344,0.0,0.14987951517105103,0.4599457085132599,0.0,0.0,0.24303759634494781
"DM-5283",False,"test",0.0,0.0,0.07744750380516052,0.398939311504364,0.5105703473091125,0.0,0.0,0.0
"DM-5281",False,"test",0.0,0.0,0.0,0.9117441177368164,0.0,0.0,0.059317197650671005,0.0
"DM-5280",False,"test",0.0,0.05675347149372101,0.03754294663667679,0.5394852161407471,0.19114097952842712,0.0,0.0,0.17144346237182617
"DM-5250",False,"test",0.14341482520103455,0.14960207045078278,0.013899335637688637,0.01391046866774559,0.6374396681785583,0.013912508264183998,0.013912711292505264,0.013908368535339832
"DM-5248",False,"test",0.0,0.2294599413871765,0.0,0.0,0.7310113906860352,0.0,0.0,0.0
"DM-5209",False,"test",0.0,0.0,0.0,0.0,0.34707269072532654,0.6240285038948059,0.0,0.0
"DM-5206",False,"test",0.0,0.0,0.15790550410747528,0.05742201209068298,0.3710704743862152,0.407161682844162,0.0,0.0
"DM-5203",False,"test",0.01389672327786684,0.013896966353058815,0.013892323710024357,0.0139040881767869,0.013909680768847466,0.013911694288253784,0.01389776449650526,0.9026907086372375
"DM-5198",True,"test",0.015629220753908157,0.01563136652112007,0.015631048008799553,0.015634704381227493,0.015640540048480034,0.01563922129571438,0.015635384246706963,0.8905585408210754
"DM-5197",True,"test",0.0,0.0,0.0,0.6756378412246704,0.3079533576965332,0.0,0.0,0.0
"DM-5189",False,"test",0.025134406983852386,0.0250202938914299,0.025029512122273445,0.025023067370057106,0.025035671889781952,0.025035224854946136,0.3438614010810852,0.5058603882789612
"DM-5182",True,"test",0.017872681841254234,0.017885038629174232,0.01786842755973339,0.017882298678159714,0.017891982570290565,0.8748492002487183,0.017870958894491196,0.017879437655210495
"DM-5163",False,"test",0.0,0.0,0.0,0.0,0.41880345344543457,0.42480990290641785,0.0,0.13331210613250732
"DM-5137",False,"test",0.0,0.0,0.0,0.0,0.0,0.4211098551750183,0.5346764922142029,0.0
"DM-5124",False,"test",0.0,0.0,0.06334579735994339,0.5676241517066956,0.2633837163448334,0.09949981421232224,0.0,0.0
"DM-5107",False,"test",0.0,0.0,0.0,0.6281951665878296,0.35327690839767456,0.0,0.0,0.0
"DM-5099",False,"test",0.0,0.29198381304740906,0.0,0.0,0.2536558508872986,0.0,0.32683390378952026,0.10634911060333252
"DM-5094",True,"test",0.0,0.0,0.0,0.7663050889968872,0.1421506553888321,0.06695002317428589,0.0,0.0
"DM-5091",False,"test",0.02086983062326908,0.02086743712425232,0.020842181518673897,0.020858420059084892,0.020876748487353325,0.8539677262306213,0.020847229287028313,0.020870434120297432
"DM-5026",False,"test",0.07186729460954666,0.11158636957406998,0.0,0.0,0.6024463176727295,0.0,0.052118413150310516,0.15446484088897705
"DM-5002",False,"test",0.04373709484934807,0.1833271086215973,0.0,0.0,0.37250131368637085,0.39077454805374146,0.0,0.0
"DM-4993",False,"test",0.35200363397598267,0.0,0.0,0.0,0.42087268829345703,0.0,0.19578959047794342,0.0
"DM-4991",False,"test",0.34902840852737427,0.0,0.0,0.0,0.6230682730674744,0.0,0.0,0.0
"DM-4940",False,"test",0.011384056881070137,0.011385303921997547,0.2584778964519501,0.34052538871765137,0.3440623879432678,0.011396612972021103,0.011375151574611664,0.01139316987246275
"DM-4904",False,"test",0.0,0.0943470299243927,0.13736431300640106,0.5419609546661377,0.031288858503103256,0.09393084049224854,0.09883555769920349,0.0
"DM-4899",False,"test",0.0,0.0,0.0,0.5184743404388428,0.0,0.43672141432762146,0.0,0.0
"DM-4897",True,"test",0.0,0.0,0.0,0.0,0.600204586982727,0.3659387528896332,0.0,0.0
"DM-4885",True,"test",0.025288959965109825,0.02531903050839901,0.02527502551674843,0.34153035283088684,0.025288760662078857,0.34358152747154236,0.025308363139629364,0.1884079873561859
"DM-4881",False,"test",0.0,0.0,0.0,0.7868514657020569,0.0,0.1374354213476181,0.0,0.05765502527356148
"DM-4849",False,"test",0.11235350370407104,0.0,0.0,0.0,0.0,0.36861079931259155,0.4845676124095917,0.0
"DM-4847",False,"test",0.0,0.09202241152524948,0.0,0.1704985350370407,0.0,0.5817296504974365,0.0,0.12688422203063965
"DM-4844",False,"test",0.0,0.0,0.0,0.2217313051223755,0.6069387793540955,0.15090814232826233,0.0,0.0
"DM-4842",False,"test",0.0,0.0,0.0,0.0,0.400928795337677,0.0,0.0,0.5581009387969971
"DM-4839",False,"test",0.0,0.0,0.18845555186271667,0.0,0.3721923828125,0.4088429808616638,0.0,0.0
"DM-4837",False,"test",0.19575197994709015,0.0,0.0,0.28730180859565735,0.1663019061088562,0.32852378487586975,0.0,0.0
"DM-4836",True,"test",0.0,0.0,0.0,0.1591833233833313,0.0,0.8281262516975403,0.0,0.0
"DM-4821",False,"test",0.0,0.0,0.0,0.15322747826576233,0.5754588842391968,0.10485801100730896,0.0,0.15874867141246796
"DM-4808",False,"test",0.0,0.0,0.0,0.0,0.9415470957756042,0.0,0.0,0.0
"DM-4794",False,"test",0.0,0.0,0.0,0.8522962331771851,0.0,0.11338365077972412,0.0,0.0
"DM-4789",False,"test",0.0,0.0,0.16948622465133667,0.0,0.0856589674949646,0.4966478645801544,0.0,0.22317534685134888
"DM-4788",False,"test",0.0,0.0932384505867958,0.0,0.0,0.0,0.3999919593334198,0.0,0.4738023281097412
"DM-4785",True,"test",0.4185880720615387,0.0,0.0,0.0,0.2595425546169281,0.0,0.0,0.29767727851867676
"DM-4758",True,"test",0.0,0.0,0.0,0.07238010317087173,0.17503836750984192,0.3783915042877197,0.0,0.35417014360427856
"DM-4755",False,"test",0.03127006068825722,0.48192480206489563,0.0312681645154953,0.031270336359739304,0.031328875571489334,0.3304082751274109,0.03126455098390579,0.03126492723822594
"DM-4753",False,"test",0.0,0.0,0.3983965814113617,0.5726972222328186,0.0,0.0,0.0,0.0
"DM-4751",False,"test",0.0,0.0,0.0,0.21832948923110962,0.43196651339530945,0.30156150460243225,0.0,0.0
"DM-4667",False,"test",0.0,0.0,0.3719671368598938,0.24136486649513245,0.34969988465309143,0.0,0.0,0.0
"DM-4642",False,"test",0.013975699432194233,0.3013930022716522,0.013980057090520859,0.013967463746666908,0.3193092942237854,0.013991264626383781,0.013966493308544159,0.3094167113304138
"DM-4639",False,"test",0.025781303644180298,0.0,0.42671123147010803,0.3178439140319824,0.22390016913414001,0.0,0.0,0.0
"DM-4609",False,"test",0.0,0.11402285099029541,0.0,0.0,0.5155659914016724,0.35082048177719116,0.0,0.0
"DM-4596",False,"test",0.0,0.0,0.10950365662574768,0.0,0.0,0.42360299825668335,0.0,0.43901368975639343
"DM-4582",False,"test",0.0,0.0,0.0,0.0,0.7740473747253418,0.18838395178318024,0.0,0.0
"DM-4581",False,"test",0.0,0.0,0.0,0.0,0.19020730257034302,0.6892801523208618,0.0786612406373024,0.0
"DM-4580",True,"test",0.011369938030838966,0.011367995291948318,0.011376097798347473,0.011374152265489101,0.92036372423172,0.011382452212274075,0.011371290311217308,0.01139436848461628
"DM-4576",False,"test",0.011401228606700897,0.01141245849430561,0.011398094706237316,0.01139891892671585,0.4666959345340729,0.011418646201491356,0.11010246723890305,0.3661722242832184
"DM-4575",True,"test",0.0,0.0,0.0,0.0,0.9538536667823792,0.0,0.0,0.0
"DM-4574",False,"test",0.2592200040817261,0.011370846070349216,0.01137893833220005,0.011378312483429909,0.6725210547447205,0.011379789561033249,0.011372729204595089,0.011378342285752296
"DM-4572",True,"test",0.0,0.0,0.0,0.0,0.75114506483078,0.0,0.0,0.21881717443466187
"DM-4569",False,"test",0.0,0.0,0.0,0.0,0.5124697089195251,0.46068108081817627,0.0,0.0
"DM-4566",False,"test",0.0,0.0,0.0,0.0,0.0,0.7641534805297852,0.1962146759033203,0.0
"DM-4556",False,"test",0.0,0.6824924349784851,0.0,0.0,0.12315007299184799,0.180856853723526,0.0,0.0
"DM-4544",False,"test",0.0,0.0,0.0,0.4199027419090271,0.0,0.5223158001899719,0.0,0.0
"DM-4538",False,"test",0.0,0.06918872892856598,0.0,0.1720643937587738,0.6196983456611633,0.1181880310177803,0.0,0.0
"DM-4529",False,"test",0.0,0.0,0.6203458905220032,0.1620517522096634,0.0,0.0,0.1117868423461914,0.09380513429641724
"DM-4523",True,"test",0.01564735360443592,0.618370771408081,0.015646979212760925,0.01564497873187065,0.2877439260482788,0.01565752737224102,0.01564415544271469,0.015644308179616928
"DM-4506",True,"test",0.02515610121190548,0.02515619806945324,0.02515687234699726,0.025204846635460854,0.025172008201479912,0.23972578346729279,0.025179289281368256,0.6092488765716553
"DM-4503",True,"test",0.015633119270205498,0.015629325062036514,0.015644052997231483,0.015643369406461716,0.01564890891313553,0.015639392659068108,0.015650123357772827,0.890511691570282
"DM-4498",True,"test",0.01563423126935959,0.015629399567842484,0.015633461996912956,0.01566300354897976,0.5080674886703491,0.015640173107385635,0.015658285468816757,0.3980739414691925
"DM-4496",True,"test",0.020838366821408272,0.02083844691514969,0.02083876170217991,0.020846566185355186,0.45870012044906616,0.020843420177698135,0.02085810713469982,0.41623619198799133
"DM-4495",True,"test",0.025030096992850304,0.025012129917740822,0.02501264400780201,0.025026781484484673,0.025022165849804878,0.025032484903931618,0.025029152631759644,0.8248345255851746
"DM-4494",True,"test",0.01786087080836296,0.017862655222415924,0.01786586456000805,0.01787242293357849,0.01788235828280449,0.017873074859380722,0.017879530787467957,0.8749032020568848
"DM-4489",True,"test",0.017862742766737938,0.017862772569060326,0.017862988635897636,0.01786569505929947,0.01786874420940876,0.017864404246211052,0.017870385199785233,0.8749422430992126
"DM-4484",True,"test",0.020836638286709785,0.020836947485804558,0.020837971940636635,0.020844757556915283,0.02084541693329811,0.020842505618929863,0.020847417414188385,0.8541083931922913
"DM-4483",False,"test",0.02083936333656311,0.020839249715209007,0.02084440365433693,0.020862706005573273,0.020852692425251007,0.020870327949523926,0.020849546417593956,0.8540416955947876
"DM-4482",True,"test",0.020867884159088135,0.020842302590608597,0.020843228325247765,0.020851295441389084,0.02086692675948143,0.22618183493614197,0.020854676142334938,0.6486918330192566
"DM-4481",True,"test",0.017870135605335236,0.017863167449831963,0.01786337047815323,0.1746477633714676,0.017877455800771713,0.017872216179966927,0.017873115837574005,0.7181327939033508
"DM-4473",False,"test",0.013899632729589939,0.902596652507782,0.0139217060059309,0.01391519047319889,0.013926579616963863,0.01391961332410574,0.013905979692935944,0.013914714567363262
"DM-4457",False,"test",0.03126988559961319,0.03130973130464554,0.031271208077669144,0.031284332275390625,0.7810221910476685,0.03130190819501877,0.03126560151576996,0.03127513825893402
"DM-4440",False,"test",0.0,0.3214166760444641,0.2009022980928421,0.0,0.0,0.30969953536987305,0.0,0.12911218404769897
"DM-4395",False,"test",0.0793156623840332,0.0,0.0,0.2981809675693512,0.0,0.5892176628112793,0.0,0.0
"DM-4391",False,"test",0.0,0.0,0.0,0.4395079016685486,0.3289666771888733,0.2207324206829071,0.0,0.0
"DM-4386",False,"test",0.06131106615066528,0.0,0.0,0.0,0.8189383149147034,0.0,0.10025038570165634,0.0
"DM-4383",False,"test",0.0,0.0,0.0,0.0,0.6396344304084778,0.2557014226913452,0.0,0.09610166400671005
"DM-4368",False,"test",0.011253639124333858,0.011266055516898632,0.011253916658461094,0.4834141731262207,0.011259415186941624,0.44904404878616333,0.011253428645431995,0.011255268007516861
"DM-4367",False,"test",0.0,0.0,0.0,0.42242538928985596,0.11026984453201294,0.4536564350128174,0.0,0.0
"DM-4365",False,"test",0.5666710138320923,0.020854070782661438,0.020882051438093185,0.020851565524935722,0.020890407264232635,0.0208607017993927,0.020874755457043648,0.3081154227256775
"DM-4302",False,"test",0.0,0.0,0.0,0.0,0.47399693727493286,0.47249242663383484,0.0,0.0
"DM-4258",False,"test",0.0,0.387088418006897,0.0,0.0,0.5920514464378357,0.0,0.0,0.0
"DM-4255",False,"test",0.0,0.0,0.0,0.0,0.9756627082824707,0.0,0.0,0.0
"DM-4239",False,"test",0.0,0.0,0.0,0.0,0.9484484791755676,0.0,0.0,0.0
"DM-4236",False,"test",0.0,0.0,0.0,0.39174288511276245,0.2043238878250122,0.34470880031585693,0.0,0.049767088145017624
"DM-4235",False,"test",0.0,0.0,0.0,0.8840402364730835,0.0,0.1004292219877243,0.0,0.0
"DM-4217",False,"test",0.16731402277946472,0.0,0.0,0.2785552144050598,0.5336365699768066,0.0,0.0,0.0
"DM-4197",False,"test",0.0,0.0,0.5104060173034668,0.0,0.45577436685562134,0.0,0.0,0.0
"DM-4194",False,"test",0.0,0.0,0.636763334274292,0.0,0.33193376660346985,0.0,0.0,0.0
"DM-4185",False,"test",0.025245949625968933,0.025240616872906685,0.025312086567282677,0.02524222619831562,0.6196079254150391,0.0252479687333107,0.22885213792324066,0.02525104023516178
"DM-4183",False,"test",0.0,0.0,0.12297087162733078,0.0,0.3241618871688843,0.0,0.07675386220216751,0.4426133632659912
"DM-4171",True,"test",0.0,0.0,0.0,0.30206018686294556,0.4927951991558075,0.19153214991092682,0.0,0.0
"DM-4170",False,"test",0.0,0.0,0.0,0.21707849204540253,0.6230183839797974,0.14034304022789001,0.0,0.0
"DM-4157",True,"test",0.0,0.0,0.0,0.34292352199554443,0.5341578722000122,0.10925710201263428,0.0,0.0
"DM-4156",False,"test",0.09815970063209534,0.049578707665205,0.0,0.117974191904068,0.4641779661178589,0.2285737842321396,0.0,0.03821286931633949
"DM-4151",False,"test",0.1739017516374588,0.0,0.0,0.36154231429100037,0.0,0.0,0.0,0.43630537390708923
"DM-4145",True,"test",0.0,0.0,0.1289508193731308,0.16798853874206543,0.5267072916030884,0.0751986876130104,0.0,0.09280436486005783
"DM-4127",True,"test",0.024602370336651802,0.024584706872701645,0.024586373940110207,0.02462942712008953,0.024598872289061546,0.024606086313724518,0.024585790932178497,0.8278064131736755
"DM-4125",False,"test",0.24292656779289246,0.0,0.16950513422489166,0.5285342335700989,0.0,0.03104753978550434,0.0,0.025657782331109047
"DM-4105",False,"test",0.011380227282643318,0.01138018723577261,0.011381845921278,0.011382346041500568,0.011390814557671547,0.011391687206923962,0.7242511510848999,0.20744174718856812
"DM-4092",False,"test",0.0,0.3041132390499115,0.0,0.0,0.467238187789917,0.0,0.0,0.18660132586956024
"DM-4063",False,"test",0.0,0.0,0.4004119038581848,0.5191971659660339,0.05935816094279289,0.0,0.0,0.0
"DM-4036",False,"test",0.0,0.0,0.0,0.07691526412963867,0.0,0.0,0.0,0.8951854705810547
"DM-4022",False,"test",0.8768103122711182,0.0,0.0,0.04956187307834625,0.0,0.06965113431215286,0.0,0.0
"DM-4003",False,"test",0.0,0.0,0.21660511195659637,0.0,0.7333114147186279,0.0,0.0,0.0
"DM-3987",True,"test",0.0,0.0,0.0,0.4950166344642639,0.4472089409828186,0.0,0.0,0.0
"DM-3984",False,"test",0.0,0.0,0.0,0.2317059487104416,0.3107164204120636,0.44477343559265137,0.0,0.0
"DM-3970",False,"test",0.0,0.0,0.1450221687555313,0.3691014051437378,0.0,0.0,0.17565026879310608,0.2884174585342407
"DM-3961",True,"test",0.35516324639320374,0.04306137561798096,0.043057650327682495,0.04305924475193024,0.043104857206344604,0.043063223361968994,0.04305701330304146,0.3864333927631378
"DM-3959",False,"test",0.5249115824699402,0.018123457208275795,0.01814260147511959,0.018146026879549026,0.018146920949220657,0.36626195907592773,0.018138008192181587,0.01812940649688244
"DM-3958",False,"test",0.2583635747432709,0.0,0.0,0.0,0.4651716947555542,0.0,0.11606156080961227,0.13229204714298248
"DM-3957",True,"test",0.0,0.0,0.0,0.0,0.8170744776725769,0.16225139796733856,0.0,0.0
"DM-3943",False,"test",0.0,0.0,0.3830435574054718,0.0,0.44481682777404785,0.0,0.0,0.1434479057788849
"DM-3942",False,"test",0.0,0.0,0.0,0.7961322069168091,0.18849776685237885,0.0,0.0,0.0
"DM-3940",False,"test",0.027827933430671692,0.0,0.14428749680519104,0.14849859476089478,0.5717877745628357,0.0,0.0,0.10100924223661423
"DM-3922",False,"test",0.0,0.2624605894088745,0.0,0.0,0.0,0.701707661151886,0.0,0.0
"DM-3898",False,"test",0.0,0.0,0.5651041269302368,0.0,0.0,0.0,0.4310320019721985,0.0
"DM-3897",True,"test",0.0,0.0,0.07169871777296066,0.0,0.0,0.3687974214553833,0.0,0.5344355702400208
"DM-3895",False,"test",0.0,0.0,0.0,0.0,0.0,0.502247154712677,0.0,0.4664388597011566
"DM-3893",False,"test",0.0,0.032392971217632294,0.0,0.09999608993530273,0.5138484239578247,0.24973136186599731,0.0,0.09527219831943512
"DM-3892",False,"test",0.11606501787900925,0.23131167888641357,0.0,0.0,0.5290277004241943,0.0,0.0,0.10173267871141434
"DM-3824",True,"test",0.0,0.0,0.0,0.5484686493873596,0.2292085886001587,0.21017086505889893,0.0,0.0
"DM-3817",False,"test",0.0,0.4667702317237854,0.0,0.0,0.3627711236476898,0.13541027903556824,0.0,0.0
"DM-3811",True,"test",0.0,0.0,0.0,0.941570520401001,0.0,0.0,0.0,0.0
"DM-3804",False,"test",0.0,0.0,0.0,0.0,0.8683661818504333,0.10288508236408234,0.0,0.0
"DM-3798",True,"test",0.0,0.16602934896945953,0.0,0.0,0.805075466632843,0.0,0.0,0.0
"DM-3792",False,"test",0.0,0.0,0.0,0.0,0.5494643449783325,0.3968677520751953,0.0,0.0
"DM-3772",False,"test",0.0,0.0,0.0,0.0,0.0,0.0,0.3899896740913391,0.5726941823959351
"DM-3755",True,"test",0.025386236608028412,0.025339243933558464,0.025346316397190094,0.025333531200885773,0.47282302379608154,0.02534721978008747,0.025341995060443878,0.375082403421402
"DM-3702",False,"test",0.0,0.0983433648943901,0.0,0.6329423189163208,0.0,0.25538894534111023,0.0,0.0
"DM-3700",True,"test",0.0,0.12043608725070953,0.0,0.8301673531532288,0.0,0.0,0.0,0.0
"DM-3693",False,"test",0.0,0.055964697152376175,0.0,0.30461689829826355,0.4668169617652893,0.0,0.11091036349534988,0.05516999214887619
"DM-3691",False,"test",0.0,0.0,0.0,0.46540123224258423,0.2654416561126709,0.25074291229248047,0.0,0.0
"DM-3662",False,"test",0.463274210691452,0.017895249649882317,0.017893202602863312,0.017874309793114662,0.017895251512527466,0.017880912870168686,0.429402619600296,0.01788424514234066
"DM-3651",False,"test",0.0,0.0,0.0,0.7578029632568359,0.2224041074514389,0.0,0.0,0.0
"DM-3633",False,"test",0.0,0.0,0.14505062997341156,0.5195158123970032,0.2290574014186859,0.05880698934197426,0.0,0.04237673431634903
"DM-3608",False,"test",0.0,0.0,0.0,0.0,0.3799457848072052,0.0,0.03788432106375694,0.5631932020187378
"DM-3591",False,"test",0.781011164188385,0.03127552941441536,0.03125482797622681,0.03126455470919609,0.03128599375486374,0.031304873526096344,0.031265027821063995,0.03133798763155937
"DM-3562",False,"test",0.06138298660516739,0.06133829802274704,0.5699886679649353,0.06143197789788246,0.061703093349933624,0.06138698384165764,0.06144094467163086,0.061327073723077774
"DM-3555",False,"test",0.0,0.19100062549114227,0.0,0.0,0.767267107963562,0.0,0.0,0.0
"DM-3549",False,"test",0.0,0.12313832342624664,0.0,0.23306898772716522,0.5733168721199036,0.0,0.06205420196056366,0.0
"DM-3522",False,"test",0.04873305559158325,0.0,0.8730339407920837,0.03567389398813248,0.0,0.0,0.03598441928625107,0.0
"DM-3518",False,"test",0.17110060155391693,0.0,0.0,0.17367994785308838,0.0,0.46280762553215027,0.08869737386703491,0.09373535215854645
"DM-3493",False,"test",0.0,0.16818448901176453,0.0,0.12296935170888901,0.0,0.6675398945808411,0.0,0.0
"DM-3488",False,"test",0.0,0.1022854745388031,0.0,0.09890827536582947,0.0,0.627296507358551,0.0,0.14898042380809784
"DM-3459",False,"test",0.0,0.0,0.0,0.9639090895652771,0.0,0.0,0.0,0.0
"DM-3456",False,"test",0.23636598885059357,0.5551790595054626,0.0,0.0,0.1823522001504898,0.0,0.0,0.0
"DM-3452",True,"test",0.01787116378545761,0.01788410358130932,0.017877887934446335,0.01787750981748104,0.27953487634658813,0.6132069826126099,0.01786978356540203,0.017877692356705666
"DM-3436",False,"test",0.0,0.6565310955047607,0.0,0.0,0.28565913438796997,0.0,0.0,0.0
"DM-3433",False,"test",0.08310473710298538,0.5827545523643494,0.2159808874130249,0.09034910053014755,0.0,0.0,0.0,0.0
"DM-3402",False,"test",0.0,0.15397177636623383,0.0,0.8035081624984741,0.0,0.0,0.0,0.0
"DM-3400",False,"test",0.0,0.0,0.050501301884651184,0.0,0.9226343631744385,0.0,0.0,0.0
"DM-3390",False,"test",0.012519915588200092,0.012539778836071491,0.012529343366622925,0.43910789489746094,0.48573559522628784,0.012529389932751656,0.012513160705566406,0.012524938210844994
"DM-3370",True,"test",0.17432229220867157,0.0,0.0,0.2431802600622177,0.5540368556976318,0.0,0.0,0.0
"DM-3368",True,"test",0.0,0.0,0.0,0.43792280554771423,0.5416165590286255,0.0,0.0,0.0
"DM-3367",False,"test",0.4259510636329651,0.0,0.0,0.0,0.373790442943573,0.1740696132183075,0.0,0.0
"DM-3360",False,"test",0.015654170885682106,0.01564052887260914,0.01565004512667656,0.3369346857070923,0.5691656470298767,0.015654226765036583,0.015651749446988106,0.015648985281586647
"DM-3264",False,"test",0.0,0.0,0.0,0.6338217854499817,0.3424707353115082,0.0,0.0,0.0
"DM-3258",False,"test",0.0,0.07327034324407578,0.0,0.5397062301635742,0.0,0.3628038465976715,0.0,0.0
"DM-3249",False,"test",0.0,0.2972796559333801,0.0,0.0,0.6833961009979248,0.0,0.0,0.0
"DM-3238",False,"test",0.0,0.8163006901741028,0.0,0.13942985236644745,0.0,0.0,0.0,0.0
"DM-3224",False,"test",0.01786872372031212,0.7035654783248901,0.017870455980300903,0.017877163365483284,0.01788090355694294,0.18918776512145996,0.017876625061035156,0.017872866243124008
"DM-3209",False,"test",0.0,0.0,0.0,0.25976699590682983,0.396989107131958,0.1941416710615158,0.12523724138736725,0.0
"DM-3192",False,"test",0.3135211169719696,0.06206310912966728,0.0,0.0,0.6062777042388916,0.0,0.0,0.0
"DM-3177",False,"test",0.15870648622512817,0.3447178304195404,0.015928449109196663,0.01593243144452572,0.416925847530365,0.01593136228621006,0.01593245565891266,0.015925142914056778
"DM-3173",False,"test",0.028219079598784447,0.0,0.0,0.0,0.7034098505973816,0.2508232295513153,0.0,0.0
"DM-3140",False,"test",0.01140750665217638,0.011407798156142235,0.01138857938349247,0.011405561119318008,0.011386913247406483,0.011381719261407852,0.011378389783203602,0.9202435612678528
"DM-3137",False,"test",0.0,0.0,0.0,0.9513165354728699,0.0,0.0,0.0,0.0
"DM-3136",False,"test",0.0,0.0,0.0,0.7640630602836609,0.0,0.19838964939117432,0.0,0.0
"DM-3133",False,"test",0.1771874725818634,0.0,0.0,0.0,0.0,0.0,0.0,0.776059627532959
"DM-3126",False,"test",0.0,0.19137829542160034,0.27296820282936096,0.0,0.44756340980529785,0.0,0.0,0.07786934077739716
"DM-3110",False,"test",0.0,0.0,0.0,0.29994791746139526,0.2643120288848877,0.12326159328222275,0.293653666973114,0.0
"DM-3038",False,"test",0.031317684799432755,0.38856032490730286,0.031313616782426834,0.42362383008003235,0.03132585808634758,0.031296879053115845,0.0312938317656517,0.031267959624528885
"DM-3037",False,"test",0.0,0.13282375037670135,0.272413045167923,0.0,0.0,0.0,0.0,0.5525610446929932
"DM-2982",False,"test",0.13458207249641418,0.09431196749210358,0.7021971344947815,0.0,0.06594976037740707,0.0,0.0,0.0
"DM-2981",False,"test",0.0,0.0,0.0,0.7143202424049377,0.0,0.13489431142807007,0.13271582126617432,0.0
"DM-2966",False,"test",0.0,0.0,0.0,0.0,0.7196816802024841,0.0,0.0,0.2243415117263794
"DM-2961",True,"test",0.5003726482391357,0.020938657224178314,0.020923327654600143,0.020961057394742966,0.020943425595760345,0.020946452394127846,0.3739892840385437,0.020925123244524002
"DM-2945",False,"test",0.0,0.0,0.4443860352039337,0.0,0.37261444330215454,0.0,0.0,0.15646642446517944
"DM-2939",True,"test",0.0,0.0,0.0,0.155944362282753,0.8252768516540527,0.0,0.0,0.0
"DM-2938",False,"test",0.0,0.0,0.0,0.4084046483039856,0.29619038105010986,0.06852084398269653,0.20779025554656982,0.0
"DM-2930",False,"test",0.03561285883188248,0.0,0.23723161220550537,0.2543809711933136,0.3797551691532135,0.0,0.08529312163591385,0.0
"DM-2926",False,"test",0.0,0.0,0.0,0.0,0.38091740012168884,0.0,0.0,0.569503903388977
"DM-2924",False,"test",0.04404591768980026,0.0,0.0,0.21987827122211456,0.0,0.4985925257205963,0.0,0.22393548488616943
"DM-2919",False,"test",0.0,0.0,0.0,0.7324701547622681,0.22404487431049347,0.0,0.030651716515421867,0.0
"DM-2911",False,"test",0.021193204447627068,0.021227523684501648,0.02119641751050949,0.02119569480419159,0.851593017578125,0.021198278293013573,0.021205473691225052,0.021190399304032326
"DM-2910",False,"test",0.0,0.12692007422447205,0.0,0.27228060364723206,0.0,0.5710844993591309,0.0,0.0
"DM-2873",False,"test",0.0,0.0,0.47260233759880066,0.0835067629814148,0.0,0.0,0.43348515033721924,0.0
"DM-2871",False,"test",0.013915087096393108,0.013922706246376038,0.0138983353972435,0.013901559635996819,0.013920248486101627,0.902612566947937,0.013919215649366379,0.013910322450101376
"DM-2864",False,"test",0.0,0.0,0.0,0.15915517508983612,0.0,0.0,0.8317310214042664,0.0
"DM-2856",False,"test",0.0,0.0,0.0,0.3162563741207123,0.20204348862171173,0.35089603066444397,0.0,0.11826562136411667
"DM-2849",False,"test",0.0,0.0,0.0,0.0,0.1378680020570755,0.3012219965457916,0.0,0.5401250123977661
"DM-2840",True,"test",0.12284107506275177,0.0,0.0,0.1212325468659401,0.7189451456069946,0.0,0.0,0.0
"DM-2803",False,"test",0.0,0.29087284207344055,0.0,0.0,0.17621280252933502,0.5031201839447021,0.0,0.0
"DM-2795",False,"test",0.0,0.0,0.0,0.33586668968200684,0.10728207975625992,0.3110123574733734,0.23190736770629883,0.0
"DM-2787",True,"test",0.12228617817163467,0.0,0.0,0.5028253793716431,0.3022887110710144,0.0,0.0,0.06852735579013824
"DM-2762",True,"test",0.0,0.0,0.43462276458740234,0.05184772238135338,0.2595595717430115,0.2455192357301712,0.0,0.0
"DM-2733",True,"test",0.0,0.0,0.9170160889625549,0.0,0.0806502103805542,0.0,0.0,0.0
"DM-2722",True,"test",0.0,0.0,0.0,0.07727251201868057,0.8912518620491028,0.0,0.0,0.0
"DM-2716",False,"test",0.3131992220878601,0.2575433552265167,0.3208463191986084,0.02167380228638649,0.021689586341381073,0.021703334525227547,0.021655958145856857,0.02168845385313034
"DM-2712",False,"test",0.13301631808280945,0.05670597031712532,0.780972421169281,0.0,0.0,0.0,0.0,0.0
"DM-2681",False,"test",0.20102831721305847,0.0,0.32293128967285156,0.11101526021957397,0.12550152838230133,0.10291238874197006,0.13159944117069244,0.0
"DM-2672",False,"test",0.02119317650794983,0.02122635580599308,0.021196385845541954,0.0211956650018692,0.8515943288803101,0.021198246628046036,0.021205438300967216,0.02119036763906479
"DM-2671",False,"test",0.021193254739046097,0.021229367703199387,0.02119646780192852,0.02119574509561062,0.8515908718109131,0.021198328584432602,0.02120552398264408,0.021190447732806206
"DM-2664",False,"test",0.0,0.0,0.0,0.1724546104669571,0.41503411531448364,0.40358567237854004,0.0,0.0
"DM-2663",False,"test",0.0,0.0,0.0,0.0,0.44830748438835144,0.5289291143417358,0.0,0.0
"DM-2658",False,"test",0.0,0.0,0.0,0.7650442123413086,0.1834126114845276,0.030200351029634476,0.0,0.0
"DM-2643",False,"test",0.012282525189220905,0.24636705219745636,0.012287088669836521,0.012280544266104698,0.012301674112677574,0.6799130439758301,0.012287473306059837,0.012280567549169064
"DM-2638",False,"test",0.015640705823898315,0.015648018568754196,0.015630846843123436,0.8904988765716553,0.015650661662220955,0.015657346695661545,0.015635287389159203,0.01563827507197857
"DM-2624",True,"test",0.29313570261001587,0.012507487088441849,0.01251483615487814,0.012516618706285954,0.6317620277404785,0.012520333752036095,0.012506998144090176,0.01253597903996706
"DM-2595",False,"test",0.03126784786581993,0.0312836728990078,0.03126130998134613,0.031274959444999695,0.031312234699726105,0.7810637354850769,0.031256116926670074,0.03128010779619217
"DM-2593",False,"test",0.1382133513689041,0.0,0.0,0.0,0.6426323652267456,0.1950727105140686,0.0,0.0
"DM-2582",True,"test",0.32259294390678406,0.0,0.0,0.0,0.5827922224998474,0.0,0.06459686160087585,0.0
"DM-2580",False,"test",0.0,0.1979796588420868,0.0,0.0,0.25841274857521057,0.5255628824234009,0.0,0.0
"DM-2556",False,"test",0.2841659486293793,0.2746838331222534,0.031279537826776505,0.2847379148006439,0.03128863871097565,0.03128049150109291,0.03128160163760185,0.031282007694244385
"DM-2538",False,"test",0.29322028160095215,0.01391973439604044,0.013909008353948593,0.013917379081249237,0.6232905387878418,0.013925273902714252,0.013903993181884289,0.01391377579420805
"DM-2537",False,"test",0.0,0.0,0.0,0.0,0.6195337772369385,0.2507189214229584,0.0,0.1101827323436737
"DM-2522",False,"test",0.0,0.0,0.0,0.0,0.9189141988754272,0.0,0.0,0.0651417076587677
"DM-2507",False,"test",0.0,0.0,0.0,0.060893479734659195,0.45048511028289795,0.4712250530719757,0.0,0.0
"DM-2467",False,"test",0.01261188369244337,0.01263904944062233,0.012586371973156929,0.01262833271175623,0.012597803957760334,0.6714871525764465,0.012591858394443989,0.2528575360774994
"DM-2459",False,"test",0.13191305100917816,0.01626318320631981,0.01626507192850113,0.016282161697745323,0.016271382570266724,0.22121861577033997,0.01625823974609375,0.5655282735824585
"DM-2455",False,"test",0.0,0.0,0.2302296906709671,0.1399548053741455,0.6164359450340271,0.0,0.0,0.0
"DM-2452",False,"test",0.0,0.0,0.4746463894844055,0.03345952555537224,0.22587062418460846,0.2627530097961426,0.0,0.0
"DM-2431",False,"test",0.3219093680381775,0.0,0.0,0.0,0.4810636341571808,0.18675880134105682,0.0,0.0
"DM-2420",False,"test",0.0,0.0,0.0,0.0,0.9791173934936523,0.0,0.0,0.0
"DM-2419",False,"test",0.0,0.0,0.0,0.0,0.6272304654121399,0.29639819264411926,0.0,0.054414164274930954
"DM-2380",False,"test",0.0,0.0,0.0,0.15504615008831024,0.3053596615791321,0.5130687952041626,0.0,0.0
"DM-2334",False,"test",0.12466945499181747,0.0,0.22844205796718597,0.0,0.0,0.6025084257125854,0.0,0.0
"DM-2312",False,"test",0.0,0.0,0.0,0.638297438621521,0.3394888937473297,0.0,0.0,0.0
"DM-2282",False,"test",0.29057884216308594,0.0,0.0,0.0,0.6719544529914856,0.0,0.0,0.0
"DM-2281",False,"test",0.0,0.0,0.22913958132266998,0.0,0.7171964049339294,0.0,0.0,0.0
"DM-2262",False,"test",0.025166140869259834,0.025207873433828354,0.02518128603696823,0.025194838643074036,0.02519390918314457,0.025260958820581436,0.8236224055290222,0.025172565132379532
"DM-2258",False,"test",0.0,0.7985837459564209,0.0,0.0,0.0,0.17790967226028442,0.0,0.0
"DM-2257",False,"test",0.30224236845970154,0.4588882625102997,0.0,0.0,0.0,0.19417314231395721,0.0,0.0
"DM-2199",False,"test",0.018440283834934235,0.6514255404472351,0.01844458281993866,0.018442854285240173,0.018463967368006706,0.018443988636136055,0.237900048494339,0.01843874715268612
"DM-2189",False,"test",0.03130348399281502,0.031329017132520676,0.03126039355993271,0.7809877991676331,0.03131146728992462,0.031273454427719116,0.031265970319509506,0.031268373131752014
"DM-2177",False,"test",0.11864706873893738,0.0,0.0,0.0,0.8600672483444214,0.0,0.0,0.0
"DM-2173",False,"test",0.0,0.27000972628593445,0.0,0.0,0.2792210876941681,0.417822003364563,0.0,0.0
"DM-2171",False,"test",0.4330165386199951,0.0,0.0,0.0,0.5200259685516357,0.0,0.0,0.0
"DM-2159",True,"test",0.438778281211853,0.010427075438201427,0.010422595776617527,0.01043074019253254,0.010440817102789879,0.010437509045004845,0.010426238179206848,0.4986366927623749
"DM-2060",False,"test",0.020864125341176987,0.02087184600532055,0.020859340205788612,0.5355238914489746,0.3392553925514221,0.02087470516562462,0.020862415432929993,0.020888276398181915
"DM-2027",True,"test",0.015710294246673584,0.0157022587954998,0.01569920778274536,0.5052613019943237,0.015709100291132927,0.015729160979390144,0.015704501420259476,0.4004841446876526
"DM-2022",False,"test",0.012512842193245888,0.6507261395454407,0.012519288808107376,0.012517569586634636,0.2741636633872986,0.012514806352555752,0.012526257894933224,0.012519477866590023
"DM-2009",False,"test",0.010430845431983471,0.010426152497529984,0.010434858500957489,0.010445832274854183,0.010433799587190151,0.010435951873660088,0.01042190007865429,0.9269706606864929
"DM-2005",False,"test",0.20918352901935577,0.0,0.12663277983665466,0.0,0.631228506565094,0.0,0.0,0.0
"DM-1999",True,"test",0.0,0.1602838784456253,0.059123579412698746,0.0887809544801712,0.42540571093559265,0.2456439882516861,0.0,0.0
"DM-1996",False,"test",0.0,0.0,0.0,0.0,0.3743215501308441,0.5144912004470825,0.0,0.07409118115901947
"DM-1980",False,"test",0.013178830966353416,0.013183483853936195,0.2668273448944092,0.01317824237048626,0.013188398443162441,0.6540793776512146,0.013172793202102184,0.013191512785851955
"DM-1962",True,"test",0.015640703961253166,0.015648016706109047,0.015630846843123436,0.8905000686645508,0.01565079763531685,0.015656014904379845,0.015635287389159203,0.01563827507197857
"DM-1954",True,"test",0.0,0.0,0.0,0.6580018401145935,0.18380466103553772,0.0,0.0,0.13946227729320526
"DM-1953",False,"test",0.04973352700471878,0.0,0.0,0.4562751352787018,0.11418414860963821,0.20189793407917023,0.0,0.17041784524917603
"DM-1946",False,"test",0.0,0.0,0.0,0.633328378200531,0.33869409561157227,0.0,0.0,0.0
"DM-1943",False,"test",0.0,0.0,0.0,0.37752294540405273,0.3227684199810028,0.2811300754547119,0.0,0.0
"DM-1919",False,"test",0.0,0.0,0.0,0.462772935628891,0.2423820197582245,0.0,0.2600586414337158,0.0
"DM-1918",False,"test",0.18012778460979462,0.013943753205239773,0.013918047770857811,0.013938363641500473,0.013925301842391491,0.013930559158325195,0.3837135434150696,0.36650264263153076
"DM-1917",False,"test",0.0,0.0,0.269071102142334,0.5861919522285461,0.0,0.0,0.0,0.10992832481861115
"DM-1900",True,"test",0.0,0.0,0.0,0.0,0.966275155544281,0.0,0.0,0.0
"DM-1897",True,"test",0.0,0.0,0.0,0.0,0.8586096167564392,0.0,0.0,0.11637388169765472
"DM-1885",False,"test",0.2765404284000397,0.011380676180124283,0.011379912495613098,0.01138568390160799,0.655155599117279,0.011382580734789371,0.011395289562642574,0.011379829607903957
"DM-1883",False,"test",0.22744743525981903,0.020846717059612274,0.020855918526649475,0.020859427750110626,0.6474172472953796,0.020864134654402733,0.02085714042186737,0.020851995795965195
"DM-1881",False,"test",0.0,0.0562705434858799,0.0,0.0,0.8923035264015198,0.0,0.0,0.0
"DM-1880",False,"test",0.0,0.0,0.0,0.0,0.7165769338607788,0.25454139709472656,0.0,0.0
"DM-1868",True,"test",0.0,0.0,0.0,0.0,0.5475584864616394,0.0,0.0,0.4320778250694275
"DM-1817",True,"test",0.0,0.31721031665802,0.0,0.26571419835090637,0.20959237217903137,0.1825438141822815,0.0,0.0
"DM-1816",True,"test",0.2961582541465759,0.3678101897239685,0.24671119451522827,0.06545843929052353,0.0,0.0,0.0,0.0
"DM-1814",False,"test",0.0,0.22439037263393402,0.23135389387607574,0.0,0.0,0.33210766315460205,0.0,0.18265461921691895
"DM-1811",False,"test",0.0,0.0,0.29398736357688904,0.0,0.0,0.6482107639312744,0.0,0.0
"DM-1809",False,"test",0.28797489404678345,0.02086052857339382,0.02085171639919281,0.02087080106139183,0.02089492604136467,0.020887967199087143,0.02088487520813942,0.5867742896080017
"DM-1792",False,"test",0.0,0.32453814148902893,0.0,0.0,0.0,0.4364985525608063,0.19421587884426117,0.0
"DM-1788",False,"test",0.28043004870414734,0.33676639199256897,0.0,0.0,0.21180357038974762,0.10309570282697678,0.0,0.06194126233458519
"DM-1787",False,"test",0.15015143156051636,0.2654673755168915,0.0,0.11102418601512909,0.30353665351867676,0.11696822941303253,0.03133502975106239,0.02018020674586296
"DM-1785",False,"test",0.01139523833990097,0.011377057991921902,0.22000408172607422,0.011387426406145096,0.2980062961578369,0.011378004215657711,0.011375484988093376,0.425076425075531
"DM-1743",False,"test",0.0,0.0,0.17887213826179504,0.0,0.4865419268608093,0.0,0.0,0.3115525245666504
"DM-1731",False,"test",0.0,0.0,0.14035643637180328,0.0,0.5630037188529968,0.0,0.0,0.2693096995353699
"DM-1702",False,"test",0.011553671211004257,0.7248435020446777,0.011551754549145699,0.011556352488696575,0.20584969222545624,0.011548703536391258,0.011547538451850414,0.011548791080713272
"DM-1701",False,"test",0.011376883834600449,0.5576798319816589,0.01137232780456543,0.011379851028323174,0.37405404448509216,0.01138350274413824,0.01136928703635931,0.011384259909391403
"DM-1700",False,"test",0.0,0.6071646809577942,0.0,0.0,0.3350546956062317,0.0,0.0,0.0
"DM-1698",True,"test",0.025060756132006645,0.025047846138477325,0.025044899433851242,0.02504422515630722,0.37739449739456177,0.025092925876379013,0.025048501789569855,0.4722663462162018
"DM-1695",True,"test",0.041689734905958176,0.39627495408058167,0.04169275239109993,0.04172064736485481,0.35345005989074707,0.0417851023375988,0.041677817702293396,0.04170892387628555
"DM-1694",True,"test",0.022867286577820778,0.02282930165529251,0.022824788466095924,0.022849738597869873,0.5361657738685608,0.3267914950847626,0.022823086008429527,0.022848522290587425
"DM-1675",False,"test",0.3358500897884369,0.03206690400838852,0.03209412842988968,0.4716801345348358,0.03206811472773552,0.03207826614379883,0.03208794817328453,0.03207442909479141
"DM-1661",False,"test",0.0,0.07456452399492264,0.3032073378562927,0.0,0.5950609445571899,0.0,0.0,0.0
"DM-1653",False,"test",0.0,0.0,0.0,0.071162648499012,0.8114559054374695,0.1078944206237793,0.0,0.0
"DM-1627",True,"test",0.030738115310668945,0.030619949102401733,0.030625971034169197,0.030623847618699074,0.03067670948803425,0.030624650418758392,0.030664686113595963,0.7854260802268982
"DM-1621",False,"test",0.0,0.16990122199058533,0.133073091506958,0.530464768409729,0.14018328487873077,0.0,0.0,0.0
"DM-1618",False,"test",0.0,0.0,0.0,0.0,0.9325723052024841,0.0,0.0,0.0
"DM-1617",False,"test",0.0,0.0,0.0,0.0,0.9663131833076477,0.0,0.0,0.0
"DM-1609",False,"test",0.0,0.0,0.0,0.0,0.6734215021133423,0.0,0.0931471660733223,0.19121208786964417
"DM-1608",False,"test",0.0,0.0,0.0,0.0,0.9557805061340332,0.0,0.0,0.0
"DM-1603",False,"test",0.0,0.13833090662956238,0.11182184517383575,0.0,0.140228271484375,0.5127505660057068,0.08851244300603867,0.0
"DM-1589",True,"test",0.0,0.0,0.0,0.0,0.2838628888130188,0.6583349108695984,0.0,0.0
"DM-1584",False,"test",0.28428030014038086,0.0,0.0,0.0,0.27466511726379395,0.0,0.0,0.4266967475414276
"DM-1570",False,"test",0.0,0.4749282896518707,0.0,0.0,0.47500190138816833,0.0,0.0,0.0
"DM-1547",False,"test",0.013930758461356163,0.9024648070335388,0.013929679989814758,0.013935580849647522,0.013936584815382957,0.013934047892689705,0.013929241336882114,0.013939311727881432
"DM-1541",False,"test",0.0,0.05232097953557968,0.1659269481897354,0.1587579995393753,0.2889709770679474,0.2432299554347992,0.08752789348363876,0.0
"DM-1539",False,"test",0.10409125685691833,0.017255760729312897,0.019107183441519737,0.0,0.10149817168712616,0.0,0.7537662982940674,0.0
"DM-1531",False,"test",0.3236238360404968,0.020886238664388657,0.02087773010134697,0.5510649681091309,0.020908460021018982,0.020874932408332825,0.02087397314608097,0.020889785140752792
"DM-1526",False,"test",0.0,0.0,0.0,0.0,0.951334536075592,0.0,0.0,0.0
"DM-1525",False,"test",0.04382648691534996,0.03394344821572304,0.0,0.7274644374847412,0.08679964393377304,0.10643891245126724,0.0,0.0
"DM-1515",False,"test",0.0,0.23371002078056335,0.35146093368530273,0.0,0.28389841318130493,0.0,0.0,0.12283124029636383
"DM-1505",False,"test",0.3263853192329407,0.0,0.04725582152605057,0.57915860414505,0.040340568870306015,0.0,0.0,0.0
"DM-1497",False,"test",0.010484449565410614,0.5567890405654907,0.3802953362464905,0.010479439981281757,0.010491293855011463,0.010485018603503704,0.01048271358013153,0.01049268338829279
"DM-1489",True,"test",0.09908674657344818,0.0,0.0,0.0,0.7687335014343262,0.0,0.0,0.11052010208368301
"DM-1488",False,"test",0.0,0.0,0.0,0.0,0.5565072298049927,0.0,0.0,0.39338722825050354
"DM-1482",False,"test",0.0,0.0,0.0,0.0,0.7143749594688416,0.2530272603034973,0.0,0.0
"DM-1463",False,"test",0.0,0.0,0.0,0.41643035411834717,0.529922366142273,0.0,0.0,0.0
"DM-1456",True,"test",0.02086101844906807,0.02089093066751957,0.02086382731795311,0.4040313959121704,0.47073379158973694,0.020872723311185837,0.020865250378847122,0.020881038159132004
"DM-1446",True,"test",0.29711127281188965,0.01569986902177334,0.015674613416194916,0.015687894076108932,0.6087860465049744,0.015693293884396553,0.015668541193008423,0.015678487718105316
"DM-1434",True,"test",0.12059992551803589,0.01139664277434349,0.30018705129623413,0.01139793824404478,0.011392760090529919,0.011388292536139488,0.5222551226615906,0.011382266879081726
"DM-1424",False,"test",0.0,0.0,0.0,0.11641968786716461,0.047675661742687225,0.5271190404891968,0.0,0.2983166575431824
"DM-1407",False,"test",0.16126790642738342,0.5815654397010803,0.17258542776107788,0.0,0.0,0.0,0.05816422402858734,0.0
"DM-1396",False,"test",0.0,0.0,0.0,0.0,0.9687212109565735,0.0,0.0,0.0
"DM-1395",False,"test",0.017685575410723686,0.017669877037405968,0.017693348228931427,0.017672410234808922,0.6054357290267944,0.2884707748889923,0.017696740105748177,0.01767551898956299
"DM-1389",False,"test",0.025097446516156197,0.21845141053199768,0.025089623406529427,0.39450177550315857,0.025059929117560387,0.2616784870624542,0.02505224384367466,0.02506905049085617
"DM-1364",False,"test",0.0,0.0,0.0,0.0,0.8718060255050659,0.08406507968902588,0.0,0.0
"DM-1362",False,"test",0.0,0.2947404980659485,0.0,0.48634326457977295,0.0,0.19801312685012817,0.0,0.0
"DM-1354",False,"test",0.0,0.846794605255127,0.0,0.0,0.0,0.0,0.13411112129688263,0.0
"DM-1352",True,"test",0.0,0.0,0.0,0.813764214515686,0.0,0.17449530959129333,0.0,0.0
"DM-1347",True,"test",0.0,0.0,0.0,0.0,0.5176742672920227,0.0,0.04468376934528351,0.4186658561229706
"DM-1333",False,"test",0.0,0.0,0.0,0.16669148206710815,0.4468746483325958,0.37894317507743835,0.0,0.0
"DM-1330",False,"test",0.025249358266592026,0.37217751145362854,0.025257015600800514,0.02525780163705349,0.02527501806616783,0.47626563906669617,0.025246014818549156,0.025271669030189514
"DM-1329",False,"test",0.0,0.0,0.0,0.0,0.0,0.7068623900413513,0.0,0.2555670440196991
"DM-1326",False,"test",0.0,0.5017068982124329,0.09399589896202087,0.19027988612651825,0.0,0.0946187898516655,0.0,0.10559400171041489
"DM-1316",True,"test",0.0,0.7962669134140015,0.0,0.18348950147628784,0.0,0.0,0.0,0.0
"DM-1310",False,"test",0.0,0.46625423431396484,0.0,0.1797667145729065,0.0,0.3110503852367401,0.0,0.0
"DM-1299",False,"test",0.0,0.0,0.0,0.0,0.9484550952911377,0.0,0.0,0.0
"DM-1298",False,"test",0.0,0.0,0.0,0.17888309061527252,0.7822992205619812,0.0,0.0,0.0
"DM-1297",False,"test",0.0,0.0,0.0,0.0,0.9562004804611206,0.0,0.0,0.0
"DM-1293",False,"test",0.01563919335603714,0.5937787294387817,0.015631241723895073,0.015647096559405327,0.015672333538532257,0.015643352642655373,0.015636010095477104,0.3123520016670227
"DM-1286",False,"test",0.0,0.0,0.0,0.0,0.9806413650512695,0.0,0.0,0.0
"DM-1279",True,"test",0.0,0.5054282546043396,0.0,0.0,0.3823024034500122,0.0,0.0,0.08089075237512589
"DM-1251",True,"test",0.02105640061199665,0.02104216441512108,0.021044740453362465,0.021032191812992096,0.021042414009571075,0.02103262022137642,0.021044621244072914,0.8527048826217651
"DM-1249",True,"test",0.0,0.0,0.24019445478916168,0.0,0.47065576910972595,0.0,0.0,0.24426178634166718
"DM-1218",False,"test",0.0,0.0,0.0,0.0,0.9086530208587646,0.0,0.06851991266012192,0.0
"DM-1213",False,"test",0.47345420718193054,0.0,0.0,0.0,0.41865551471710205,0.0,0.0,0.0780743658542633
"DM-1197",False,"test",0.0,0.0,0.0,0.7741475701332092,0.19646701216697693,0.0,0.0,0.021678324788808823
"DM-1188",False,"test",0.0,0.0,0.0,0.25036001205444336,0.1440148949623108,0.5895259976387024,0.0,0.0
"DM-1152",False,"test",0.0,0.0,0.36013612151145935,0.0,0.22406430542469025,0.4043818414211273,0.0,0.0
"DM-1130",False,"test",0.011376692913472652,0.011375145986676216,0.01138088759034872,0.011382833123207092,0.9203311204910278,0.011391714215278625,0.011381525546312332,0.011380068957805634
"DM-1125",False,"test",0.0,0.04538637027144432,0.0,0.24252311885356903,0.6951677799224854,0.0,0.0,0.0
"DM-1118",False,"test",0.0,0.0,0.0,0.9634619355201721,0.0,0.0,0.0,0.0
"DM-1088",False,"test",0.0,0.22051534056663513,0.0,0.15270225703716278,0.5676859021186829,0.0,0.05044395849108696,0.0
"DM-1086",False,"test",0.0,0.0,0.0,0.7677019834518433,0.20812426507472992,0.0,0.0,0.0
"DM-1083",False,"test",0.6299494504928589,0.0,0.2003096491098404,0.14762017130851746,0.0,0.0,0.0,0.0
"DM-1072",False,"test",0.0,0.0,0.0,0.0,0.6060752272605896,0.0,0.0,0.3563910126686096
"DM-1071",False,"test",0.0,0.0,0.0,0.0,0.5374477505683899,0.0,0.2539771497249603,0.16892388463020325
"DM-1059",False,"test",0.0,0.0,0.0,0.6368211507797241,0.0,0.32363077998161316,0.0,0.0
"DM-1052",False,"test",0.12020507454872131,0.017910489812493324,0.01788989081978798,0.017889568582177162,0.017896702513098717,0.3728175461292267,0.017893416807055473,0.41749730706214905
"DM-1041",False,"test",0.0,0.017474684864282608,0.0,0.11856820434331894,0.4455324113368988,0.4112716317176819,0.0,0.0
"DM-1029",False,"test",0.0,0.669658362865448,0.0,0.06260104477405548,0.1772843450307846,0.08404111862182617,0.0,0.0
"DM-1028",False,"test",0.0,0.6970784664154053,0.050940874963998795,0.14426074922084808,0.09790202975273132,0.0,0.0,0.0
"DM-1010",False,"test",0.0,0.0,0.0,0.0,0.932628870010376,0.0,0.0,0.0
"DM-1004",False,"test",0.012543413788080215,0.012547610327601433,0.012548527680337429,0.3882308304309845,0.012551633641123772,0.5364720821380615,0.012548577971756458,0.01255732960999012
"DM-1001",False,"test",0.054233431816101074,0.17357237637043,0.3382967710494995,0.3621825575828552,0.0,0.0,0.0,0.0600009523332119
"DM-984",False,"test",0.0,0.0,0.0,0.0,0.7914823293685913,0.184275284409523,0.0,0.0
"DM-982",True,"test",0.0,0.14467766880989075,0.0,0.4448291063308716,0.3820340931415558,0.0,0.0,0.0
"DM-981",False,"test",0.0,0.0,0.0,0.48363929986953735,0.4805949628353119,0.0,0.0,0.0
"DM-980",False,"test",0.01137507613748312,0.011370480991899967,0.01136987004429102,0.011378636583685875,0.9203668832778931,0.011394040659070015,0.011369504034519196,0.011375540867447853
"DM-957",False,"test",0.0,0.0,0.0,0.16609495878219604,0.47197771072387695,0.0,0.0,0.33585241436958313
"DM-916",False,"test",0.020858723670244217,0.020868904888629913,0.020856808871030807,0.02087143436074257,0.02088521234691143,0.5407029986381531,0.3340747654438019,0.020881127566099167
"DM-914",False,"test",0.025026114657521248,0.025044672191143036,0.025022737681865692,0.025046031922101974,0.025068845599889755,0.025059860199689865,0.8246908783912659,0.02504088170826435
"DM-913",False,"test",0.02129274234175682,0.02130546234548092,0.021290428936481476,0.02130630426108837,0.021320441737771034,0.021325916051864624,0.850855827331543,0.021302854642271996
"DM-911",False,"test",0.017893338575959206,0.25354287028312683,0.017895353958010674,0.017900142818689346,0.401714026927948,0.01791021227836609,0.017895709723234177,0.2552483379840851
"DM-882",False,"test",0.06368912756443024,0.0340891107916832,0.48909249901771545,0.3442075550556183,0.0,0.027826331555843353,0.0,0.03970813751220703
"DM-873",False,"test",0.012448103167116642,0.012445899657905102,0.21517294645309448,0.01247472409158945,0.7100846171379089,0.012464145198464394,0.012452496215701103,0.012457023374736309
"DM-862",False,"test",0.18728284537792206,0.22430717945098877,0.0,0.0,0.49649718403816223,0.0,0.024332495406270027,0.05818643793463707
"DM-852",True,"test",0.0,0.0,0.0,0.0,0.6653176546096802,0.0,0.2902712821960449,0.0
"DM-791",False,"test",0.02230732887983322,0.02230187878012657,0.02231772243976593,0.5169140100479126,0.022309547290205956,0.3492380678653717,0.022305576130747795,0.022305862978100777
"DM-780",False,"test",0.0,0.0,0.03537703678011894,0.03214263170957565,0.9159900546073914,0.0,0.0,0.0
"DM-750",True,"test",0.0,0.701990008354187,0.0,0.0,0.24670414626598358,0.0,0.0,0.0317230299115181
"DM-742",True,"test",0.0,0.28853943943977356,0.0,0.0,0.24667786061763763,0.0,0.0,0.4200984835624695
"DM-699",True,"test",0.0,0.18832240998744965,0.0,0.0,0.7827872037887573,0.0,0.0,0.0
"DM-681",False,"test",0.03193992003798485,0.0,0.0,0.23435860872268677,0.5407097339630127,0.0,0.18148639798164368,0.0
"DM-664",False,"test",0.011081704869866371,0.25260379910469055,0.6479767560958862,0.0,0.0,0.0,0.08783050626516342,0.0
"DM-658",True,"test",0.0,0.0,0.0,0.16476553678512573,0.8062808513641357,0.0,0.0,0.0
"DM-649",True,"test",0.0,0.0,0.0,0.0,0.9582751393318176,0.0,0.0,0.0
"DM-648",False,"test",0.0,0.686738908290863,0.0,0.0,0.0,0.2551895081996918,0.0,0.0
"DM-646",False,"test",0.09662259370088577,0.0,0.21493804454803467,0.0,0.46210625767707825,0.13779453933238983,0.06901127099990845,0.0
"DM-627",True,"test",0.024720774963498116,0.024720406159758568,0.02471615932881832,0.024729929864406586,0.8269351720809937,0.02473987452685833,0.024710193276405334,0.02472750097513199
"DM-626",True,"test",0.07162744551897049,0.0,0.020201396197080612,0.0,0.20515716075897217,0.20304745435714722,0.493160605430603,0.0
"DM-621",False,"test",0.0,0.0,0.0,0.0,0.727306067943573,0.24864119291305542,0.0,0.0
"DM-614",False,"test",0.0,0.23748502135276794,0.0,0.0,0.7100565433502197,0.0,0.0,0.0
"DM-613",True,"test",0.0,0.4255780279636383,0.0,0.0,0.5431334376335144,0.0,0.0,0.0
"DM-611",False,"test",0.0,0.18605948984622955,0.0,0.0,0.3632858693599701,0.34148108959198,0.10054599493741989,0.0
"DM-608",True,"test",0.0,0.05248948559165001,0.5854477882385254,0.0,0.35038354992866516,0.0,0.0,0.0
"DM-607",True,"test",0.3259265422821045,0.015800926834344864,0.015842964872717857,0.01581406593322754,0.015817753970623016,0.01580451801419258,0.0158314760774374,0.5791617631912231
"DM-602",True,"test",0.08367011696100235,0.38023117184638977,0.0,0.0,0.49958547949790955,0.0,0.0,0.0
"DM-599",False,"test",0.0,0.0,0.0,0.0,0.9050727486610413,0.0,0.0570162795484066,0.0
"DM-596",True,"test",0.12239435315132141,0.23022675514221191,0.0,0.0,0.6290249824523926,0.0,0.0,0.0
"DM-595",False,"test",0.0,0.0,0.0,0.0,0.440494179725647,0.41595104336738586,0.0,0.11074602603912354
"DM-590",False,"test",0.0,0.0,0.0,0.0,0.5901554822921753,0.1713491678237915,0.0,0.22751303017139435
"DM-583",False,"test",0.0,0.0,0.0,0.31206050515174866,0.4601537585258484,0.13105368614196777,0.0,0.08535219728946686
"DM-548",True,"test",0.0,0.0,0.4988091289997101,0.0,0.2000996470451355,0.0,0.29582342505455017,0.0
"DM-546",True,"test",0.5102902054786682,0.19360779225826263,0.0,0.015490037389099598,0.0,0.04587608948349953,0.2334558367729187,0.0
"DM-521",False,"test",0.0792040154337883,0.0,0.4249001443386078,0.06412438303232193,0.3881347179412842,0.036161694675683975,0.0,0.0
"DM-520",False,"test",0.0,0.12764909863471985,0.07267729938030243,0.0,0.7682673335075378,0.0,0.0,0.0
"DM-516",False,"test",0.0,0.0,0.20273274183273315,0.09522287547588348,0.5605252385139465,0.11028962582349777,0.010407953523099422,0.01937587559223175
"DM-513",False,"test",0.10375561565160751,0.0,0.2666136920452118,0.055701591074466705,0.5414396524429321,0.0,0.02684733457863331,0.0
"DM-510",True,"test",0.0,0.0,0.0,0.0,0.8414811491966248,0.10017792135477066,0.051217272877693176,0.0
"DM-508",False,"test",0.21148496866226196,0.01786433905363083,0.017883416265249252,0.017869310453534126,0.6812388896942139,0.01787692680954933,0.017884857952594757,0.01789729855954647
"DM-470",True,"test",0.1895860880613327,0.0,0.0,0.42582497000694275,0.0,0.24541717767715454,0.12247157096862793,0.0
"DM-468",False,"test",0.0,0.0,0.0,0.4457939565181732,0.5228852033615112,0.0,0.0,0.0
"DM-461",True,"test",0.0,0.0,0.17019586265087128,0.41120001673698425,0.3404494822025299,0.06726088374853134,0.0,0.0
"DM-460",False,"test",0.26227453351020813,0.0,0.0,0.0,0.0,0.32505908608436584,0.0,0.38539764285087585
"DM-449",False,"test",0.01160518079996109,0.268500417470932,0.011606957763433456,0.011621000245213509,0.6618441343307495,0.01160972099751234,0.011603666469454765,0.011608922854065895
"DM-448",False,"test",0.025516606867313385,0.24079644680023193,0.025516154244542122,0.02553190290927887,0.6060110926628113,0.02554645761847496,0.025513924658298492,0.02556740865111351
"DM-445",False,"test",0.0,0.0,0.0,0.9687708020210266,0.0,0.0,0.0,0.0
"DM-436",False,"test",0.0,0.0,0.0,0.0,0.6043798923492432,0.3826284408569336,0.0,0.0
"DM-433",False,"test",0.013201447203755379,0.013241934590041637,0.013193744234740734,0.013200504705309868,0.9075521230697632,0.013213664293289185,0.013190369121730328,0.013206252828240395
"DM-430",False,"test",0.0,0.0,0.14966551959514618,0.0,0.0,0.8163124918937683,0.0,0.0
"DM-429",True,"test",0.0,0.0,0.0,0.25776445865631104,0.3436973989009857,0.0,0.08551839739084244,0.30156388878822327
"DM-420",False,"test",0.026498138904571533,0.026485679671168327,0.026510797441005707,0.02653142809867859,0.8144940137863159,0.026496196165680885,0.026506084948778152,0.026477620005607605
"DM-417",False,"test",0.0,0.0,0.0,0.0,0.23652833700180054,0.0,0.0,0.7426052093505859
"DM-384",False,"test",0.0,0.02223765291273594,0.0,0.12951362133026123,0.1576012820005417,0.05761262774467468,0.0,0.6282113790512085
"DM-369",False,"test",0.0,0.0,0.0,0.604543149471283,0.33100447058677673,0.0,0.04813492298126221,0.0
"DM-365",False,"test",0.0,0.13335774838924408,0.0,0.0,0.647131621837616,0.19884444773197174,0.0,0.0
"DM-354",False,"test",0.0,0.0,0.31599530577659607,0.0,0.09870418161153793,0.0,0.0,0.5486297011375427
"DM-321",False,"test",0.015736373141407967,0.015681752935051918,0.01569497399032116,0.015697011724114418,0.5106201767921448,0.39522039890289307,0.0156698115170002,0.0156794935464859
"DM-318",True,"test",0.0,0.0,0.20140381157398224,0.0,0.7572329044342041,0.0,0.0,0.0
"DM-304",False,"test",0.0,0.0,0.2474387288093567,0.0,0.5231227278709412,0.0,0.20438152551651,0.0
"DM-272",False,"test",0.011376263573765755,0.0113776084035635,0.011385474354028702,0.01138615794479847,0.6620869636535645,0.011398701928555965,0.2696010172367096,0.011387757956981659
"DM-245",True,"test",0.0,0.0,0.0,0.08238949626684189,0.6727210879325867,0.19036251306533813,0.0,0.04199885204434395
"DM-213",True,"test",0.0,0.08222374320030212,0.3675847053527832,0.0,0.5203597545623779,0.0,0.0,0.0
"DM-195",False,"test",0.0,0.0,0.16042768955230713,0.0,0.4393620789051056,0.2984236180782318,0.0,0.09679385274648666
"DM-148",False,"test",0.0,0.0,0.0,0.0,0.3975539803504944,0.0,0.0,0.5670682787895203
"DM-98",False,"test",0.01401034276932478,0.014013334177434444,0.014013754203915596,0.9019004702568054,0.014010886661708355,0.014021382667124271,0.014016027562320232,0.01401382777839899
"DM-83",False,"test",0.19711005687713623,0.0,0.0,0.5312569737434387,0.25422218441963196,0.0,0.0,0.0
"DM-75",False,"test",0.04207700118422508,0.1548493355512619,0.0589691698551178,0.28020283579826355,0.15918824076652527,0.1257936954498291,0.17790649831295013,0.0
"DM-23",False,"test",0.031336892396211624,0.7808374166488647,0.03131449595093727,0.03131378814578056,0.03131622076034546,0.03127328306436539,0.03132659196853638,0.03128128498792648
"DM-22",False,"test",0.015652624890208244,0.6356048583984375,0.015659838914871216,0.015666229650378227,0.015661807730793953,0.01565707102417946,0.27044567465782166,0.01565188728272915
"DM-21",False,"test",0.16829898953437805,0.010432283394038677,0.010429873131215572,0.010435356758534908,0.4853600561618805,0.01043687667697668,0.29417654871940613,0.010430039837956429
"DM-9",False,"test",0.17355038225650787,0.0,0.0,0.27776476740837097,0.3828500807285309,0.0,0.1581304669380188,0.0
