"issue_key","sp_change","type","t0","t1","t2","t3","t4","t5","t6","t7","t8","t9","t10"
"TIMOB-18629",False,"train",0.0,0.0,0.0,0.0,0.0,0.9855638146400452,0.0,0.0,0.0,0.0,0.0
"TIMOB-25537",False,"train",0.0,0.9873647689819336,0.0,0.0,0.0,0.0,0.0,0.0,0.0,0.0,0.0
"TIMOB-23422",False,"train",0.0,0.0,0.0,0.011361339129507542,0.0,0.0,0.0,0.9836466312408447,0.0,0.0,0.0
"TIMOB-26459",False,"train",0.0,0.0,0.0,0.0,0.9928383231163025,0.0,0.0,0.0,0.0,0.0,0.0
"TIMOB-24423",False,"train",0.0,0.2871728539466858,0.0,0.0,0.0,0.0,0.0,0.6586082577705383,0.0,0.04962994530797005,0.0
"TIMOB-12235",False,"train",0.015172088518738747,0.015173695050179958,0.015172378160059452,0.015172549523413181,0.015172174200415611,0.8482742309570312,0.0151731688529253,0.015172634273767471,0.015172431245446205,0.015172556973993778,0.015172120183706284
"TIMOB-23442",False,"train",0.0,0.0,0.0,0.0,0.0,0.9848360419273376,0.0,0.0,0.0,0.0,0.0
"TIMOB-25324",False,"train",0.0,0.0,0.0,0.0,0.0,0.0,0.9465083479881287,0.0,0.0,0.0,0.0
"TIMOB-24010",False,"train",0.0,0.0,0.9465157389640808,0.0,0.0,0.0,0.0,0.0,0.0,0.0,0.0
"TIMOB-24442",False,"train",0.0,0.0,0.363397479057312,0.0,0.0,0.0,0.0,0.3850322365760803,0.0,0.2415991574525833,0.0
"TIMOB-26275",False,"train",0.0,0.0,0.0,0.0,0.939376175403595,0.0,0.0,0.0,0.0,0.0,0.0
"TIMOB-23425",False,"train",0.0,0.9915788173675537,0.0,0.0,0.0,0.0,0.0,0.0,0.0,0.0,0.0
"TIMOB-23225",False,"train",0.0,0.0,0.0,0.0,0.0,0.0,0.0,0.13654255867004395,0.0,0.8535934686660767,0.0
"TIMOB-24259",False,"train",0.0,0.0,0.0,0.0,0.0,0.9871892929077148,0.0,0.0,0.0,0.0,0.0
"TIMOB-26355",False,"train",0.0,0.0,0.0,0.0,0.0,0.9173151850700378,0.0,0.0,0.0,0.0,0.0
"TIMOB-18559",False,"train",0.0,0.0,0.0,0.0,0.0,0.9763214588165283,0.0,0.0,0.0,0.0,0.01983499340713024
"TIMOB-23860",False,"train",0.0,0.0,0.2764580249786377,0.0,0.0,0.0,0.6825722455978394,0.0,0.0,0.0,0.0
"TIMOB-19217",False,"train",0.0,0.0,0.0,0.0,0.0,0.0,0.0,0.0,0.0,0.9586458206176758,0.0
"TIMOB-25805",False,"train",0.0,0.0,0.0,0.0,0.0,0.6922994256019592,0.0,0.2881982624530792,0.0,0.0,0.0
"TIMOB-24822",False,"train",0.0,0.0,0.0,0.0,0.0,0.0,0.0,0.9871928691864014,0.0,0.0,0.0
"TIMOB-20167",False,"train",0.0,0.0,0.0,0.0,0.9649986624717712,0.0,0.0,0.0,0.0,0.0,0.0
"TIMOB-23527",True,"train",0.0,0.0,0.0,0.0,0.0,0.0,0.0,0.0,0.0,0.0,0.983140766620636
"TIMOB-23871",False,"train",0.06832824647426605,0.0,0.0,0.1981717348098755,0.0,0.309430330991745,0.0,0.0,0.0,0.41719990968704224,0.0
"TIMOB-20198",False,"train",0.0,0.2972143590450287,0.0,0.0,0.0,0.6884174942970276,0.0,0.0,0.0,0.0,0.0
"TIMOB-18161",False,"train",0.0,0.0,0.0,0.0,0.0,0.9821693897247314,0.0,0.0,0.0,0.0,0.0
"TIMOB-25641",False,"train",0.0,0.0,0.0,0.0,0.0,0.9754155278205872,0.0,0.0,0.0,0.0,0.0
"TIMOB-24671",False,"train",0.0,0.0,0.0,0.0,0.0,0.38225632905960083,0.0,0.3821680247783661,0.22301970422267914,0.0,0.0
"TIMOB-24651",False,"train",0.0,0.9650211334228516,0.0,0.0,0.0,0.0,0.0,0.0,0.0,0.0,0.0
"TIMOB-23684",False,"train",0.0,0.0,0.0,0.9172675609588623,0.0,0.0,0.0,0.0,0.0,0.0,0.0
"TIMOB-18453",False,"train",0.015158409252762794,0.015157928690314293,0.015157828107476234,0.015158175490796566,0.015158228576183319,0.015157836489379406,0.015158365480601788,0.8484191298484802,0.015158010646700859,0.015158003196120262,0.015158060938119888
"TIMOB-23920",False,"train",0.0,0.9566519260406494,0.0,0.0,0.0,0.0,0.0,0.0,0.0,0.0,0.0
"TIMOB-17564",False,"train",0.0,0.9918748736381531,0.0,0.0,0.0,0.0,0.0,0.0,0.0,0.0,0.0
"TIMOB-20048",False,"train",0.0,0.0,0.0,0.0,0.0,0.969663679599762,0.0,0.0,0.0,0.0,0.0
"TIMOB-25748",False,"train",0.0,0.0,0.0,0.0,0.0,0.956695556640625,0.0,0.0,0.0,0.0,0.0
"TIMOB-19567",True,"train",0.0,0.0,0.0,0.0,0.0,0.0,0.0,0.0,0.9883337616920471,0.0,0.0
"TIMOB-25013",False,"train",0.0,0.6666589975357056,0.0,0.0,0.32678845524787903,0.0,0.0,0.0,0.0,0.0,0.0
"TIMOB-19148",False,"train",0.0,0.995258629322052,0.0,0.0,0.0,0.0,0.0,0.0,0.0,0.0,0.0
"TIMOB-24958",False,"train",0.0,0.1899881362915039,0.8003818988800049,0.0,0.0,0.0,0.0,0.0,0.0,0.0,0.0
"TIMOB-23836",False,"train",0.0,0.9828269481658936,0.0,0.0,0.0,0.0,0.0,0.0,0.0,0.0,0.0
"TIMOB-18773",False,"train",0.0,0.0,0.0,0.0,0.0,0.2858153283596039,0.0,0.0,0.6963897943496704,0.0,0.0
"TIMOB-19802",False,"train",0.0,0.991653323173523,0.0,0.0,0.0,0.0,0.0,0.0,0.0,0.0,0.0
"TIMOB-19473",False,"train",0.0,0.19268907606601715,0.6628340482711792,0.11332032084465027,0.028779583051800728,0.0,0.0,0.0,0.0,0.0,0.0
"TIMOB-26700",False,"train",0.0,0.0,0.0,0.9242015480995178,0.0,0.0,0.0,0.0,0.0,0.0,0.0
"TIMOB-23998",False,"train",0.0,0.9636114239692688,0.0,0.0,0.0,0.0,0.0,0.0,0.0,0.0,0.0
"TIMOB-19442",False,"train",0.0,0.0,0.0,0.0,0.0,0.0,0.0,0.9904268980026245,0.0,0.0,0.0
"TIMOB-19010",False,"train",0.0,0.0,0.0,0.0,0.0,0.0,0.9837589859962463,0.0,0.0,0.0,0.0
"TIMOB-26179",False,"train",0.9918796420097351,0.0,0.0,0.0,0.0,0.0,0.0,0.0,0.0,0.0,0.0
"TIMOB-24364",True,"train",0.0,0.9880342483520508,0.0,0.0,0.0,0.0,0.0,0.0,0.0,0.0,0.0
"TIMOB-9366",False,"train",0.0,0.0,0.0,0.0,0.0,0.9825113415718079,0.0,0.0,0.0,0.0,0.0
"TIMOB-24861",False,"train",0.0,0.6818320751190186,0.0,0.0,0.0,0.0,0.0,0.0,0.0,0.0,0.3072563707828522
"TIMOB-25055",False,"train",0.0,0.9941647052764893,0.0,0.0,0.0,0.0,0.0,0.0,0.0,0.0,0.0
"TIMOB-25487",False,"train",0.0,0.0,0.0,0.0,0.0,0.0,0.0,0.0,0.0,0.9900338053703308,0.0
"TIMOB-19469",False,"train",0.0,0.0,0.0,0.0,0.0,0.9959028363227844,0.0,0.0,0.0,0.0,0.0
"TIMOB-18879",False,"train",0.0,0.0,0.0,0.0,0.0,0.0,0.488071084022522,0.0,0.5009908676147461,0.0,0.0
"TIMOB-17754",False,"train",0.0,0.0,0.0,0.0,0.0,0.0,0.0,0.9845832586288452,0.0,0.0,0.0
"TIMOB-24594",False,"train",0.0,0.9925447702407837,0.0,0.0,0.0,0.0,0.0,0.0,0.0,0.0,0.0
"TIMOB-23443",False,"train",0.0,0.0,0.0,0.0,0.0,0.0,0.0,0.0,0.0,0.9870001673698425,0.0
"TIMOB-24283",False,"train",0.0,0.0,0.0,0.0,0.0,0.16694830358028412,0.0,0.6928583979606628,0.12470504641532898,0.0,0.0
"TIMOB-20566",True,"train",0.0,0.0,0.0,0.0,0.9857751131057739,0.0,0.0,0.0,0.0,0.0,0.0
"TIMOB-20495",False,"train",0.0,0.6214626431465149,0.28941914439201355,0.07855990529060364,0.0,0.0,0.0,0.0,0.0,0.0,0.0
"TIMOB-18855",False,"train",0.0,0.9947647452354431,0.0,0.0,0.0,0.0,0.0,0.0,0.0,0.0,0.0
"TIMOB-18775",False,"train",0.0,0.0,0.0,0.0,0.0,0.0,0.5054075717926025,0.44001680612564087,0.0,0.0,0.0
"TIMOB-18817",False,"train",0.012991410680115223,0.012990566901862621,0.01299089565873146,0.012990514747798443,0.012990579940378666,0.8700928688049316,0.012990648858249187,0.012990939430892467,0.012990687973797321,0.012990466319024563,0.012990378774702549
"TIMOB-18990",False,"train",0.0,0.0,0.0,0.0,0.6051669716835022,0.0,0.0,0.0,0.0,0.0,0.38531655073165894
"TIMOB-24834",False,"train",0.0,0.0,0.0,0.0,0.0,0.0,0.0,0.0,0.0,0.9875394701957703,0.0
"TIMOB-18913",False,"train",0.0,0.5471243262290955,0.0,0.0,0.0,0.0,0.0,0.0,0.015007252804934978,0.4315403997898102,0.0
"TIMOB-25533",False,"train",0.0,0.0,0.0,0.9969908595085144,0.0,0.0,0.0,0.0,0.0,0.0,0.0
"TIMOB-18454",False,"train",0.0,0.0,0.9650238156318665,0.0,0.0,0.0,0.0,0.0,0.0,0.0,0.0
"TIMOB-16512",False,"train",0.0,0.0,0.0,0.0,0.0,0.0,0.9747198224067688,0.0,0.0,0.0,0.0
"TIMOB-24021",False,"train",0.0,0.0,0.0,0.0,0.0,0.9650222063064575,0.0,0.0,0.0,0.0,0.0
"TIMOB-19041",False,"train",0.0,0.0,0.0,0.0,0.0,0.0,0.9464978575706482,0.0,0.0,0.0,0.0
"TIMOB-19349",False,"train",0.011370882391929626,0.011371098458766937,0.011371086351573467,0.011370916850864887,0.011371013708412647,0.011371281929314137,0.8862895369529724,0.011371069587767124,0.01137095782905817,0.011371055617928505,0.011371140368282795
"TIMOB-24655",False,"train",0.0,0.9824969172477722,0.0,0.0,0.0,0.0,0.0,0.0,0.0,0.0,0.0
"TIMOB-24204",False,"train",0.0,0.0,0.0,0.0,0.9777980446815491,0.0,0.0,0.0,0.0,0.0,0.0
"TIMOB-20612",False,"train",0.0,0.0,0.0,0.0,0.9937707781791687,0.0,0.0,0.0,0.0,0.0,0.0
"TIMOB-17707",True,"train",0.0,0.0,0.0,0.0,0.0,0.0,0.0,0.9965788722038269,0.0,0.0,0.0
"TIMOB-18044",False,"train",0.0,0.0,0.0,0.0,0.8578639626502991,0.0,0.0,0.0,0.0,0.0,0.12934662401676178
"TIMOB-17925",False,"train",0.0,0.0,0.0,0.0,0.0,0.9172855019569397,0.0,0.0,0.0,0.0,0.0
"TIMOB-19533",False,"train",0.0,0.0,0.0,0.0,0.42118313908576965,0.0,0.0,0.0,0.0,0.5700099468231201,0.0
"TIMOB-25223",False,"train",0.0,0.0,0.0,0.6476131081581116,0.0,0.0,0.0,0.3458365201950073,0.0,0.0,0.0
"TIMOB-19504",False,"train",0.0,0.40931904315948486,0.0,0.5534572005271912,0.0,0.0,0.0,0.0,0.0,0.0,0.0
"TIMOB-25023",False,"train",0.7514510154724121,0.0,0.09361103922128677,0.0,0.0,0.0,0.0,0.1487710028886795,0.0,0.0,0.0
"TIMOB-26357",False,"train",0.0,0.0,0.0,0.0,0.0,0.9173308610916138,0.0,0.0,0.0,0.0,0.0
"TIMOB-24259",False,"train",0.0,0.0,0.0,0.0,0.0,0.9871892929077148,0.0,0.0,0.0,0.0,0.0
"TIMOB-25275",False,"train",0.0,0.0,0.0,0.0,0.9793350100517273,0.0,0.0,0.0,0.0,0.0,0.0
"TIMOB-19401",False,"train",0.0,0.0,0.0,0.0,0.0,0.3837655782699585,0.5616164207458496,0.0,0.0,0.0,0.0
"TIMOB-23507",False,"train",0.0,0.9012787938117981,0.0,0.0,0.0,0.07049465924501419,0.0,0.0,0.0,0.0,0.0
"TIMOB-24473",False,"train",0.9586643576622009,0.0,0.0,0.0,0.0,0.0,0.0,0.0,0.0,0.0,0.0
"TIMOB-25949",False,"train",0.0,0.0,0.0,0.0,0.0,0.0,0.0,0.9954055547714233,0.0,0.0,0.0
"TIMOB-15415",False,"train",0.0,0.0,0.0,0.0,0.0,0.9760676622390747,0.0,0.0,0.0,0.0,0.0
"TIMOB-23599",False,"train",0.0,0.0,0.0,0.0,0.0,0.8514737486839294,0.13072755932807922,0.0,0.0,0.0,0.0
"TIMOB-23931",False,"train",0.0,0.3131669759750366,0.0,0.6839247345924377,0.0,0.0,0.0,0.0,0.0,0.0,0.0
"TIMOB-24942",False,"train",0.0,0.0,0.0,0.3467804491519928,0.0,0.0,0.0,0.0,0.0,0.0,0.6433591246604919
"TIMOB-23773",False,"train",0.0,0.0,0.0,0.0,0.0,0.0,0.0,0.9970572590827942,0.0,0.0,0.0
"TIMOB-19272",False,"train",0.0,0.0,0.0,0.88230299949646,0.0,0.10817623138427734,0.0,0.0,0.0,0.0,0.0
"TIMOB-19673",False,"train",0.0,0.0,0.0,0.0,0.0,0.0,0.0,0.0,0.0,0.994053840637207,0.0
"TIMOB-19629",False,"train",0.0,0.9766817092895508,0.0,0.0,0.0,0.0,0.0,0.0,0.0,0.0,0.0
"TIMOB-23454",False,"train",0.0,0.30084991455078125,0.0,0.0,0.0,0.0,0.0,0.0,0.6757684350013733,0.0,0.0
"TIMOB-20157",False,"train",0.0,0.0,0.0,0.5259777903556824,0.0,0.44921281933784485,0.0,0.0,0.0,0.0,0.0
"TIMOB-26210",False,"train",0.0,0.0,0.0,0.0,0.0,0.0,0.9950041174888611,0.0,0.0,0.0,0.0
"TIMOB-23896",False,"train",0.0,0.0,0.0,0.0,0.0,0.0,0.9494382739067078,0.0,0.0,0.0,0.0
"TIMOB-26360",False,"train",0.9545264840126038,0.0,0.0,0.0,0.0,0.0,0.0,0.0,0.0,0.0,0.0
"TIMOB-25860",False,"train",0.0,0.0,0.0,0.0,0.0,0.9242227077484131,0.0,0.0,0.0,0.0,0.0
"TIMOB-23601",False,"train",0.0,0.0,0.0,0.0,0.0,0.7675303220748901,0.21467716991901398,0.0,0.0,0.0,0.0
"TIMOB-19183",False,"train",0.0,0.14907751977443695,0.0,0.843478262424469,0.0,0.0,0.0,0.0,0.0,0.0,0.0
"TIMOB-20329",False,"train",0.0,0.0,0.0,0.0,0.0,0.44967231154441833,0.0,0.5297726392745972,0.0,0.0,0.0
"TIMOB-23598",False,"train",0.0,0.0,0.0,0.0,0.0,0.9802323579788208,0.0,0.0,0.0,0.0,0.0
"TIMOB-20453",True,"train",0.0,0.0,0.9887728691101074,0.0,0.0,0.0,0.0,0.0,0.0,0.0,0.0
"TIMOB-24023",False,"train",0.0,0.0,0.0,0.0,0.666358470916748,0.0,0.0,0.0,0.0,0.0,0.32210981845855713
"TIMOB-25014",False,"train",0.10354830324649811,0.5228005647659302,0.0,0.0,0.0,0.0,0.0,0.36172252893447876,0.0,0.0,0.0
"TIMOB-19493",False,"train",0.02275550737977028,0.022753631696105003,0.022753842175006866,0.022753505036234856,0.022753816097974777,0.7724584341049194,0.022754084318876266,0.022753886878490448,0.022754089906811714,0.022755533456802368,0.022753672674298286
"TIMOB-23908",False,"train",0.0,0.0,0.0,0.0,0.0,0.7359198331832886,0.0,0.0,0.23257602751255035,0.0,0.0
"TIMOB-20453",True,"train",0.0,0.0,0.9887728691101074,0.0,0.0,0.0,0.0,0.0,0.0,0.0,0.0
"TIMOB-24957",False,"train",0.0,0.0,0.0,0.0,0.0,0.0,0.0,0.0,0.0,0.6954789757728577,0.29314056038856506
"TIMOB-18144",False,"train",0.0,0.1369430273771286,0.0,0.0,0.0,0.271260529756546,0.06553078442811966,0.5118664503097534,0.0,0.0,0.0
"TIMOB-19125",False,"train",0.0,0.5799131393432617,0.0,0.0,0.0,0.0,0.0,0.4046329855918884,0.0,0.0,0.0
"TIMOB-24161",False,"train",0.0,0.0,0.0,0.9955137968063354,0.0,0.0,0.0,0.0,0.0,0.0,0.0
"TIMOB-19673",False,"train",0.0,0.0,0.0,0.0,0.0,0.0,0.0,0.0,0.0,0.994053840637207,0.0
"TIMOB-19224",False,"train",0.9393694400787354,0.0,0.0,0.0,0.0,0.0,0.0,0.0,0.0,0.0,0.0
"TIMOB-25078",False,"train",0.0,0.7309399247169495,0.26456165313720703,0.0,0.0,0.0,0.0,0.0,0.0,0.0,0.0
"TIMOB-20010",False,"train",0.8380966782569885,0.0,0.0,0.0,0.15260112285614014,0.0,0.0,0.0,0.0,0.0,0.0
"TIMOB-23771",False,"train",0.0,0.7389153838157654,0.0,0.0,0.23622795939445496,0.0,0.0,0.0,0.0,0.0,0.0
"TIMOB-23785",False,"train",0.0,0.2673349678516388,0.0,0.0,0.0,0.0,0.0,0.7228036522865295,0.0,0.0,0.0
"TIMOB-25865",False,"train",0.0,0.3002111613750458,0.0,0.0,0.0,0.695648193359375,0.0,0.0,0.0,0.0,0.0
"TIMOB-26797",False,"train",0.0,0.9909070730209351,0.0,0.0,0.0,0.0,0.0,0.0,0.0,0.0,0.0
"TIMOB-24964",False,"train",0.0,0.0,0.0,0.0,0.0,0.0,0.0,0.9922152757644653,0.0,0.0,0.0
"TIMOB-25345",False,"train",0.0,0.0,0.0,0.0,0.0,0.0,0.0,0.9828169345855713,0.0,0.0,0.0
"TIMOB-25359",False,"train",0.0,0.0,0.0,0.0,0.0,0.0,0.0,0.9957470893859863,0.0,0.0,0.0
"TIMOB-18739",False,"train",0.0,0.0,0.0,0.0,0.0,0.0,0.0,0.0,0.9715801477432251,0.0,0.0
"TIMOB-19774",False,"train",0.0,0.9880339503288269,0.0,0.0,0.0,0.0,0.0,0.0,0.0,0.0,0.0
"TIMOB-23621",False,"train",0.0,0.8329156637191772,0.0,0.1625617891550064,0.0,0.0,0.0,0.0,0.0,0.0,0.0
"TIMOB-10290",False,"train",0.0,0.6103208065032959,0.0,0.0,0.0,0.0,0.0,0.0,0.0,0.0,0.37968969345092773
"TIMOB-23252",False,"train",0.0,0.0,0.0,0.0,0.0,0.2230731099843979,0.0,0.7314453721046448,0.0,0.0,0.0
"TIMOB-18458",False,"train",0.0,0.0,0.0,0.0,0.0,0.0,0.0,0.9621065855026245,0.0,0.0,0.0
"TIMOB-18559",False,"train",0.0,0.0,0.0,0.0,0.0,0.9763214588165283,0.0,0.0,0.0,0.0,0.01983499340713024
"TIMOB-23717",False,"train",0.0,0.0,0.0,0.0,0.0,0.0,0.0,0.0,0.0,0.9814409017562866,0.0
"TIMOB-23408",True,"train",0.0,0.0,0.0,0.0,0.9793312549591064,0.0,0.0,0.0,0.0,0.0,0.0
"TIMOB-26151",False,"train",0.0,0.0,0.0,0.0,0.0,0.43784087896347046,0.0,0.5463947057723999,0.0,0.0,0.0
"TIMOB-18669",False,"train",0.0,0.0,0.0,0.0,0.0,0.0,0.0,0.0,0.0,0.9494582414627075,0.0
"TIMOB-24059",False,"train",0.0,0.0,0.0,0.0,0.0,0.9932146668434143,0.0,0.0,0.0,0.0,0.0
"TIMOB-24206",True,"train",0.0,0.18883073329925537,0.0,0.8028978109359741,0.0,0.0,0.0,0.0,0.0,0.0,0.0
"TIMOB-19905",False,"train",0.0,0.0,0.0,0.0,0.0,0.0,0.0,0.44876325130462646,0.0,0.0,0.5363180637359619
"TIMOB-23729",False,"train",0.0,0.0,0.0,0.0,0.0,0.06251312792301178,0.0,0.346611887216568,0.0,0.5884689688682556,0.0
"TIMOB-19085",False,"train",0.0,0.0,0.0,0.0,0.0,0.0,0.0,0.0,0.0,0.9793114066123962,0.0
"TIMOB-24903",False,"train",0.0,0.9821683764457703,0.0,0.0,0.0,0.0,0.0,0.0,0.0,0.0,0.0
"TIMOB-19364",False,"train",0.0,0.0,0.0,0.9760695099830627,0.0,0.0,0.0,0.0,0.0,0.0,0.0
"TIMOB-18881",False,"train",0.01820056512951851,0.018202783539891243,0.018200473859906197,0.8179880380630493,0.018201008439064026,0.018201598897576332,0.01820027083158493,0.018201690167188644,0.018201537430286407,0.018200552091002464,0.018201513215899467
"TIMOB-18389",False,"train",0.0,0.9604597687721252,0.0,0.0,0.0,0.0,0.0,0.0,0.0,0.0,0.0
"TIMOB-16172",False,"train",0.0,0.0,0.0,0.0,0.0,0.9953083395957947,0.0,0.0,0.0,0.0,0.0
"TIMOB-26014",False,"train",0.0,0.0,0.0,0.0,0.0,0.0,0.0,0.9911659955978394,0.0,0.0,0.0
"TIMOB-24095",False,"train",0.0,0.9714789986610413,0.0,0.0,0.0,0.0,0.0,0.0,0.0,0.021524788811802864,0.0
"TIMOB-6946",False,"train",0.0,0.0,0.0,0.0,0.0,0.0,0.0,0.0,0.0,0.0,0.9754223823547363
"TIMOB-25616",False,"train",0.0,0.0,0.0,0.0,0.0,0.0,0.0,0.0,0.9843202829360962,0.0,0.0
"TIMOB-24297",True,"train",0.0,0.0,0.0,0.0,0.0,0.0,0.9996150135993958,0.0,0.0,0.0,0.0
"TIMOB-19092",False,"train",0.0,0.0,0.0,0.0,0.0,0.0,0.0,0.0,0.0,0.9870088696479797,0.0
"TIMOB-23567",False,"train",0.0,0.9636180996894836,0.0,0.0,0.0,0.0,0.0,0.0,0.0,0.0,0.0
"TIMOB-12235",False,"train",0.015172088518738747,0.015173695050179958,0.015172378160059452,0.015172549523413181,0.015172174200415611,0.8482742309570312,0.0151731688529253,0.015172634273767471,0.015172431245446205,0.015172556973993778,0.015172120183706284
"TIMOB-25616",False,"train",0.0,0.0,0.0,0.0,0.0,0.0,0.0,0.0,0.9843202829360962,0.0,0.0
"TIMOB-23179",False,"train",0.0,0.0,0.0,0.0,0.0,0.0,0.0,0.3924652934074402,0.0,0.0,0.599094569683075
"TIMOB-26242",False,"train",0.0,0.0,0.0,0.0,0.0,0.0,0.0,0.9919494390487671,0.0,0.0,0.0
"TIMOB-25266",False,"train",0.0,0.3129372298717499,0.0,0.0,0.0,0.0,0.6796213388442993,0.0,0.0,0.0,0.0
"TIMOB-18775",False,"train",0.0,0.0,0.0,0.0,0.0,0.0,0.5054075717926025,0.44001680612564087,0.0,0.0,0.0
"TIMOB-23967",False,"train",0.0,0.0,0.0,0.0,0.0,0.0,0.017762092873454094,0.0,0.0,0.9805183410644531,0.0
"TIMOB-19139",False,"train",0.0,0.9635969996452332,0.0,0.0,0.0,0.0,0.0,0.0,0.0,0.0,0.0
"TIMOB-24175",False,"train",0.0,0.019635777920484543,0.0,0.0,0.0,0.0,0.0,0.0,0.0,0.0,0.9737099409103394
"TIMOB-16427",False,"train",0.0,0.0,0.0,0.0,0.0,0.1925962269306183,0.0,0.0,0.0,0.796032190322876,0.0
"TIMOB-23138",False,"train",0.0,0.0,0.0,0.0,0.0,0.0,0.0,0.0,0.0,0.0,0.9952372312545776
"TIMOB-19565",False,"train",0.0,0.0,0.0,0.0,0.0,0.0,0.0,0.9878698587417603,0.0,0.0,0.0
"TIMOB-19208",False,"train",0.0,0.9935463070869446,0.0,0.0,0.0,0.0,0.0,0.0,0.0,0.0,0.0
"TIMOB-19897",True,"train",0.0,0.0,0.0,0.0,0.9793219566345215,0.0,0.0,0.0,0.0,0.0,0.0
"TIMOB-24185",False,"train",0.0,0.3499772250652313,0.0,0.4704373776912689,0.0,0.0,0.0,0.0,0.16438613831996918,0.0,0.0
"TIMOB-18669",False,"train",0.0,0.0,0.0,0.0,0.0,0.0,0.0,0.0,0.0,0.9494582414627075,0.0
"TIMOB-23293",False,"train",0.0,0.0,0.0,0.0,0.30520087480545044,0.0,0.0,0.5085659027099609,0.0,0.0,0.14980293810367584
"TIMOB-18044",False,"train",0.0,0.0,0.0,0.0,0.8578639626502991,0.0,0.0,0.0,0.0,0.0,0.12934662401676178
"TIMOB-24050",False,"train",0.0,0.9686194658279419,0.0,0.0,0.0,0.0,0.0,0.0,0.0,0.0,0.0
"TIMOB-18044",False,"train",0.0,0.0,0.0,0.0,0.8578639626502991,0.0,0.0,0.0,0.0,0.0,0.12934662401676178
"TIMOB-23653",False,"train",0.0,0.4492948055267334,0.0,0.0,0.3096858263015747,0.0,0.0,0.23427778482437134,0.0,0.0,0.0
"TIMOB-19325",False,"train",0.0,0.0,0.0,0.9964197874069214,0.0,0.0,0.0,0.0,0.0,0.0,0.0
"TIMOB-23338",False,"train",0.0,0.015830621123313904,0.0,0.0,0.0,0.0,0.0,0.974170982837677,0.0,0.0,0.0
"TIMOB-26217",False,"train",0.0,0.0,0.0,0.0,0.9908146858215332,0.0,0.0,0.0,0.0,0.0,0.0
"TIMOB-10534",False,"train",0.0,0.0,0.0,0.0,0.7603345513343811,0.0,0.0,0.0,0.0,0.0,0.23448319733142853
"TIMOB-24958",False,"train",0.0,0.1899881362915039,0.8003818988800049,0.0,0.0,0.0,0.0,0.0,0.0,0.0,0.0
"TIMOB-25078",False,"train",0.0,0.7309399247169495,0.26456165313720703,0.0,0.0,0.0,0.0,0.0,0.0,0.0,0.0
"TIMOB-18409",False,"train",0.0,0.0,0.9715838432312012,0.0,0.0,0.0,0.0,0.0,0.0,0.0,0.0
"TIMOB-23294",False,"train",0.8989388346672058,0.010106111876666546,0.010106767527759075,0.010105802677571774,0.010106103494763374,0.010105906054377556,0.010105992667376995,0.010106418281793594,0.01010620966553688,0.01010599359869957,0.010105866007506847
"TIMOB-26729",False,"train",0.0,0.0,0.0,0.0,0.0,0.0,0.0,0.0,0.0,0.0,0.9905269145965576
"TIMOB-24206",True,"train",0.0,0.18883073329925537,0.0,0.8028978109359741,0.0,0.0,0.0,0.0,0.0,0.0,0.0
"TIMOB-26746",False,"train",0.0,0.9954027533531189,0.0,0.0,0.0,0.0,0.0,0.0,0.0,0.0,0.0
"TIMOB-19969",False,"train",0.0,0.0,0.0,0.0,0.0,0.0,0.0,0.0,0.0,0.0,0.9828404188156128
"TIMOB-24041",False,"train",0.0,0.0,0.0,0.0,0.0,0.0,0.0,0.0,0.0,0.0,0.96630859375
"TIMOB-25027",False,"train",0.0,0.0,0.0,0.0,0.0,0.0,0.0,0.7778272032737732,0.0,0.20062097907066345,0.0
"TIMOB-26222",False,"train",0.0,0.9866249561309814,0.0,0.0,0.0,0.0,0.0,0.0,0.0,0.0,0.0
"TIMOB-9606",False,"train",0.0,0.0,0.0,0.0,0.0,0.0,0.0,0.9920928478240967,0.0,0.0,0.0
"TIMOB-25377",False,"train",0.0,0.0,0.0,0.0,0.0,0.0,0.0,0.9821656346321106,0.0,0.013129735365509987,0.0
"TIMOB-19276",False,"train",0.886292040348053,0.011370430700480938,0.011372414417564869,0.011370448395609856,0.011370493099093437,0.011370640248060226,0.011370540596544743,0.011370872147381306,0.011370859108865261,0.0113705825060606,0.011370694264769554
"TIMOB-24738",False,"train",0.0,0.3659112751483917,0.0,0.0,0.6037600040435791,0.0,0.0,0.0,0.0,0.0,0.0
"TIMOB-25247",False,"train",0.0,0.992293119430542,0.0,0.0,0.0,0.0,0.0,0.0,0.0,0.0,0.0
"TIMOB-24142",False,"train",0.0,0.0,0.0,0.0,0.0,0.986998975276947,0.0,0.0,0.0,0.0,0.0
"TIMOB-23156",True,"train",0.0,0.976677417755127,0.0,0.0,0.0,0.0,0.0,0.0,0.0,0.0,0.0
"TIMOB-19676",False,"train",0.0,0.0,0.15803517401218414,0.020151399075984955,0.0,0.0,0.0,0.0,0.8109193444252014,0.0,0.0
"TIMOB-26249",False,"train",0.0,0.13402031362056732,0.0,0.0,0.0,0.0,0.0,0.0,0.0,0.860765278339386,0.0
"TIMOB-24211",False,"train",0.0,0.0,0.0,0.0,0.0,0.9521243572235107,0.0,0.0,0.0,0.0,0.0
"TIMOB-23498",False,"train",0.9905262589454651,0.0,0.0,0.0,0.0,0.0,0.0,0.0,0.0,0.0,0.0
"TIMOB-25377",False,"train",0.0,0.0,0.0,0.0,0.0,0.0,0.0,0.9821656346321106,0.0,0.013129735365509987,0.0
"TIMOB-26538",False,"train",0.0,0.9973862171173096,0.0,0.0,0.0,0.0,0.0,0.0,0.0,0.0,0.0
"TIMOB-20605",False,"train",0.0,0.0,0.0,0.0,0.9855663180351257,0.0,0.0,0.0,0.0,0.0,0.0
"TIMOB-23694",False,"train",0.0,0.992159903049469,0.0,0.0,0.0,0.0,0.0,0.0,0.0,0.0,0.0
"TIMOB-19091",False,"train",0.0,0.9191887974739075,0.0,0.0,0.0,0.0,0.06911724805831909,0.0,0.0,0.0,0.0
"TIMOB-24818",False,"train",0.0,0.9917334914207458,0.0,0.0,0.0,0.0,0.0,0.0,0.0,0.0,0.0
"TIMOB-23408",True,"train",0.0,0.0,0.0,0.0,0.9793312549591064,0.0,0.0,0.0,0.0,0.0,0.0
"TIMOB-18707",True,"train",0.0,0.0,0.0,0.0,0.9544569253921509,0.0,0.0,0.0,0.0,0.0,0.0
"TIMOB-26481",False,"train",0.0,0.0,0.0,0.0,0.0,0.9881848096847534,0.0,0.0,0.0,0.0,0.0
"TIMOB-23399",False,"train",0.0,0.16529396176338196,0.0,0.0,0.8252912163734436,0.0,0.0,0.0,0.0,0.0,0.0
"TIMOB-23999",False,"train",0.0,0.8816146850585938,0.0,0.0,0.0,0.11002999544143677,0.0,0.0,0.0,0.0,0.0
"TIMOB-23682",False,"train",0.0,0.5807139277458191,0.0,0.0,0.0,0.0,0.0,0.0,0.3958960473537445,0.0,0.0
"TIMOB-18190",False,"train",0.0,0.0,0.0,0.6152437329292297,0.0,0.32621386647224426,0.0,0.0,0.0,0.0,0.0
"TIMOB-20381",False,"train",0.0,0.0,0.0,0.0,0.0,0.0,0.0,0.0,0.0,0.999596118927002,0.0
"TIMOB-24898",False,"train",0.0,0.10530637949705124,0.0,0.0,0.0,0.0,0.0,0.8904653787612915,0.0,0.0,0.0
"TIMOB-25266",False,"train",0.0,0.3129372298717499,0.0,0.0,0.0,0.0,0.6796213388442993,0.0,0.0,0.0,0.0
"TIMOB-24454",False,"train",0.0,0.0,0.7863644957542419,0.0,0.0,0.20787003636360168,0.0,0.0,0.0,0.0,0.0
"TIMOB-19335",False,"train",0.0,0.0,0.0,0.0,0.0,0.0,0.0,0.9968083500862122,0.0,0.0,0.0
"TIMOB-19456",False,"train",0.0,0.0,0.286975622177124,0.0,0.6618549823760986,0.0,0.0,0.0,0.0,0.0,0.0
"TIMOB-18761",False,"train",0.015158752910792828,0.015159890055656433,0.015158555470407009,0.015159654431045055,0.8484069108963013,0.01516002882272005,0.015159005299210548,0.015160368755459785,0.015159080736339092,0.015158525668084621,0.015159258618950844
"TIMOB-23984",False,"train",0.21655206382274628,0.0,0.0,0.0,0.0,0.6027248501777649,0.0,0.0,0.0,0.15797275304794312,0.0
"TIMOB-20221",True,"train",0.0,0.0,0.0,0.0,0.0,0.0,0.0,0.0,0.0,0.015224390663206577,0.9301833510398865
"TIMOB-18745",False,"train",0.0,0.0,0.0,0.0,0.0,0.0,0.0,0.0,0.970666766166687,0.0,0.0
"TIMOB-26580",False,"train",0.0,0.0,0.0,0.40243977308273315,0.4980897307395935,0.0,0.0,0.0,0.0,0.0,0.07147755473852158
"TIMOB-24259",False,"train",0.0,0.0,0.0,0.0,0.0,0.9871892929077148,0.0,0.0,0.0,0.0,0.0
"TIMOB-19662",False,"train",0.0,0.0,0.9636296033859253,0.0,0.0,0.0,0.0,0.0,0.0,0.0,0.0
"TIMOB-25703",False,"train",0.0,0.0,0.0,0.15614527463912964,0.0,0.0,0.0,0.0,0.0,0.8317896127700806,0.0
"TIMOB-23602",False,"train",0.0,0.0,0.0,0.0,0.0,0.9802108407020569,0.0,0.0,0.0,0.0,0.0
"TIMOB-19588",False,"train",0.9241573810577393,0.0,0.0,0.0,0.0,0.0,0.0,0.0,0.0,0.0,0.0
"TIMOB-20480",False,"train",0.9494671821594238,0.0,0.0,0.0,0.0,0.0,0.0,0.0,0.0,0.0,0.0
"TIMOB-23920",False,"train",0.0,0.9566519260406494,0.0,0.0,0.0,0.0,0.0,0.0,0.0,0.0,0.0
"TIMOB-17566",False,"train",0.0,0.9886291027069092,0.0,0.0,0.0,0.0,0.0,0.0,0.0,0.0,0.0
"TIMOB-25868",False,"train",0.0,0.0,0.0,0.0,0.0,0.7609031796455383,0.0,0.23270143568515778,0.0,0.0,0.0
"TIMOB-19478",False,"train",0.0,0.0,0.0,0.0,0.0,0.9350171089172363,0.0,0.0,0.0,0.0,0.0
"TIMOB-26090",False,"train",0.0,0.6631824970245361,0.0,0.0,0.0,0.29588639736175537,0.0,0.0,0.0,0.0,0.0
"TIMOB-25245",False,"train",0.0,0.9934961199760437,0.0,0.0,0.0,0.0,0.0,0.0,0.0,0.0,0.0
"TIMOB-23600",False,"train",0.0,0.0,0.0,0.0,0.0,0.9802319407463074,0.0,0.0,0.0,0.0,0.0
"TIMOB-25794",False,"train",0.0,0.9563992619514465,0.0,0.0,0.0,0.0,0.0,0.0353287011384964,0.0,0.0,0.0
"TIMOB-23557",False,"train",0.0,0.0,0.0,0.0,0.0,0.985792338848114,0.0,0.0,0.0,0.0,0.0
"TIMOB-18745",False,"train",0.0,0.0,0.0,0.0,0.0,0.0,0.0,0.0,0.970666766166687,0.0,0.0
"TIMOB-19673",False,"train",0.0,0.0,0.0,0.0,0.0,0.0,0.0,0.0,0.0,0.994053840637207,0.0
"TIMOB-23812",True,"train",0.0,0.3908248841762543,0.0,0.0,0.0,0.0,0.0,0.6039893627166748,0.0,0.0,0.0
"TIMOB-23335",False,"train",0.0,0.0,0.0,0.7682404518127441,0.21469542384147644,0.0,0.0,0.0,0.0,0.0,0.0
"TIMOB-20496",False,"train",0.0,0.0,0.0,0.0,0.0,0.0,0.0,0.9897686839103699,0.0,0.0,0.0
"TIMOB-18504",False,"train",0.0,0.0,0.4344802498817444,0.0,0.0,0.49729692935943604,0.0,0.0,0.0,0.0,0.0
"TIMOB-17386",False,"train",0.9837566614151001,0.0,0.0,0.0,0.0,0.0,0.0,0.0,0.0,0.0,0.0
"TIMOB-19662",False,"train",0.0,0.0,0.9636296033859253,0.0,0.0,0.0,0.0,0.0,0.0,0.0,0.0
"TIMOB-19689",False,"train",0.0,0.0,0.0,0.0,0.0,0.9604631066322327,0.0,0.0,0.0,0.0,0.0
"TIMOB-18791",False,"train",0.0,0.0,0.0,0.0,0.0,0.0,0.9173019528388977,0.0,0.0,0.0,0.0
"TIMOB-4979",False,"train",0.0,0.0,0.0,0.0,0.0,0.0,0.0,0.0,0.9636209011077881,0.0,0.0
"TIMOB-19650",False,"train",0.0,0.0,0.0,0.0,0.0,0.0,0.0,0.9917163848876953,0.0,0.0,0.0
"TIMOB-18454",False,"train",0.0,0.0,0.9650238156318665,0.0,0.0,0.0,0.0,0.0,0.0,0.0,0.0
"TIMOB-23346",False,"train",0.0,0.9298465251922607,0.0,0.0,0.0,0.027065696194767952,0.0,0.0,0.0,0.0,0.0
"TIMOB-19160",False,"train",0.7052868008613586,0.25162559747695923,0.0,0.0,0.0,0.0,0.0,0.0,0.0,0.0,0.0
"TIMOB-20164",False,"train",0.0,0.8363352417945862,0.0,0.0,0.0,0.14585746824741364,0.0,0.0,0.0,0.0,0.0
"TIMOB-19819",False,"train",0.390839159488678,0.32072579860687256,0.0,0.2806675136089325,0.0,0.0,0.0,0.0,0.0,0.0,0.0
"TIMOB-25868",False,"train",0.0,0.0,0.0,0.0,0.0,0.7609031796455383,0.0,0.23270143568515778,0.0,0.0,0.0
"TIMOB-26085",False,"train",0.0,0.0,0.0,0.0,0.0,0.0,0.0,0.15706349909305573,0.0,0.8324406147003174,0.0
"TIMOB-23717",False,"train",0.0,0.0,0.0,0.0,0.0,0.0,0.0,0.0,0.0,0.9814409017562866,0.0
"TIMOB-17386",False,"train",0.9837566614151001,0.0,0.0,0.0,0.0,0.0,0.0,0.0,0.0,0.0,0.0
"TIMOB-25327",False,"train",0.0,0.5568689703941345,0.43359869718551636,0.0,0.0,0.0,0.0,0.0,0.0,0.0,0.0
"TIMOB-24842",False,"train",0.0,0.9898941516876221,0.0,0.0,0.0,0.0,0.0,0.0,0.0,0.0,0.0
"TIMOB-19651",False,"train",0.0,0.0,0.5040205717086792,0.0,0.0,0.484430730342865,0.0,0.0,0.0,0.0,0.0
"TIMOB-19157",False,"train",0.0,0.02780991420149803,0.0,0.0,0.966659426689148,0.0,0.0,0.0,0.0,0.0,0.0
"TIMOB-25506",False,"train",0.0,0.0,0.0,0.147461399435997,0.0,0.0,0.0,0.679417073726654,0.0,0.0,0.17111364006996155
"TIMOB-25468",False,"train",0.0,0.0,0.0,0.0,0.0,0.9647826552391052,0.0,0.029570793733000755,0.0,0.0,0.0
"TIMOB-24244",False,"train",0.0,0.0,0.0,0.0,0.8584698438644409,0.13825063407421112,0.0,0.0,0.0,0.0,0.0
"TIMOB-3221",False,"train",0.0,0.0,0.0,0.0,0.0,0.0,0.0,0.0,0.0,0.9904108643531799,0.0
"TIMOB-24629",False,"train",0.0,0.9928861856460571,0.0,0.0,0.0,0.0,0.0,0.0,0.0,0.0,0.0
"TIMOB-26498",True,"train",0.0,0.0,0.0,0.6608479619026184,0.0,0.0,0.0,0.3314289152622223,0.0,0.0,0.0
"TIMOB-20405",False,"train",0.0,0.0,0.0,0.0,0.9793278574943542,0.0,0.0,0.0,0.0,0.0,0.0
"TIMOB-24833",False,"train",0.0,0.5256147980690002,0.0,0.0,0.0,0.0,0.0,0.0,0.0,0.0,0.4647568166255951
"TIMOB-26869",False,"train",0.0,0.0,0.0,0.0,0.0,0.9948321580886841,0.0,0.0,0.0,0.0,0.0
"TIMOB-26404",False,"train",0.0,0.11252115666866302,0.0,0.0,0.0,0.8777197003364563,0.0,0.0,0.0,0.0,0.0
"TIMOB-19351",False,"train",0.0,0.0,0.0,0.0,0.6899239420890808,0.0,0.0,0.28594115376472473,0.0,0.0,0.0
"TIMOB-26651",False,"train",0.0,0.0,0.0,0.0,0.0,0.0,0.0,0.9860085844993591,0.0,0.0,0.0
"TIMOB-25518",False,"train",0.0,0.3225221335887909,0.0,0.6640477776527405,0.0,0.0,0.0,0.0,0.0,0.0,0.0
"TIMOB-23275",False,"train",0.0,0.19506537914276123,0.0,0.0,0.0,0.0,0.0,0.19942495226860046,0.0,0.6007860898971558,0.0
"TIMOB-26479",False,"train",0.0,0.9674937725067139,0.0,0.0,0.0,0.0,0.0,0.0,0.0,0.0,0.0
"TIMOB-23858",False,"train",0.0,0.0,0.0,0.9982545971870422,0.0,0.0,0.0,0.0,0.0,0.0,0.0
"TIMOB-25236",False,"train",0.0,0.0,0.0,0.0,0.0,0.0,0.0,0.9740138649940491,0.0,0.0,0.0
"TIMOB-24595",False,"train",0.0,0.988328218460083,0.0,0.0,0.0,0.0,0.0,0.0,0.0,0.0,0.0
"TIMOB-26210",False,"train",0.0,0.0,0.0,0.0,0.0,0.0,0.9950041174888611,0.0,0.0,0.0,0.0
"TIMOB-20605",False,"train",0.0,0.0,0.0,0.0,0.9855663180351257,0.0,0.0,0.0,0.0,0.0,0.0
"TIMOB-19857",False,"train",0.0,0.0,0.0,0.0,0.0,0.9911642670631409,0.0,0.0,0.0,0.0,0.0
"TIMOB-26275",False,"train",0.0,0.0,0.0,0.0,0.939376175403595,0.0,0.0,0.0,0.0,0.0,0.0
"TIMOB-24776",False,"train",0.0,0.0,0.0,0.6618379354476929,0.0,0.0,0.0,0.3304389715194702,0.0,0.0,0.0
"TIMOB-23454",False,"train",0.0,0.30084991455078125,0.0,0.0,0.0,0.0,0.0,0.0,0.6757684350013733,0.0,0.0
"TIMOB-20232",False,"train",0.0,0.0,0.0,0.0,0.0,0.0,0.0,0.0,0.9241944551467896,0.0,0.0
"TIMOB-24934",False,"train",0.0,0.0,0.0,0.0,0.9951863288879395,0.0,0.0,0.0,0.0,0.0,0.0
"TIMOB-25949",False,"train",0.0,0.0,0.0,0.0,0.0,0.0,0.0,0.9954055547714233,0.0,0.0,0.0
"TIMOB-24906",False,"train",0.0,0.31420832872390747,0.0,0.0,0.0,0.24139298498630524,0.42924314737319946,0.0,0.0,0.0,0.0
"TIMOB-24051",False,"train",0.0,0.0,0.0,0.0,0.9924131631851196,0.0,0.0,0.0,0.0,0.0,0.0
"TIMOB-17997",False,"train",0.0,0.0,0.0,0.9953758716583252,0.0,0.0,0.0,0.0,0.0,0.0,0.0
"TIMOB-19784",False,"train",0.0,0.0,0.0,0.0,0.0,0.0,0.0,0.0,0.0,0.9914997816085815,0.0
"TIMOB-23601",False,"train",0.0,0.0,0.0,0.0,0.0,0.7675303220748901,0.21467716991901398,0.0,0.0,0.0,0.0
"TIMOB-25031",False,"train",0.4797680974006653,0.5177053213119507,0.0,0.0,0.0,0.0,0.0,0.0,0.0,0.0,0.0
"TIMOB-26000",False,"train",0.0,0.0,0.0,0.0,0.0,0.9350355863571167,0.0,0.0,0.0,0.0,0.0
"TIMOB-24021",False,"train",0.0,0.0,0.0,0.0,0.0,0.9650222063064575,0.0,0.0,0.0,0.0,0.0
"TIMOB-20013",False,"train",0.0,0.0,0.0,0.9975185990333557,0.0,0.0,0.0,0.0,0.0,0.0,0.0
"TIMOB-18967",False,"train",0.0,0.986221969127655,0.0,0.0,0.0,0.0,0.0,0.0,0.0,0.0,0.0
"TIMOB-25797",False,"train",0.0,0.9919509887695312,0.0,0.0,0.0,0.0,0.0,0.0,0.0,0.0,0.0
"TIMOB-6514",False,"train",0.0,0.0,0.0,0.0,0.0,0.0,0.9350048303604126,0.0,0.0,0.0,0.0
"TIMOB-25856",False,"train",0.9772642254829407,0.0,0.0,0.0,0.0,0.0,0.0,0.0,0.0,0.0,0.0
"TIMOB-19680",False,"train",0.0,0.0,0.0,0.0,0.0,0.32018133997917175,0.0,0.675137996673584,0.0,0.0,0.0
"TIMOB-23557",False,"train",0.0,0.0,0.0,0.0,0.0,0.985792338848114,0.0,0.0,0.0,0.0,0.0
"TIMOB-20226",True,"train",0.0,0.0,0.8388436436653137,0.14068251848220825,0.0,0.0,0.0,0.0,0.0,0.0,0.0
"TIMOB-26295",False,"train",0.0,0.0,0.0,0.0,0.0,0.0,0.0,0.0,0.0,0.0,0.990624189376831
"TIMOB-24906",False,"train",0.0,0.31420832872390747,0.0,0.0,0.0,0.24139298498630524,0.42924314737319946,0.0,0.0,0.0,0.0
"TIMOB-16427",False,"train",0.0,0.0,0.0,0.0,0.0,0.1925962269306183,0.0,0.0,0.0,0.796032190322876,0.0
"TIMOB-25186",False,"train",0.0,0.0,0.0,0.0,0.0,0.0,0.0,0.9747217297554016,0.0,0.0,0.0
"TIMOB-20010",False,"train",0.8380966782569885,0.0,0.0,0.0,0.15260112285614014,0.0,0.0,0.0,0.0,0.0,0.0
"TIMOB-19082",False,"train",0.0,0.2815490663051605,0.0,0.0,0.0,0.0,0.7060481309890747,0.0,0.0,0.0,0.0
"TIMOB-4274",False,"train",0.0,0.9917317628860474,0.0,0.0,0.0,0.0,0.0,0.0,0.0,0.0,0.0
"TIMOB-18432",False,"train",0.0,0.0,0.0,0.0,0.0,0.0,0.9566903114318848,0.0,0.0,0.0,0.0
"TIMOB-19438",False,"train",0.0,0.0,0.0,0.0,0.0,0.0,0.0,0.9913333058357239,0.0,0.0,0.0
"TIMOB-23920",False,"train",0.0,0.9566519260406494,0.0,0.0,0.0,0.0,0.0,0.0,0.0,0.0,0.0
"TIMOB-23877",False,"train",0.0,0.0,0.0,0.0,0.0,0.9793322682380676,0.0,0.0,0.0,0.0,0.0
"TIMOB-18168",False,"train",0.4309166371822357,0.0,0.0,0.0,0.0,0.3358844518661499,0.024256180971860886,0.0,0.0,0.2067028284072876,0.0
"TIMOB-25563",False,"train",0.0,0.9870082139968872,0.0,0.0,0.0,0.0,0.0,0.0,0.0,0.0,0.0
"TIMOB-24718",False,"train",0.0,0.0,0.0,0.0,0.0,0.9747326970100403,0.0,0.0,0.0,0.0,0.0
"TIMOB-19565",False,"train",0.0,0.0,0.0,0.0,0.0,0.0,0.0,0.9878698587417603,0.0,0.0,0.0
"TIMOB-23486",False,"train",0.0,0.9909966588020325,0.0,0.0,0.0,0.0,0.0,0.0,0.0,0.0,0.0
"TIMOB-24239",False,"train",0.0,0.1856282651424408,0.0,0.0,0.0,0.0,0.0,0.0,0.0,0.0,0.7688886523246765
"TIMOB-23594",False,"train",0.0,0.0,0.0,0.0,0.0,0.6215603351593018,0.3606489896774292,0.0,0.0,0.0,0.0
"TIMOB-25119",False,"train",0.0,0.0,0.0,0.0,0.9636256694793701,0.0,0.0,0.0,0.0,0.0,0.0
"TIMOB-26360",False,"train",0.9545264840126038,0.0,0.0,0.0,0.0,0.0,0.0,0.0,0.0,0.0,0.0
"TIMOB-17568",False,"train",0.0,0.0,0.0,0.0,0.0,0.2608799934387207,0.0,0.0,0.0,0.7233805060386658,0.0
"TIMOB-7564",False,"train",0.9772667288780212,0.0,0.0,0.0,0.0,0.0,0.0,0.0,0.0,0.0,0.0
"TIMOB-26797",False,"train",0.0,0.9909070730209351,0.0,0.0,0.0,0.0,0.0,0.0,0.0,0.0,0.0
"TIMOB-15718",False,"train",0.0,0.0,0.0,0.0,0.8615244626998901,0.12945030629634857,0.0,0.0,0.0,0.0,0.0
"TIMOB-26484",False,"train",0.0,0.0,0.0,0.0,0.0,0.0,0.0,0.0,0.9843208193778992,0.0,0.0
"TIMOB-23749",False,"train",0.0,0.0,0.0,0.0,0.0,0.9810577034950256,0.0,0.0,0.0,0.0,0.0
"TIMOB-19079",False,"train",0.9754253625869751,0.0,0.0,0.0,0.0,0.0,0.0,0.0,0.0,0.0,0.0
"TIMOB-19029",False,"train",0.996345579624176,0.0,0.0,0.0,0.0,0.0,0.0,0.0,0.0,0.0,0.0
"TIMOB-18627",False,"train",0.0,0.0,0.0,0.0,0.0,0.0,0.0,0.0,0.0,0.0,0.9586555361747742
"TIMOB-19056",False,"train",0.0,0.0,0.24121932685375214,0.0,0.0,0.7405891418457031,0.0,0.0,0.0,0.0,0.0
"TIMOB-24266",True,"train",0.0,0.0,0.0,0.0,0.0,0.019707418978214264,0.6073563098907471,0.36359354853630066,0.0,0.0,0.0
"TIMOB-25023",False,"train",0.7514510154724121,0.0,0.09361103922128677,0.0,0.0,0.0,0.0,0.1487710028886795,0.0,0.0,0.0
"TIMOB-23422",False,"train",0.0,0.0,0.0,0.011361339129507542,0.0,0.0,0.0,0.9836466312408447,0.0,0.0,0.0
"TIMOB-23824",False,"train",0.0,0.4119284749031067,0.08586102724075317,0.0,0.4512755572795868,0.0,0.0,0.04243370518088341,0.0,0.0,0.0
"TIMOB-19633",False,"train",0.0,0.0,0.0,0.0,0.0,0.0,0.0,0.9777743220329285,0.0,0.0,0.0
"TIMOB-25735",False,"train",0.0,0.0,0.0,0.0,0.9650198817253113,0.0,0.0,0.0,0.0,0.0,0.0
"TIMOB-19701",False,"train",0.0,0.0,0.0,0.0,0.0,0.0,0.9431630373001099,0.0,0.0,0.0,0.0
"TIMOB-23492",False,"train",0.0,0.0,0.0,0.0,0.0,0.0,0.0,0.9932587742805481,0.0,0.0,0.0
"TIMOB-6946",False,"train",0.0,0.0,0.0,0.0,0.0,0.0,0.0,0.0,0.0,0.0,0.9754223823547363
"TIMOB-26149",False,"train",0.962114155292511,0.0,0.0,0.0,0.0,0.0,0.0,0.0,0.0,0.0,0.0
"TIMOB-23662",False,"train",0.0,0.0,0.48490771651268005,0.0,0.0,0.4999255836009979,0.0,0.0,0.0,0.0,0.0
"TIMOB-23870",False,"train",0.0,0.20794959366321564,0.0,0.0772133618593216,0.0,0.0,0.0,0.7102872729301453,0.0,0.0,0.0
"TIMOB-24728",False,"train",0.9938511848449707,0.0,0.0,0.0,0.0,0.0,0.0,0.0,0.0,0.0,0.0
"TIMOB-23557",False,"train",0.0,0.0,0.0,0.0,0.0,0.985792338848114,0.0,0.0,0.0,0.0,0.0
"TIMOB-20490",False,"train",0.0,0.0,0.0,0.0,0.0,0.0,0.0,0.9939172267913818,0.0,0.0,0.0
"TIMOB-23587",False,"train",0.0,0.0,0.0,0.0,0.0,0.9802311658859253,0.0,0.0,0.0,0.0,0.0
"TIMOB-25043",False,"train",0.0,0.0,0.0,0.0,0.0,0.0,0.0,0.0,0.0,0.0,0.9797900319099426
"TIMOB-23209",False,"train",0.0,0.0,0.0,0.0,0.0,0.0,0.0,0.9954980611801147,0.0,0.0,0.0
"TIMOB-19506",False,"train",0.0,0.9766699075698853,0.0,0.0,0.0,0.0,0.0,0.0,0.0,0.0,0.0
"TIMOB-19092",False,"train",0.0,0.0,0.0,0.0,0.0,0.0,0.0,0.0,0.0,0.9870088696479797,0.0
"TIMOB-26217",False,"train",0.0,0.0,0.0,0.0,0.9908146858215332,0.0,0.0,0.0,0.0,0.0,0.0
"TIMOB-19884",False,"train",0.0,0.0,0.0,0.0,0.9883379936218262,0.0,0.0,0.0,0.0,0.0,0.0
"TIMOB-23343",True,"train",0.0,0.9843175411224365,0.0,0.0,0.0,0.0,0.0,0.0,0.0,0.0,0.0
"TIMOB-23588",False,"train",0.0,0.0,0.0,0.0,0.0,0.6307039260864258,0.3522438704967499,0.0,0.0,0.0,0.0
"TIMOB-12235",False,"train",0.015172088518738747,0.015173695050179958,0.015172378160059452,0.015172549523413181,0.015172174200415611,0.8482742309570312,0.0151731688529253,0.015172634273767471,0.015172431245446205,0.015172556973993778,0.015172120183706284
"TIMOB-24175",False,"train",0.0,0.019635777920484543,0.0,0.0,0.0,0.0,0.0,0.0,0.0,0.0,0.9737099409103394
"TIMOB-19652",False,"train",0.0,0.0,0.0,0.0,0.954497218132019,0.0,0.0,0.0,0.0,0.0,0.0
"TIMOB-19249",False,"train",0.0,0.0,0.0,0.9277955889701843,0.0,0.0,0.0,0.0,0.07024549692869186,0.0,0.0
"TIMOB-26009",False,"train",0.9300411939620972,0.0,0.0,0.0,0.0,0.0,0.0,0.0,0.0,0.0,0.0
"TIMOB-19276",False,"train",0.886292040348053,0.011370430700480938,0.011372414417564869,0.011370448395609856,0.011370493099093437,0.011370640248060226,0.011370540596544743,0.011370872147381306,0.011370859108865261,0.0113705825060606,0.011370694264769554
"TIMOB-25254",False,"train",0.717165470123291,0.2730841040611267,0.0,0.0,0.0,0.0,0.0,0.0,0.0,0.0,0.0
"TIMOB-24222",False,"train",0.0,0.0,0.0,0.0,0.0,0.0,0.0,0.0,0.0,0.9831551909446716,0.0
"TIMOB-24810",False,"train",0.0,0.0,0.0,0.0,0.0,0.0,0.9663168787956238,0.0,0.0,0.0,0.0
"TIMOB-26005",False,"train",0.0,0.10233665257692337,0.0,0.0,0.0,0.8430923819541931,0.0,0.0,0.0,0.0,0.0
"TIMOB-23964",False,"train",0.0,0.0,0.0,0.0,0.0,0.0,0.0,0.0,0.0,0.981429934501648,0.0
"TIMOB-2792",False,"train",0.0,0.28447994589805603,0.0,0.04689095541834831,0.0,0.6649591326713562,0.0,0.0,0.0,0.0,0.0
"TIMOB-25565",False,"train",0.0,0.9968101978302002,0.0,0.0,0.0,0.0,0.0,0.0,0.0,0.0,0.0
"TIMOB-20118",False,"train",0.0,0.0,0.0,0.7623639106750488,0.10537037998437881,0.0,0.0,0.130716472864151,0.0,0.0,0.0
"TIMOB-23637",False,"train",0.0,0.7155070304870605,0.0,0.0,0.0,0.0,0.0,0.27549633383750916,0.0,0.0,0.0
"TIMOB-25650",False,"train",0.0,0.0,0.0,0.0,0.9241878390312195,0.0669015645980835,0.0,0.0,0.0,0.0,0.0
"TIMOB-20302",False,"train",0.0,0.0,0.0,0.0,0.32053375244140625,0.6553783416748047,0.0,0.0,0.0,0.0,0.0
"TIMOB-26729",False,"train",0.0,0.0,0.0,0.0,0.0,0.0,0.0,0.0,0.0,0.0,0.9905269145965576
"TIMOB-24822",False,"train",0.0,0.0,0.0,0.0,0.0,0.0,0.0,0.9871928691864014,0.0,0.0,0.0
"TIMOB-25291",False,"train",0.0,0.37150904536247253,0.0,0.0,0.0,0.0,0.2034146636724472,0.41880252957344055,0.0,0.0,0.0
"TIMOB-23774",False,"train",0.0,0.1475740522146225,0.0,0.0,0.0,0.8394324779510498,0.0,0.0,0.0,0.0,0.0
"TIMOB-19084",False,"train",0.0,0.0,0.0,0.0,0.0,0.0,0.0,0.0,0.12706443667411804,0.8501735925674438,0.0
"TIMOB-25247",False,"train",0.0,0.992293119430542,0.0,0.0,0.0,0.0,0.0,0.0,0.0,0.0,0.0
"TIMOB-26834",False,"train",0.0,0.9814253449440002,0.0,0.0,0.0,0.0,0.0,0.0,0.0,0.0,0.0
"TIMOB-24479",False,"train",0.0,0.0,0.0,0.0,0.0,0.0,0.0,0.993726372718811,0.0,0.0,0.0
"TIMOB-20155",False,"train",0.0,0.0,0.0,0.0,0.0,0.0,0.0,0.0,0.9686453342437744,0.0,0.0
"TIMOB-15275",False,"train",0.0,0.0,0.0,0.0,0.0,0.0,0.0,0.9696590900421143,0.0,0.0,0.0
"TIMOB-24856",False,"train",0.0,0.9929443001747131,0.0,0.0,0.0,0.0,0.0,0.0,0.0,0.0,0.0
"TIMOB-24088",False,"train",0.0,0.0,0.0,0.0,0.0,0.0,0.0,0.9937657117843628,0.0,0.0,0.0
"TIMOB-18214",False,"train",0.0,0.9966375231742859,0.0,0.0,0.0,0.0,0.0,0.0,0.0,0.0,0.0
"TIMOB-23299",False,"train",0.0,0.0,0.0,0.0,0.0,0.9772565960884094,0.0,0.0,0.0,0.0,0.0
"TIMOB-23752",False,"train",0.552230954170227,0.0,0.0,0.0,0.4243735671043396,0.0,0.0,0.0,0.0,0.0,0.0
"TIMOB-26826",False,"train",0.0,0.0,0.0,0.0,0.0,0.7303364872932434,0.23069605231285095,0.0,0.0,0.0,0.0
"TIMOB-23903",False,"train",0.9696869254112244,0.0,0.0,0.0,0.0,0.0,0.0,0.0,0.0,0.0,0.0
"TIMOB-26077",False,"train",0.0,0.0,0.0,0.0,0.9566900134086609,0.0,0.0,0.0,0.0,0.0,0.0
"TIMOB-20609",False,"train",0.0,0.0,0.0,0.0,0.0,0.0,0.0,0.9947130680084229,0.0,0.0,0.0
"TIMOB-23408",True,"train",0.0,0.0,0.0,0.0,0.9793312549591064,0.0,0.0,0.0,0.0,0.0,0.0
"TIMOB-23875",False,"train",0.0,0.0,0.0,0.0,0.0,0.0,0.0,0.0,0.0,0.0,0.9896767139434814
"TIMOB-24261",False,"train",0.0,0.12066525965929031,0.8588560819625854,0.0,0.0,0.0,0.0,0.0,0.0,0.0,0.0
"TIMOB-19009",False,"train",0.0,0.0,0.0,0.0,0.0,0.0,0.0,0.0,0.0,0.9887688755989075,0.0
"TIMOB-23790",False,"train",0.0,0.0,0.0,0.0,0.0,0.9630743265151978,0.028016334399580956,0.0,0.0,0.0,0.0
"TIMOB-26331",False,"train",0.0,0.9828344583511353,0.0,0.0,0.0,0.0,0.0,0.0,0.0,0.0,0.0
"TIMOB-4274",False,"train",0.0,0.9917317628860474,0.0,0.0,0.0,0.0,0.0,0.0,0.0,0.0,0.0
"TIMOB-19495",False,"train",0.7726358771324158,0.022735988721251488,0.02273622341454029,0.02273586206138134,0.02273618057370186,0.022737817838788033,0.022736478596925735,0.022736256942152977,0.022736484184861183,0.02273680828511715,0.022736040875315666
"TIMOB-26477",False,"train",0.0,0.9983410835266113,0.0,0.0,0.0,0.0,0.0,0.0,0.0,0.0,0.0
"TIMOB-24710",False,"train",0.0,0.0,0.9956900477409363,0.0,0.0,0.0,0.0,0.0,0.0,0.0,0.0
"TIMOB-23179",False,"train",0.0,0.0,0.0,0.0,0.0,0.0,0.0,0.3924652934074402,0.0,0.0,0.599094569683075
"TIMOB-20609",False,"train",0.0,0.0,0.0,0.0,0.0,0.0,0.0,0.9947130680084229,0.0,0.0,0.0
"TIMOB-23694",False,"train",0.0,0.992159903049469,0.0,0.0,0.0,0.0,0.0,0.0,0.0,0.0,0.0
"TIMOB-19716",False,"train",0.9494459629058838,0.0,0.0,0.0,0.0,0.0,0.0,0.0,0.0,0.0,0.0
"TIMOB-25881",False,"train",0.0,0.0,0.0,0.4685417413711548,0.0,0.4631798565387726,0.0,0.0,0.0,0.0,0.0
"TIMOB-26149",False,"train",0.962114155292511,0.0,0.0,0.0,0.0,0.0,0.0,0.0,0.0,0.0,0.0
"TIMOB-24903",False,"train",0.0,0.9821683764457703,0.0,0.0,0.0,0.0,0.0,0.0,0.0,0.0,0.0
"TIMOB-25635",False,"train",0.9766792058944702,0.0,0.0,0.0,0.0,0.0,0.0,0.0,0.0,0.0,0.0
"TIMOB-25282",False,"train",0.0,0.0,0.0,0.8519836068153381,0.0,0.0,0.0,0.0,0.0,0.0,0.14208458364009857
"TIMOB-19648",False,"train",0.0,0.0,0.0,0.0,0.0,0.0,0.7359125018119812,0.0,0.0,0.0,0.257122665643692
"TIMOB-23486",False,"train",0.0,0.9909966588020325,0.0,0.0,0.0,0.0,0.0,0.0,0.0,0.0,0.0
"TIMOB-19659",False,"train",0.30138376355171204,0.0,0.0,0.0,0.0,0.28584936261177063,0.4025198817253113,0.0,0.0,0.0,0.0
"TIMOB-23543",False,"train",0.0,0.0,0.0,0.0,0.0,0.10299443453550339,0.4788891077041626,0.0,0.0,0.0,0.40194734930992126
"TIMOB-23389",False,"train",0.0,0.9896618127822876,0.0,0.0,0.0,0.0,0.0,0.0,0.0,0.0,0.0
"TIMOB-26051",False,"train",0.0,0.0,0.0,0.9878759980201721,0.0,0.0,0.0,0.0,0.0,0.0,0.0
"TIMOB-24021",False,"train",0.0,0.0,0.0,0.0,0.0,0.9650222063064575,0.0,0.0,0.0,0.0,0.0
"TIMOB-26115",False,"train",0.0,0.0,0.0,0.0,0.0,0.0,0.05506520718336105,0.9233829379081726,0.0,0.0,0.0
"TIMOB-17141",False,"train",0.0,0.0,0.0,0.9983088970184326,0.0,0.0,0.0,0.0,0.0,0.0,0.0
"TIMOB-23774",False,"train",0.0,0.1475740522146225,0.0,0.0,0.0,0.8394324779510498,0.0,0.0,0.0,0.0,0.0
"TIMOB-24560",False,"train",0.0,0.0,0.0,0.0,0.9831579327583313,0.0,0.0,0.0,0.0,0.0,0.0
"TIMOB-23984",False,"train",0.21655206382274628,0.0,0.0,0.0,0.0,0.6027248501777649,0.0,0.0,0.0,0.15797275304794312,0.0
"TIMOB-17861",False,"train",0.0,0.5764961838722229,0.0,0.0,0.0,0.0,0.0,0.0,0.4071177542209625,0.0,0.0
"TIMOB-24690",False,"train",0.0,0.0,0.0,0.0,0.0,0.0,0.9806277751922607,0.0,0.0,0.0,0.0
"TIMOB-18155",False,"train",0.0,0.08776088058948517,0.0,0.0,0.0,0.0,0.0,0.8406877517700195,0.0,0.0,0.07043574005365372
"TIMOB-23968",False,"train",0.0,0.6034468412399292,0.0,0.0,0.0,0.0,0.17675010859966278,0.21153150498867035,0.0,0.0,0.0
"TIMOB-26355",False,"train",0.0,0.0,0.0,0.0,0.0,0.9173151850700378,0.0,0.0,0.0,0.0,0.0
"TIMOB-25275",False,"train",0.0,0.0,0.0,0.0,0.9793350100517273,0.0,0.0,0.0,0.0,0.0,0.0
"TIMOB-23968",False,"train",0.0,0.6034468412399292,0.0,0.0,0.0,0.0,0.17675010859966278,0.21153150498867035,0.0,0.0,0.0
"TIMOB-23570",False,"train",0.0,0.994711697101593,0.0,0.0,0.0,0.0,0.0,0.0,0.0,0.0,0.0
"TIMOB-24669",False,"train",0.0,0.0,0.9604568481445312,0.0,0.0,0.0,0.0,0.0,0.0,0.0,0.0
"TIMOB-19352",False,"train",0.0,0.0,0.0,0.0,0.0,0.9760380387306213,0.0,0.0,0.0,0.0,0.0
"TIMOB-6946",False,"train",0.0,0.0,0.0,0.0,0.0,0.0,0.0,0.0,0.0,0.0,0.9754223823547363
"TIMOB-19061",False,"train",0.0,0.2957785725593567,0.0,0.0,0.0,0.0,0.6651992201805115,0.0,0.0,0.0,0.0
"TIMOB-20078",False,"train",0.0,0.0,0.9173216223716736,0.0,0.0,0.0,0.0,0.0,0.0,0.0,0.0
"TIMOB-24372",False,"train",0.0,0.0,0.9566905498504639,0.0,0.0,0.0,0.0,0.0,0.0,0.0,0.0
"TIMOB-25582",False,"train",0.0,0.0,0.0,0.0,0.0,0.0,0.0,0.0,0.0,0.0,0.9828393459320068
"TIMOB-19476",False,"train",0.0,0.0,0.0,0.0,0.0,0.0,0.0,0.0,0.0,0.9431614279747009,0.0
"TIMOB-18670",False,"train",0.0,0.0,0.0,0.0,0.0,0.0,0.20241519808769226,0.0,0.0,0.7648311853408813,0.0
"TIMOB-23458",False,"train",0.0,0.5978459119796753,0.0,0.0,0.0,0.3917642831802368,0.0,0.0,0.0,0.0,0.0
"TIMOB-19717",False,"train",0.0,0.0,0.0,0.0,0.0,0.0,0.9431529641151428,0.0,0.0,0.0,0.0
"TIMOB-20180",True,"train",0.0,0.0,0.0,0.0,0.0,0.0,0.0,0.0,0.0,0.934997022151947,0.0
"TIMOB-18559",False,"train",0.0,0.0,0.0,0.0,0.0,0.9763214588165283,0.0,0.0,0.0,0.0,0.01983499340713024
"TIMOB-24928",False,"train",0.0,0.9946141839027405,0.0,0.0,0.0,0.0,0.0,0.0,0.0,0.0,0.0
"TIMOB-24671",False,"train",0.0,0.0,0.0,0.0,0.0,0.38225632905960083,0.0,0.3821680247783661,0.22301970422267914,0.0,0.0
"TIMOB-25598",False,"train",0.0,0.07672232389450073,0.0,0.06784728169441223,0.0,0.0,0.0,0.33093422651290894,0.519912600517273,0.0,0.0
"TIMOB-20015",False,"train",0.0,0.0,0.0,0.0,0.0,0.0,0.10788258165121078,0.0,0.0,0.8793196082115173,0.0
"TIMOB-26457",False,"train",0.0,0.9766806364059448,0.0,0.0,0.0,0.0,0.0,0.0,0.0,0.0,0.0
"TIMOB-26525",False,"train",0.0,0.0,0.0,0.0,0.0,0.0,0.0,0.9870040416717529,0.0,0.0,0.0
"TIMOB-23898",True,"train",0.0,0.8375198245048523,0.0,0.0,0.0,0.0,0.0,0.0,0.0,0.0,0.1588238626718521
"TIMOB-23741",False,"train",0.0,0.0,0.9620630741119385,0.0,0.0,0.0,0.0,0.0,0.0,0.0,0.0
"TIMOB-24851",True,"train",0.0,0.9797762632369995,0.0,0.0,0.0,0.0,0.0,0.0,0.0,0.0,0.0
"TIMOB-23832",False,"train",0.0,0.0,0.0,0.0,0.9848366379737854,0.0,0.0,0.0,0.0,0.0,0.0
"TIMOB-24822",False,"train",0.0,0.0,0.0,0.0,0.0,0.0,0.0,0.9871928691864014,0.0,0.0,0.0
"TIMOB-18672",False,"train",0.0,0.0,0.0,0.0,0.9604451656341553,0.0,0.0,0.0,0.0,0.0,0.0
"TIMOB-23213",False,"train",0.0,0.0,0.0,0.0,0.0,0.0,0.9864144325256348,0.0,0.0,0.0,0.0
"TIMOB-25753",False,"train",0.0,0.0,0.0,0.0,0.0,0.0,0.0,0.01549849845468998,0.0,0.9779528379440308,0.0
"TIMOB-20143",False,"train",0.0,0.9806429147720337,0.0,0.0,0.0,0.0,0.0,0.0,0.0,0.0,0.0
"TIMOB-23425",False,"train",0.0,0.9915788173675537,0.0,0.0,0.0,0.0,0.0,0.0,0.0,0.0,0.0
"TIMOB-26484",False,"train",0.0,0.0,0.0,0.0,0.0,0.0,0.0,0.0,0.9843208193778992,0.0,0.0
"TIMOB-19517",False,"train",0.0,0.0,0.0,0.0,0.0,0.0,0.0,0.0,0.9806344509124756,0.0,0.0
"TIMOB-18995",False,"train",0.0,0.0,0.0,0.0,0.0,0.0,0.0,0.0,0.0,0.9797590970993042,0.0
"TIMOB-20418",False,"train",0.0,0.0,0.9860041737556458,0.0,0.0,0.0,0.0,0.0,0.0,0.0,0.0
"TIMOB-26510",False,"train",0.22424370050430298,0.0,0.0,0.0,0.0,0.0,0.0,0.5536103844642639,0.2115759253501892,0.0,0.0
"TIMOB-24378",True,"train",0.0,0.9715703725814819,0.0,0.0,0.0,0.0,0.0,0.0,0.0,0.0,0.0
"TIMOB-26669",False,"train",0.0,0.0,0.0,0.0,0.4819869101047516,0.02153479866683483,0.0,0.4744134247303009,0.0,0.0,0.0
"TIMOB-26217",False,"train",0.0,0.0,0.0,0.0,0.9908146858215332,0.0,0.0,0.0,0.0,0.0,0.0
"TIMOB-26005",False,"train",0.0,0.10233665257692337,0.0,0.0,0.0,0.8430923819541931,0.0,0.0,0.0,0.0,0.0
"TIMOB-8425",False,"train",0.0,0.0,0.0,0.1942150890827179,0.0,0.0,0.0,0.7987664937973022,0.0,0.0,0.0
"TIMOB-19079",False,"train",0.9754253625869751,0.0,0.0,0.0,0.0,0.0,0.0,0.0,0.0,0.0,0.0
"TIMOB-25028",False,"train",0.0,0.0,0.0,0.0,0.0,0.0,0.0,0.0,0.0,0.0,0.9620892405509949
"TIMOB-19188",False,"train",0.0,0.08513452112674713,0.0,0.0,0.0,0.0,0.0,0.8077707886695862,0.08610253781080246,0.0,0.0
"TIMOB-25184",False,"train",0.0,0.9919468760490417,0.0,0.0,0.0,0.0,0.0,0.0,0.0,0.0,0.0
"TIMOB-24130",False,"train",0.0,0.0,0.0,0.0,0.9941595196723938,0.0,0.0,0.0,0.0,0.0,0.0
"TIMOB-19364",False,"train",0.0,0.0,0.0,0.9760695099830627,0.0,0.0,0.0,0.0,0.0,0.0,0.0
"TIMOB-23566",False,"train",0.0,0.0,0.0,0.0,0.0,0.9649878144264221,0.0,0.0,0.0,0.0,0.0
"TIMOB-20572",False,"train",0.0,0.024179188534617424,0.0,0.0,0.7165630459785461,0.0,0.0,0.0,0.0,0.0,0.2558375298976898
"TIMOB-25359",False,"train",0.0,0.0,0.0,0.0,0.0,0.0,0.0,0.9957470893859863,0.0,0.0,0.0
"TIMOB-18770",False,"train",0.0,0.0,0.0,0.3757217824459076,0.0,0.0,0.0,0.0,0.0,0.6130642294883728,0.0
"TIMOB-19842",False,"train",0.0,0.9686197638511658,0.0,0.0,0.0,0.0,0.0,0.0,0.0,0.0,0.0
"TIMOB-26865",False,"train",0.0,0.0,0.0,0.0,0.0,0.0,0.0,0.9898885488510132,0.0,0.0,0.0
"TIMOB-23661",False,"train",0.0,0.0,0.2662450075149536,0.0,0.5135788321495056,0.21007253229618073,0.0,0.0,0.0,0.0,0.0
"TIMOB-25582",False,"train",0.0,0.0,0.0,0.0,0.0,0.0,0.0,0.0,0.0,0.0,0.9828393459320068
"TIMOB-26521",False,"train",0.0,0.0,0.0,0.0,0.0,0.0,0.0,0.9862129092216492,0.0,0.0,0.0
"TIMOB-25955",True,"train",0.0,0.0,0.0,0.0,0.0,0.362604558467865,0.6169225573539734,0.0,0.0,0.0,0.0
"TIMOB-19675",False,"train",0.0,0.0,0.0,0.0,0.9431588649749756,0.0,0.0,0.0,0.0,0.0,0.0
"TIMOB-18159",False,"train",0.0,0.0,0.0,0.0,0.0,0.9840460419654846,0.0,0.0,0.0,0.0,0.0
"TIMOB-26008",False,"train",0.0,0.0,0.0,0.0,0.0,0.0,0.6422079205513,0.0,0.35082516074180603,0.0,0.0
"TIMOB-25625",False,"train",0.0,0.0,0.0,0.0,0.0,0.0,0.0,0.0,0.0,0.9915734529495239,0.0
"TIMOB-23130",False,"train",0.0,0.0,0.0,0.9984155297279358,0.0,0.0,0.0,0.0,0.0,0.0,0.0
"TIMOB-26540",False,"train",0.0,0.0,0.0,0.0,0.0,0.0,0.0,0.0,0.0,0.988768994808197,0.0
"TIMOB-18880",False,"train",0.0,0.0,0.0,0.0,0.0,0.0,0.7080942988395691,0.0,0.0,0.0,0.261538565158844
"TIMOB-24061",False,"train",0.0,0.39774876832962036,0.0,0.0,0.0,0.5898293256759644,0.0,0.0,0.0,0.0,0.0
"TIMOB-19212",False,"train",0.0,0.0,0.0,0.0,0.0,0.0,0.0,0.32319000363349915,0.0,0.0,0.6378112435340881
"TIMOB-18559",False,"train",0.0,0.0,0.0,0.0,0.0,0.9763214588165283,0.0,0.0,0.0,0.0,0.01983499340713024
"TIMOB-20381",False,"train",0.0,0.0,0.0,0.0,0.0,0.0,0.0,0.0,0.0,0.999596118927002,0.0
"TIMOB-23393",False,"train",0.0,0.0,0.0,0.0,0.9070469737052917,0.08384206146001816,0.0,0.0,0.0,0.0,0.0
"TIMOB-23275",False,"train",0.0,0.19506537914276123,0.0,0.0,0.0,0.0,0.0,0.19942495226860046,0.0,0.6007860898971558,0.0
"TIMOB-24532",False,"train",0.0,0.0,0.0,0.0,0.0,0.0,0.0,0.0,0.0,0.9828401207923889,0.0
"TIMOB-23592",False,"train",0.0,0.0,0.0,0.0,0.0,0.9802317023277283,0.0,0.0,0.0,0.0,0.0
"TIMOB-20400",False,"train",0.0,0.0,0.0,0.0,0.9810510277748108,0.0,0.0,0.0,0.0,0.0,0.0
"TIMOB-25014",False,"train",0.10354830324649811,0.5228005647659302,0.0,0.0,0.0,0.0,0.0,0.36172252893447876,0.0,0.0,0.0
"TIMOB-19588",False,"train",0.9241573810577393,0.0,0.0,0.0,0.0,0.0,0.0,0.0,0.0,0.0,0.0
"TIMOB-24660",False,"train",0.0,0.0,0.0,0.20587784051895142,0.0,0.0,0.0,0.0,0.0,0.0,0.7863242030143738
"TIMOB-25552",False,"train",0.0,0.0,0.0,0.0,0.0,0.0,0.0,0.0,0.0,0.995710015296936,0.0
"TIMOB-26779",False,"train",0.0,0.9853319525718689,0.0,0.0,0.0,0.0,0.0,0.0,0.0,0.0,0.0
"TIMOB-24665",False,"train",0.0,0.0,0.0,0.0,0.0,0.0,0.0,0.0,0.0,0.0,0.9909976720809937
"TIMOB-26538",False,"train",0.0,0.9973862171173096,0.0,0.0,0.0,0.0,0.0,0.0,0.0,0.0,0.0
"TIMOB-26120",False,"train",0.0,0.0,0.0,0.0,0.0,0.0,0.0,0.9825006127357483,0.0,0.0,0.0
"TIMOB-24958",False,"train",0.0,0.1899881362915039,0.8003818988800049,0.0,0.0,0.0,0.0,0.0,0.0,0.0,0.0
"TIMOB-19701",False,"train",0.0,0.0,0.0,0.0,0.0,0.0,0.9431630373001099,0.0,0.0,0.0,0.0
"TIMOB-25363",False,"train",0.0,0.0,0.0,0.0,0.9864150285720825,0.0,0.0,0.0,0.0,0.0,0.0
"TIMOB-18820",False,"train",0.0,0.0,0.0,0.0,0.0,0.0,0.9904868006706238,0.0,0.0,0.0,0.0
"TIMOB-19759",False,"train",0.0,0.2879057824611664,0.0,0.0,0.4643581211566925,0.0,0.0,0.0,0.0,0.0,0.195777028799057
"TIMOB-19974",False,"train",0.0,0.0,0.0,0.0,0.0,0.0,0.0,0.0,0.0,0.9754172563552856,0.0
"TIMOB-19065",False,"train",0.0,0.0,0.0,0.0,0.0,0.0,0.0,0.0,0.9778146743774414,0.0,0.0
"TIMOB-24949",False,"train",0.555688738822937,0.38974490761756897,0.0,0.0,0.0,0.0,0.0,0.0,0.0,0.0,0.0
"TIMOB-25856",False,"train",0.9772642254829407,0.0,0.0,0.0,0.0,0.0,0.0,0.0,0.0,0.0,0.0
"TIMOB-24810",False,"train",0.0,0.0,0.0,0.0,0.0,0.0,0.9663168787956238,0.0,0.0,0.0,0.0
"TIMOB-17993",False,"train",0.0,0.0,0.0,0.0,0.9947705268859863,0.0,0.0,0.0,0.0,0.0,0.0
"TIMOB-26550",False,"train",0.0,0.0,0.0,0.0,0.027712052688002586,0.0,0.0,0.8653221726417542,0.0,0.0,0.10166378319263458
"TIMOB-26008",False,"train",0.0,0.0,0.0,0.0,0.0,0.0,0.6422079205513,0.0,0.35082516074180603,0.0,0.0
"TIMOB-18729",False,"train",0.0,0.0,0.0,0.0,0.0,0.16489295661449432,0.0,0.8207256197929382,0.0,0.0,0.0
"TIMOB-20571",True,"train",0.0,0.0,0.0,0.0,0.98787522315979,0.0,0.0,0.0,0.0,0.0,0.0
"TIMOB-24561",False,"train",0.0,0.39046716690063477,0.0,0.08754920959472656,0.0,0.1040613204240799,0.0,0.06148592010140419,0.35199859738349915,0.0,0.0
"TIMOB-18904",False,"train",0.0,0.0,0.9715831279754639,0.0,0.0,0.0,0.0,0.0,0.0,0.0,0.0
"TIMOB-19028",False,"train",0.0,0.0,0.0,0.0,0.9871886372566223,0.0,0.0,0.0,0.0,0.0,0.0
"TIMOB-25513",False,"train",0.0,0.0,0.0,0.0,0.0,0.0,0.0,0.9942324757575989,0.0,0.0,0.0
"TIMOB-24847",False,"train",0.0,0.5715845823287964,0.0,0.0,0.4056679308414459,0.0,0.0,0.0,0.0,0.0,0.0
"TIMOB-25635",False,"train",0.9766792058944702,0.0,0.0,0.0,0.0,0.0,0.0,0.0,0.0,0.0,0.0
"TIMOB-23349",False,"train",0.0,0.995819628238678,0.0,0.0,0.0,0.0,0.0,0.0,0.0,0.0,0.0
"TIMOB-18967",False,"train",0.0,0.986221969127655,0.0,0.0,0.0,0.0,0.0,0.0,0.0,0.0,0.0
"TIMOB-23374",False,"train",0.0,0.06639847159385681,0.0,0.0,0.0,0.0,0.0,0.9181504249572754,0.0,0.0,0.0
"TIMOB-24409",False,"train",0.0,0.0,0.0,0.0,0.0,0.9300550818443298,0.0,0.0,0.0,0.0,0.0
"TIMOB-24605",False,"train",0.0,0.2923950254917145,0.0,0.0,0.0,0.0,0.0,0.17059984803199768,0.0,0.531650185585022,0.0
"TIMOB-25027",False,"train",0.0,0.0,0.0,0.0,0.0,0.0,0.0,0.7778272032737732,0.0,0.20062097907066345,0.0
"TIMOB-18565",False,"train",0.0,0.0,0.0,0.0,0.0,0.9350306391716003,0.0,0.0,0.0,0.0,0.0
"TIMOB-20600",False,"train",0.0,0.0,0.0,0.0,0.993897020816803,0.0,0.0,0.0,0.0,0.0,0.0
"TIMOB-17965",False,"train",0.0,0.0,0.0,0.0,0.0,0.5441818833351135,0.4243106544017792,0.0,0.0,0.0,0.0
"TIMOB-18196",False,"train",0.0,0.0,0.0,0.0,0.0,0.9828417301177979,0.0,0.0,0.0,0.0,0.0
"TIMOB-26207",False,"train",0.0,0.5065600275993347,0.0,0.0,0.0,0.1546052098274231,0.3270772099494934,0.0,0.0,0.0,0.0
"TIMOB-18880",False,"train",0.0,0.0,0.0,0.0,0.0,0.0,0.7080942988395691,0.0,0.0,0.0,0.261538565158844
"TIMOB-25399",False,"train",0.0,0.0,0.0,0.0,0.0,0.9706425070762634,0.0,0.0,0.0,0.0,0.0
"TIMOB-26506",False,"train",0.9300142526626587,0.0,0.0,0.0,0.0,0.0,0.0,0.0,0.0,0.0,0.0
"TIMOB-23138",False,"train",0.0,0.0,0.0,0.0,0.0,0.0,0.0,0.0,0.0,0.0,0.9952372312545776
"TIMOB-24702",False,"train",0.0,0.08330337703227997,0.0,0.2353624552488327,0.0,0.0,0.0,0.0,0.6787710785865784,0.0,0.0
"TIMOB-18152",True,"train",0.0,0.0,0.0,0.0,0.0,0.0,0.9891740083694458,0.0,0.0,0.0,0.0
"TIMOB-26597",False,"train",0.0,0.9821589589118958,0.0,0.0,0.0,0.0,0.0,0.0,0.0,0.0,0.0
"TIMOB-24654",False,"train",0.0,0.0,0.0,0.0,0.0,0.1109650582075119,0.0,0.8814559578895569,0.0,0.0,0.0
"TIMOB-24814",False,"train",0.0,0.0,0.0,0.0,0.0,0.0,0.0,0.9864236116409302,0.0,0.0,0.0
"TIMOB-18062",True,"train",0.9350324273109436,0.0,0.0,0.0,0.0,0.0,0.0,0.0,0.0,0.0,0.0
"TIMOB-23191",False,"train",0.0,0.0,0.30645471811294556,0.0,0.0,0.0,0.0,0.685673177242279,0.0,0.0,0.0
"TIMOB-23341",False,"train",0.0,0.0,0.0,0.0,0.9814384579658508,0.0,0.0,0.0,0.0,0.0,0.0
"TIMOB-26355",False,"train",0.0,0.0,0.0,0.0,0.0,0.9173151850700378,0.0,0.0,0.0,0.0,0.0
"TIMOB-24418",False,"train",0.0,0.4890591502189636,0.0,0.05946534872055054,0.0,0.0,0.0,0.27333882451057434,0.0,0.17081865668296814,0.0
"TIMOB-19692",False,"train",0.0,0.0,0.12633761763572693,0.0,0.0,0.0,0.0,0.0,0.8614441752433777,0.0,0.0
"TIMOB-20224",False,"train",0.0,0.0,0.6420120596885681,0.0,0.0,0.3496261239051819,0.0,0.0,0.0,0.0,0.0
"TIMOB-18283",False,"train",0.0,0.0,0.0,0.9957469701766968,0.0,0.0,0.0,0.0,0.0,0.0,0.0
"TIMOB-26535",False,"train",0.0,0.20456986129283905,0.0,0.0,0.0,0.6479434967041016,0.0,0.1359376460313797,0.0,0.0,0.0
"TIMOB-23657",False,"train",0.0,0.0,0.0,0.0,0.0,0.0,0.0,0.0,0.0,0.9715713858604431,0.0
"TIMOB-20013",False,"train",0.0,0.0,0.0,0.9975185990333557,0.0,0.0,0.0,0.0,0.0,0.0,0.0
"TIMOB-18619",False,"train",0.8483923673629761,0.015160261653363705,0.015160965733230114,0.015160228125751019,0.01516044419258833,0.015161778777837753,0.015160497277975082,0.015160945244133472,0.0151602728292346,0.015161935240030289,0.015160265378654003
"TIMOB-19577",False,"train",0.0,0.0,0.416454017162323,0.0,0.0,0.5353893041610718,0.0,0.0,0.0,0.0,0.0
"TIMOB-24958",False,"train",0.0,0.1899881362915039,0.8003818988800049,0.0,0.0,0.0,0.0,0.0,0.0,0.0,0.0
"TIMOB-25599",True,"train",0.0,0.0,0.0,0.0,0.9991519451141357,0.0,0.0,0.0,0.0,0.0,0.0
"TIMOB-24833",False,"train",0.0,0.5256147980690002,0.0,0.0,0.0,0.0,0.0,0.0,0.0,0.0,0.4647568166255951
"TIMOB-24297",True,"train",0.0,0.0,0.0,0.0,0.0,0.0,0.9996150135993958,0.0,0.0,0.0,0.0
"TIMOB-24793",False,"train",0.0,0.0,0.0,0.737149715423584,0.0,0.0,0.0,0.2494320124387741,0.0,0.0,0.0
"TIMOB-20050",False,"train",0.0,0.9084546566009521,0.07854954153299332,0.0,0.0,0.0,0.0,0.0,0.0,0.0,0.0
"TIMOB-24892",False,"train",0.0,0.0,0.0,0.9966183304786682,0.0,0.0,0.0,0.0,0.0,0.0,0.0
"TIMOB-18507",False,"train",0.0,0.0,0.0,0.0,0.0,0.0,0.9393407106399536,0.0,0.0,0.0,0.0
"TIMOB-23346",False,"train",0.0,0.9298465251922607,0.0,0.0,0.0,0.027065696194767952,0.0,0.0,0.0,0.0,0.0
"TIMOB-23276",False,"train",0.0,0.0,0.0,0.0,0.42142122983932495,0.0,0.0,0.41070252656936646,0.0,0.0,0.1593104898929596
"TIMOB-18155",False,"train",0.0,0.08776088058948517,0.0,0.0,0.0,0.0,0.0,0.8406877517700195,0.0,0.0,0.07043574005365372
"TIMOB-25010",False,"train",0.0,0.0,0.0,0.0,0.0,0.0,0.0,0.9910825490951538,0.0,0.0,0.0
"TIMOB-25965",False,"train",0.0,0.0,0.0,0.0,0.9586526155471802,0.0,0.0,0.0,0.0,0.0,0.0
"TIMOB-26210",False,"train",0.0,0.0,0.0,0.0,0.0,0.0,0.9950041174888611,0.0,0.0,0.0,0.0
"TIMOB-20413",False,"train",0.0,0.0,0.0,0.0,0.0,0.0,0.0,0.0,0.9675268530845642,0.0,0.0
"TIMOB-26006",False,"train",0.0,0.0,0.0,0.0,0.0,0.9494714140892029,0.0,0.0,0.0,0.0,0.0
"TIMOB-19745",False,"train",0.0,0.0,0.4572606086730957,0.0,0.0,0.0,0.0,0.0,0.5283711552619934,0.0,0.0
"TIMOB-24849",False,"train",0.0,0.0,0.0,0.7056164145469666,0.0,0.0,0.0,0.28415170311927795,0.0,0.0,0.0
"TIMOB-24337",False,"train",0.0,0.2512573301792145,0.0,0.5435271859169006,0.0,0.19684842228889465,0.0,0.0,0.0,0.0,0.0
"TIMOB-23657",False,"train",0.0,0.0,0.0,0.0,0.0,0.0,0.0,0.0,0.0,0.9715713858604431,0.0
"TIMOB-26211",False,"train",0.0,0.0,0.0,0.5337178707122803,0.0,0.0,0.0,0.4594608545303345,0.0,0.0,0.0
"TIMOB-18319",False,"train",0.0,0.0,0.0,0.0,0.0,0.0,0.0,0.0,0.0,0.0,0.9723870754241943
"TIMOB-26204",False,"train",0.0,0.0,0.0,0.9908000826835632,0.0,0.0,0.0,0.0,0.0,0.0,0.0
"TIMOB-18999",False,"train",0.0,0.0,0.0,0.0,0.0,0.0,0.0,0.9747427701950073,0.0,0.0,0.0
"TIMOB-26144",False,"train",0.0,0.0,0.0,0.0,0.0,0.0,0.0,0.0,0.0,0.9931100010871887,0.0
"TIMOB-24634",False,"train",0.0,0.0,0.0,0.0,0.0,0.9963443875312805,0.0,0.0,0.0,0.0,0.0
"TIMOB-26027",False,"train",0.0,0.0,0.0,0.0,0.0,0.0,0.0,0.9889025092124939,0.0,0.0,0.0
"TIMOB-23865",False,"train",0.0,0.0,0.0,0.0,0.0,0.0,0.9997808337211609,0.0,0.0,0.0,0.0
"TIMOB-24441",False,"train",0.0,0.0,0.0,0.0,0.9586604833602905,0.0,0.0,0.0,0.0,0.0,0.0
"TIMOB-24141",False,"train",0.0,0.0,0.0,0.0,0.0,0.0,0.0,0.0,0.0,0.9886261820793152,0.0
"TIMOB-19091",False,"train",0.0,0.9191887974739075,0.0,0.0,0.0,0.0,0.06911724805831909,0.0,0.0,0.0,0.0
"TIMOB-19836",False,"train",0.9242013096809387,0.0,0.0,0.0,0.0,0.0,0.0,0.0,0.0,0.0,0.0
"TIMOB-25255",False,"train",0.0,0.8656684160232544,0.0,0.0,0.0,0.0,0.12263055145740509,0.0,0.0,0.0,0.0
"TIMOB-26824",False,"train",0.0,0.0,0.0,0.0,0.4938141107559204,0.0,0.0,0.0,0.0,0.48755723237991333,0.0
"TIMOB-18314",False,"train",0.8699753284454346,0.013001754879951477,0.013002957217395306,0.013002287596464157,0.01300201565027237,0.013003416359424591,0.013002634979784489,0.013002083636820316,0.013003154657781124,0.013002792373299599,0.013001578859984875
"TIMOB-19615",False,"train",0.0,0.0,0.0,0.0,0.8190074563026428,0.0,0.0,0.0,0.0,0.17098912596702576,0.0
"TIMOB-23787",False,"train",0.0,0.6993334293365479,0.0,0.0,0.0,0.2886224687099457,0.0,0.0,0.0,0.0,0.0
"TIMOB-18629",False,"train",0.0,0.0,0.0,0.0,0.0,0.9855638146400452,0.0,0.0,0.0,0.0,0.0
"TIMOB-23926",False,"train",0.0,0.0,0.0,0.0,0.0,0.9788503646850586,0.0,0.0,0.0,0.0,0.0
"TIMOB-25021",False,"train",0.0,0.0,0.07973545789718628,0.0,0.0,0.0,0.0,0.0,0.0,0.9077346324920654,0.011362629942595959
"TIMOB-24259",False,"train",0.0,0.0,0.0,0.0,0.0,0.9871892929077148,0.0,0.0,0.0,0.0,0.0
"TIMOB-18999",False,"train",0.0,0.0,0.0,0.0,0.0,0.0,0.0,0.9747427701950073,0.0,0.0,0.0
"TIMOB-25696",False,"train",0.0,0.11260095983743668,0.0,0.1778111755847931,0.704660952091217,0.0,0.0,0.0,0.0,0.0,0.0
"TIMOB-24141",False,"train",0.0,0.0,0.0,0.0,0.0,0.0,0.0,0.0,0.0,0.9886261820793152,0.0
"TIMOB-18161",False,"train",0.0,0.0,0.0,0.0,0.0,0.9821693897247314,0.0,0.0,0.0,0.0,0.0
"TIMOB-26578",False,"train",0.9828396439552307,0.0,0.0,0.0,0.0,0.0,0.0,0.0,0.0,0.0,0.0
"TIMOB-24232",False,"train",0.0,0.0,0.0,0.0,0.0,0.9650232791900635,0.0,0.0,0.0,0.0,0.0
"TIMOB-25843",False,"train",0.0,0.9926655888557434,0.0,0.0,0.0,0.0,0.0,0.0,0.0,0.0,0.0
"TIMOB-20442",False,"train",0.0,0.9544780850410461,0.0,0.0,0.0,0.0,0.0,0.0,0.0,0.0,0.0
"TIMOB-17386",False,"train",0.9837566614151001,0.0,0.0,0.0,0.0,0.0,0.0,0.0,0.0,0.0,0.0
"TIMOB-24101",False,"train",0.0,0.0,0.6563594341278076,0.0,0.0,0.0,0.31088683009147644,0.0,0.0,0.0,0.0
"TIMOB-20481",False,"train",0.0,0.0,0.0,0.0,0.0,0.4086093008518219,0.0,0.0,0.5541797280311584,0.0,0.0
"TIMOB-26329",False,"train",0.0,0.9778016805648804,0.0,0.0,0.0,0.0,0.0,0.0,0.0,0.0,0.0
"TIMOB-26137",False,"train",0.0,0.0,0.0,0.0,0.0,0.0,0.0,0.0,0.0,0.9663139581680298,0.0
"TIMOB-26403",False,"train",0.0,0.0,0.0,0.14317813515663147,0.0,0.0,0.0,0.0,0.033666450530290604,0.8211567997932434,0.0
"TIMOB-23509",False,"train",0.0,0.9604585766792297,0.0,0.0,0.0,0.0,0.0,0.0,0.0,0.0,0.0
"TIMOB-24021",False,"train",0.0,0.0,0.0,0.0,0.0,0.9650222063064575,0.0,0.0,0.0,0.0,0.0
"TIMOB-17889",False,"train",0.0,0.0,0.0,0.9954501390457153,0.0,0.0,0.0,0.0,0.0,0.0,0.0
"TIMOB-23749",False,"train",0.0,0.0,0.0,0.0,0.0,0.9810577034950256,0.0,0.0,0.0,0.0,0.0
"TIMOB-23691",False,"train",0.0,0.0,0.0,0.0,0.0,0.0,0.0,0.9172282218933105,0.0,0.0,0.0
"TIMOB-12716",False,"train",0.0,0.9828334450721741,0.0,0.0,0.0,0.0,0.0,0.0,0.0,0.0,0.0
"TIMOB-26022",False,"train",0.0,0.0,0.0,0.0,0.943131685256958,0.0,0.0,0.0,0.0,0.0,0.0
"TIMOB-19491",False,"train",0.0,0.0,0.0,0.0,0.0,0.9821683168411255,0.0,0.0,0.0,0.0,0.0
"TIMOB-3594",False,"train",0.0,0.968625545501709,0.0,0.0,0.0,0.0,0.0,0.0,0.0,0.0,0.0
"TIMOB-23156",True,"train",0.0,0.976677417755127,0.0,0.0,0.0,0.0,0.0,0.0,0.0,0.0,0.0
"TIMOB-17914",False,"train",0.514783501625061,0.0227374080568552,0.2805759012699127,0.02273866906762123,0.022738434374332428,0.022739317268133163,0.022737139835953712,0.02273726463317871,0.02273734100162983,0.022738508880138397,0.02273651771247387
"TIMOB-18377",False,"train",0.0,0.0,0.0,0.0,0.0,0.0,0.0,0.0,0.0,0.9675185680389404,0.0
"TIMOB-19680",False,"train",0.0,0.0,0.0,0.0,0.0,0.32018133997917175,0.0,0.675137996673584,0.0,0.0,0.0
"TIMOB-18999",False,"train",0.0,0.0,0.0,0.0,0.0,0.0,0.0,0.9747427701950073,0.0,0.0,0.0
"TIMOB-23442",False,"train",0.0,0.0,0.0,0.0,0.0,0.9848360419273376,0.0,0.0,0.0,0.0,0.0
"TIMOB-26275",False,"train",0.0,0.0,0.0,0.0,0.939376175403595,0.0,0.0,0.0,0.0,0.0,0.0
"TIMOB-20370",False,"train",0.0,0.0,0.0,0.0,0.0,0.0,0.0,0.9834659695625305,0.0,0.0,0.0
"TIMOB-26000",False,"train",0.0,0.0,0.0,0.0,0.0,0.9350355863571167,0.0,0.0,0.0,0.0,0.0
"TIMOB-25552",False,"train",0.0,0.0,0.0,0.0,0.0,0.0,0.0,0.0,0.0,0.995710015296936,0.0
"TIMOB-18389",False,"train",0.0,0.9604597687721252,0.0,0.0,0.0,0.0,0.0,0.0,0.0,0.0,0.0
"TIMOB-20381",False,"train",0.0,0.0,0.0,0.0,0.0,0.0,0.0,0.0,0.0,0.999596118927002,0.0
"TIMOB-20522",False,"train",0.0,0.0,0.9862075448036194,0.0,0.0,0.0,0.0,0.0,0.0,0.0,0.0
"TIMOB-23686",False,"train",0.0,0.0,0.0,0.0,0.0,0.0,0.9635895490646362,0.0,0.0,0.0,0.0
"TIMOB-24057",False,"train",0.9806463718414307,0.0,0.0,0.0,0.0,0.0,0.0,0.0,0.0,0.0,0.0
"TIMOB-25057",False,"train",0.0,0.0,0.0,0.0,0.0,0.0,0.4867304563522339,0.4552321434020996,0.0,0.049660149961709976,0.0
"TIMOB-23440",False,"train",0.0,0.4956039786338806,0.0,0.48952576518058777,0.0,0.0,0.0,0.0,0.0,0.0,0.0
"TIMOB-18283",False,"train",0.0,0.0,0.0,0.9957469701766968,0.0,0.0,0.0,0.0,0.0,0.0,0.0
"TIMOB-18458",False,"train",0.0,0.0,0.0,0.0,0.0,0.0,0.0,0.9621065855026245,0.0,0.0,0.0
"TIMOB-19435",False,"train",0.0,0.0,0.0,0.0,0.0,0.9724153876304626,0.0,0.0,0.0,0.0,0.0
"TIMOB-20238",False,"train",0.0,0.0,0.0,0.0,0.0,0.0,0.0,0.0,0.0,0.993206799030304,0.0
"TIMOB-23248",False,"train",0.0,0.0,0.5025674700737,0.0,0.0,0.487804651260376,0.0,0.0,0.0,0.0,0.0
"TIMOB-25117",False,"train",0.0,0.0,0.0,0.0,0.9636229276657104,0.0,0.0,0.0,0.0,0.0,0.0
"TIMOB-20600",False,"train",0.0,0.0,0.0,0.0,0.993897020816803,0.0,0.0,0.0,0.0,0.0,0.0
"TIMOB-17925",False,"train",0.0,0.0,0.0,0.0,0.0,0.9172855019569397,0.0,0.0,0.0,0.0,0.0
"TIMOB-25937",False,"train",0.0,0.0,0.0,0.0,0.0,0.0,0.0,0.0,0.0,0.9952136874198914,0.0
"TIMOB-23858",False,"train",0.0,0.0,0.0,0.9982545971870422,0.0,0.0,0.0,0.0,0.0,0.0,0.0
"TIMOB-19428",False,"train",0.0,0.0,0.0,0.0,0.0,0.9918794631958008,0.0,0.0,0.0,0.0,0.0
"TIMOB-19013",False,"train",0.0,0.9887735843658447,0.0,0.0,0.0,0.0,0.0,0.0,0.0,0.0,0.0
"TIMOB-24455",False,"train",0.0,0.0,0.08287287503480911,0.0,0.0,0.0,0.0,0.0,0.0,0.9054273962974548,0.0
"TIMOB-24010",False,"train",0.0,0.0,0.9465157389640808,0.0,0.0,0.0,0.0,0.0,0.0,0.0,0.0
"TIMOB-24480",False,"train",0.0,0.0,0.0,0.0,0.0,0.0,0.01760249212384224,0.0,0.0,0.9806779623031616,0.0
"TIMOB-23600",False,"train",0.0,0.0,0.0,0.0,0.0,0.9802319407463074,0.0,0.0,0.0,0.0,0.0
"TIMOB-17905",False,"train",0.02275579795241356,0.022753655910491943,0.022753866389393806,0.022753529250621796,0.022753840312361717,0.7724589705467224,0.022754108533263206,0.022753911092877388,0.022754114121198654,0.022754505276679993,0.022753696888685226
"TIMOB-23291",False,"train",0.0,0.0,0.0,0.0,0.0,0.3263949453830719,0.0,0.0,0.0,0.6652472615242004,0.0
"TIMOB-26826",False,"train",0.0,0.0,0.0,0.0,0.0,0.7303364872932434,0.23069605231285095,0.0,0.0,0.0,0.0
"TIMOB-25590",False,"train",0.0,0.0,0.0,0.0,0.0,0.9850926399230957,0.0,0.0,0.0,0.0,0.0
"TIMOB-23115",False,"train",0.0,0.0,0.0,0.0,0.0,0.0,0.0,0.9946821331977844,0.0,0.0,0.0
"TIMOB-24125",False,"train",0.0,0.9912550449371338,0.0,0.0,0.0,0.0,0.0,0.0,0.0,0.0,0.0
"TIMOB-5884",False,"train",0.0,0.0,0.0,0.0,0.22499403357505798,0.0,0.0,0.7550371885299683,0.0,0.0,0.0
"TIMOB-26579",False,"train",0.0,0.11906202137470245,0.0,0.0,0.0,0.0,0.0,0.0,0.0,0.859396755695343,0.0
"TIMOB-25540",False,"train",0.519171416759491,0.0,0.0,0.0,0.0,0.0,0.0,0.0,0.0,0.4729527533054352,0.0
"TIMOB-25620",False,"train",0.0,0.7374470233917236,0.0,0.0,0.0,0.0,0.24737213551998138,0.0,0.0,0.0,0.0
"TIMOB-26006",False,"train",0.0,0.0,0.0,0.0,0.0,0.9494714140892029,0.0,0.0,0.0,0.0,0.0
"TIMOB-19476",False,"train",0.0,0.0,0.0,0.0,0.0,0.0,0.0,0.0,0.0,0.9431614279747009,0.0
"TIMOB-23130",False,"train",0.0,0.0,0.0,0.9984155297279358,0.0,0.0,0.0,0.0,0.0,0.0,0.0
"TIMOB-26275",False,"train",0.0,0.0,0.0,0.0,0.939376175403595,0.0,0.0,0.0,0.0,0.0,0.0
"TIMOB-23531",False,"train",0.0,0.0,0.0,0.0,0.0,0.0,0.0,0.0,0.0,0.0,0.9947741031646729
"TIMOB-18451",False,"train",0.015176583081483841,0.015176384709775448,0.35194557905197144,0.015176141634583473,0.015176341868937016,0.01517652440816164,0.01517711766064167,0.01517619751393795,0.015177193097770214,0.5114657878875732,0.015176190063357353
"TIMOB-26005",False,"train",0.0,0.10233665257692337,0.0,0.0,0.0,0.8430923819541931,0.0,0.0,0.0,0.0,0.0
"TIMOB-18365",False,"train",0.0,0.9860036969184875,0.0,0.0,0.0,0.0,0.0,0.0,0.0,0.0,0.0
"TIMOB-19062",False,"train",0.0,0.9909948706626892,0.0,0.0,0.0,0.0,0.0,0.0,0.0,0.0,0.0
"TIMOB-23425",False,"train",0.0,0.9915788173675537,0.0,0.0,0.0,0.0,0.0,0.0,0.0,0.0,0.0
"TIMOB-25749",False,"train",0.0,0.0,0.0,0.0,0.0,0.0,0.9870023131370544,0.0,0.0,0.0,0.0
"TIMOB-26077",False,"train",0.0,0.0,0.0,0.0,0.9566900134086609,0.0,0.0,0.0,0.0,0.0,0.0
"TIMOB-20274",False,"train",0.0,0.8970924615859985,0.0,0.0,0.0,0.0,0.0,0.0,0.0,0.08878091722726822,0.0
"TIMOB-23572",False,"train",0.0,0.0,0.0,0.0,0.9586476683616638,0.0,0.0,0.0,0.0,0.0,0.0
"TIMOB-20478",False,"train",0.939384400844574,0.0,0.0,0.0,0.0,0.0,0.0,0.0,0.0,0.0,0.0
"TIMOB-23214",False,"train",0.0,0.0,0.9566779732704163,0.0,0.0,0.0,0.0,0.0,0.0,0.0,0.0
"TIMOB-19219",False,"train",0.0,0.6385725736618042,0.0,0.0,0.348222941160202,0.0,0.0,0.0,0.0,0.0,0.0
"TIMOB-24401",False,"train",0.0,0.395240843296051,0.0,0.046043019741773605,0.13414694368839264,0.0,0.0,0.4165082275867462,0.0,0.0,0.0
"TIMOB-23752",False,"train",0.552230954170227,0.0,0.0,0.0,0.4243735671043396,0.0,0.0,0.0,0.0,0.0,0.0
"TIMOB-23554",False,"train",0.0,0.2674183249473572,0.0,0.0,0.0,0.7033395171165466,0.0,0.0,0.0,0.0,0.0
"TIMOB-23443",False,"train",0.0,0.0,0.0,0.0,0.0,0.0,0.0,0.0,0.0,0.9870001673698425,0.0
"TIMOB-23595",False,"train",0.0,0.0,0.0,0.0,0.0,0.980213463306427,0.0,0.0,0.0,0.0,0.0
"TIMOB-25856",False,"train",0.9772642254829407,0.0,0.0,0.0,0.0,0.0,0.0,0.0,0.0,0.0,0.0
"TIMOB-24942",False,"train",0.0,0.0,0.0,0.3467804491519928,0.0,0.0,0.0,0.0,0.0,0.0,0.6433591246604919
"TIMOB-25175",False,"train",0.0,0.0,0.5301333069801331,0.0,0.0,0.0,0.0,0.4512636065483093,0.0,0.0,0.0
"TIMOB-19349",False,"train",0.011370882391929626,0.011371098458766937,0.011371086351573467,0.011370916850864887,0.011371013708412647,0.011371281929314137,0.8862895369529724,0.011371069587767124,0.01137095782905817,0.011371055617928505,0.011371140368282795
"TIMOB-24900",False,"train",0.0,0.0,0.0,0.0,0.0,0.0,0.7690026760101318,0.0,0.0,0.0,0.23051632940769196
"TIMOB-24098",True,"train",0.0,0.0,0.0,0.0,0.0,0.0,0.7845103144645691,0.19806556403636932,0.0,0.0,0.0
"TIMOB-26067",False,"train",0.0,0.0,0.0,0.0,0.0,0.9604573845863342,0.0,0.0,0.0,0.0,0.0
"TIMOB-23460",False,"train",0.0,0.0,0.9997997879981995,0.0,0.0,0.0,0.0,0.0,0.0,0.0,0.0
"TIMOB-19286",False,"train",0.0,0.0,0.5727233290672302,0.0,0.0,0.09239073842763901,0.0,0.3183509409427643,0.0,0.0,0.0
"TIMOB-18913",False,"train",0.0,0.5471243262290955,0.0,0.0,0.0,0.0,0.0,0.0,0.015007252804934978,0.4315403997898102,0.0
"TIMOB-20116",False,"train",0.0,0.0,0.0,0.6412407159805298,0.0,0.0,0.0,0.0,0.0,0.0,0.3551609218120575
"TIMOB-24364",True,"train",0.0,0.9880342483520508,0.0,0.0,0.0,0.0,0.0,0.0,0.0,0.0,0.0
"TIMOB-25626",False,"train",0.3891201317310333,0.0,0.0,0.0,0.0,0.0,0.0,0.6038165092468262,0.0,0.0,0.0
"TIMOB-23266",False,"train",0.0,0.0,0.0,0.0,0.0,0.0,0.0,0.9903241395950317,0.0,0.0,0.0
"TIMOB-24644",False,"train",0.0,0.8390341997146606,0.0,0.0,0.0,0.14855991303920746,0.0,0.0,0.0,0.0,0.0
"TIMOB-19675",False,"train",0.0,0.0,0.0,0.0,0.9431588649749756,0.0,0.0,0.0,0.0,0.0,0.0
"TIMOB-19716",False,"train",0.9494459629058838,0.0,0.0,0.0,0.0,0.0,0.0,0.0,0.0,0.0,0.0
"TIMOB-18337",False,"train",0.0,0.0,0.0,0.0,0.0,0.0,0.9747327566146851,0.0,0.0,0.0,0.0
"TIMOB-19219",False,"train",0.0,0.6385725736618042,0.0,0.0,0.348222941160202,0.0,0.0,0.0,0.0,0.0,0.0
"TIMOB-25540",False,"train",0.519171416759491,0.0,0.0,0.0,0.0,0.0,0.0,0.0,0.0,0.4729527533054352,0.0
"TIMOB-26102",False,"train",0.0,0.0,0.0,0.0,0.0,0.1959579735994339,0.7949457764625549,0.0,0.0,0.0,0.0
"TIMOB-18639",False,"train",0.0,0.0,0.0,0.0,0.9706541895866394,0.0,0.0,0.0,0.0,0.0,0.0
"TIMOB-23209",False,"train",0.0,0.0,0.0,0.0,0.0,0.0,0.0,0.9954980611801147,0.0,0.0,0.0
"TIMOB-19692",False,"train",0.0,0.0,0.12633761763572693,0.0,0.0,0.0,0.0,0.0,0.8614441752433777,0.0,0.0
"TIMOB-25192",False,"train",0.0,0.0,0.0,0.0,0.0,0.0,0.0,0.990000307559967,0.0,0.0,0.0
"TIMOB-24012",False,"train",0.34407275915145874,0.0,0.6549651622772217,0.0,0.0,0.0,0.0,0.0,0.0,0.0,0.0
"TIMOB-23513",False,"train",0.0,0.6996244788169861,0.0,0.0,0.0,0.0,0.0,0.24579879641532898,0.0,0.0,0.0
"TIMOB-24441",False,"train",0.0,0.0,0.0,0.0,0.9586604833602905,0.0,0.0,0.0,0.0,0.0,0.0
"TIMOB-24250",False,"train",0.3450140357017517,0.10193221271038055,0.0,0.0,0.0,0.0,0.0,0.5463700294494629,0.0,0.0,0.0
"TIMOB-18530",False,"train",0.018211551010608673,0.018211204558610916,0.018211964517831802,0.01821107603609562,0.018211470916867256,0.8178848028182983,0.018211761489510536,0.018211359158158302,0.018211912363767624,0.018211212009191513,0.01821168325841427
"TIMOB-26115",False,"train",0.0,0.0,0.0,0.0,0.0,0.0,0.05506520718336105,0.9233829379081726,0.0,0.0,0.0
"TIMOB-23281",False,"train",0.0,0.9747331738471985,0.0,0.0,0.0,0.0,0.0,0.0,0.0,0.0,0.0
"TIMOB-19609",True,"train",0.0,0.0,0.0,0.0,0.0,0.0,0.0,0.0,0.0,0.0,0.9978348016738892
"TIMOB-19651",False,"train",0.0,0.0,0.5040205717086792,0.0,0.0,0.484430730342865,0.0,0.0,0.0,0.0,0.0
"TIMOB-20598",False,"train",0.0,0.0,0.0,0.0,0.0,0.0,0.4388813376426697,0.5395816564559937,0.0,0.0,0.0
"TIMOB-25789",False,"train",0.0,0.0,0.0,0.0,0.9930452108383179,0.0,0.0,0.0,0.0,0.0,0.0
"TIMOB-23908",False,"train",0.0,0.0,0.0,0.0,0.0,0.7359198331832886,0.0,0.0,0.23257602751255035,0.0,0.0
"TIMOB-19795",False,"train",0.9706658124923706,0.0,0.0,0.0,0.0,0.0,0.0,0.0,0.0,0.0,0.0
"TIMOB-19804",False,"train",0.0,0.0,0.0,0.0,0.0,0.9884849190711975,0.0,0.0,0.0,0.0,0.0
"TIMOB-17556",False,"train",0.0,0.9636099338531494,0.0,0.0,0.0,0.0,0.0,0.0,0.0,0.0,0.0
"TIMOB-18906",False,"train",0.0,0.0,0.0,0.0,0.0,0.5755063891410828,0.0,0.40628254413604736,0.0,0.0,0.0
"TIMOB-24869",False,"train",0.0,0.1742219775915146,0.0,0.06939683109521866,0.0,0.0,0.0,0.0,0.0,0.7510297298431396,0.0
"TIMOB-17912",False,"train",0.8181275129318237,0.018190577626228333,0.01818624511361122,0.01818658784031868,0.018187090754508972,0.018187111243605614,0.018186477944254875,0.01818733476102352,0.018186606466770172,0.018187928944826126,0.018186498433351517
"TIMOB-19811",False,"train",0.0,0.0,0.0,0.0,0.6430714130401611,0.051407624036073685,0.0,0.0,0.0,0.0,0.3015831708908081
"TIMOB-24337",False,"train",0.0,0.2512573301792145,0.0,0.5435271859169006,0.0,0.19684842228889465,0.0,0.0,0.0,0.0,0.0
"TIMOB-23976",False,"train",0.0,0.0,0.0,0.0,0.9878731369972229,0.0,0.0,0.0,0.0,0.0,0.0
"TIMOB-26455",False,"train",0.0,0.0,0.0,0.0,0.0,0.0,0.0,0.0,0.0,0.0,0.9521392583847046
"TIMOB-26579",False,"train",0.0,0.11906202137470245,0.0,0.0,0.0,0.0,0.0,0.0,0.0,0.859396755695343,0.0
"TIMOB-26411",False,"train",0.0,0.0,0.0,0.7982507348060608,0.0,0.0,0.18128404021263123,0.0,0.0,0.0,0.0
"TIMOB-19263",False,"train",0.0,0.0,0.0,0.0,0.0,0.1573001593351364,0.0,0.0,0.16407132148742676,0.38283413648605347,0.29183632135391235
"TIMOB-26427",False,"train",0.0,0.0,0.0,0.0,0.9942037463188171,0.0,0.0,0.0,0.0,0.0,0.0
"TIMOB-25689",False,"train",0.0,0.0,0.0,0.0,0.0,0.9949448704719543,0.0,0.0,0.0,0.0,0.0
"TIMOB-18504",False,"train",0.0,0.0,0.4344802498817444,0.0,0.0,0.49729692935943604,0.0,0.0,0.0,0.0,0.0
"TIMOB-26077",False,"train",0.0,0.0,0.0,0.0,0.9566900134086609,0.0,0.0,0.0,0.0,0.0,0.0
"TIMOB-24679",False,"train",0.0,0.0,0.0,0.0,0.0,0.0,0.0,0.0,0.0,0.8775268197059631,0.09519078582525253
"TIMOB-19702",False,"train",0.0,0.0,0.0,0.0,0.0,0.0,0.9393739104270935,0.0,0.0,0.0,0.0
"TIMOB-23141",False,"train",0.0,0.0,0.0,0.0,0.0,0.0,0.0,0.0,0.0,0.9935935735702515,0.0
"TIMOB-23475",False,"train",0.0,0.0,0.0,0.0,0.0,0.0,0.0,0.9806451201438904,0.0,0.0,0.0
"TIMOB-20478",False,"train",0.939384400844574,0.0,0.0,0.0,0.0,0.0,0.0,0.0,0.0,0.0,0.0
"TIMOB-24189",False,"train",0.0,0.0,0.9845796823501587,0.0,0.0,0.0,0.0,0.0,0.0,0.0,0.0
"TIMOB-19663",False,"train",0.0,0.7820266485214233,0.0,0.0,0.1945728063583374,0.0,0.0,0.0,0.0,0.0,0.0
"TIMOB-20078",False,"train",0.0,0.0,0.9173216223716736,0.0,0.0,0.0,0.0,0.0,0.0,0.0,0.0
"TIMOB-25552",False,"train",0.0,0.0,0.0,0.0,0.0,0.0,0.0,0.0,0.0,0.995710015296936,0.0
"TIMOB-25503",False,"train",0.0,0.0,0.0,0.9981492161750793,0.0,0.0,0.0,0.0,0.0,0.0,0.0
"TIMOB-17564",False,"train",0.0,0.9918748736381531,0.0,0.0,0.0,0.0,0.0,0.0,0.0,0.0,0.0
"TIMOB-26427",False,"train",0.0,0.0,0.0,0.0,0.9942037463188171,0.0,0.0,0.0,0.0,0.0,0.0
"TIMOB-26005",False,"train",0.0,0.10233665257692337,0.0,0.0,0.0,0.8430923819541931,0.0,0.0,0.0,0.0,0.0
"TIMOB-24729",False,"train",0.0,0.0,0.0,0.0,0.0,0.9747304916381836,0.0,0.0,0.0,0.0,0.0
"TIMOB-10534",False,"train",0.0,0.0,0.0,0.0,0.7603345513343811,0.0,0.0,0.0,0.0,0.0,0.23448319733142853
"TIMOB-25323",False,"train",0.0,0.0,0.0,0.0,0.0,0.0,0.974010169506073,0.0,0.0,0.0,0.0
"TIMOB-19404",False,"train",0.0,0.0,0.0,0.04633193090558052,0.0,0.0,0.0,0.9390484094619751,0.0,0.0,0.0
"TIMOB-25224",False,"train",0.0,0.2791577875614166,0.0,0.0,0.0,0.6096966862678528,0.0,0.0,0.0,0.06541157513856888,0.04011468216776848
"TIMOB-11049",False,"train",0.0,0.3357894718647003,0.0,0.2120496779680252,0.0,0.0,0.0,0.4482560455799103,0.0,0.0,0.0
"TIMOB-24851",True,"train",0.0,0.9797762632369995,0.0,0.0,0.0,0.0,0.0,0.0,0.0,0.0,0.0
"TIMOB-18775",False,"train",0.0,0.0,0.0,0.0,0.0,0.0,0.5054075717926025,0.44001680612564087,0.0,0.0,0.0
"TIMOB-25183",False,"train",0.0,0.15505078434944153,0.0,0.0,0.0,0.6231067776679993,0.08764047175645828,0.0,0.12801438570022583,0.0,0.0
"TIMOB-23584",False,"train",0.0,0.0,0.0,0.0,0.0,0.9675105810165405,0.0,0.0,0.0,0.0,0.0
"TIMOB-25266",False,"train",0.0,0.3129372298717499,0.0,0.0,0.0,0.0,0.6796213388442993,0.0,0.0,0.0,0.0
"TIMOB-20095",False,"train",0.0,0.0,0.33700811862945557,0.0,0.0,0.0,0.0,0.6538955569267273,0.0,0.0,0.0
"TIMOB-18859",False,"train",0.0,0.0,0.0,0.0,0.0,0.0,0.0,0.0,0.9706645011901855,0.0,0.0
"TIMOB-24591",False,"train",0.3389144241809845,0.0,0.0,0.0,0.0,0.0,0.0,0.6415786147117615,0.0,0.0,0.0
"TIMOB-18286",False,"train",0.0,0.0,0.0,0.0,0.0,0.542199969291687,0.13853082060813904,0.0,0.0,0.0,0.3098139464855194
"TIMOB-25748",False,"train",0.0,0.0,0.0,0.0,0.0,0.956695556640625,0.0,0.0,0.0,0.0,0.0
"TIMOB-24966",False,"train",0.0,0.26791632175445557,0.0,0.0,0.0,0.0,0.0,0.0,0.0,0.712585985660553,0.0
"TIMOB-23775",False,"train",0.010115209966897964,0.010116003453731537,0.010115370154380798,0.010115745477378368,0.010115931741893291,0.010116475634276867,0.010115029290318489,0.010115896351635456,0.010115561075508595,0.8988432884216309,0.010115470737218857
"TIMOB-26009",False,"train",0.9300411939620972,0.0,0.0,0.0,0.0,0.0,0.0,0.0,0.0,0.0,0.0
"TIMOB-24249",False,"train",0.0,0.0,0.0,0.0,0.0,0.0,0.0,0.12366935610771179,0.0,0.0,0.8708713054656982
"TIMOB-23339",False,"train",0.0,0.0,0.0,0.0,0.0,0.7777469754219055,0.0,0.21589422225952148,0.0,0.0,0.0
"TIMOB-26886",False,"train",0.0,0.0,0.0,0.0,0.0,0.9566893577575684,0.0,0.0,0.0,0.0,0.0
"TIMOB-24892",False,"train",0.0,0.0,0.0,0.9966183304786682,0.0,0.0,0.0,0.0,0.0,0.0,0.0
"TIMOB-25291",False,"train",0.0,0.37150904536247253,0.0,0.0,0.0,0.0,0.2034146636724472,0.41880252957344055,0.0,0.0,0.0
"TIMOB-19774",False,"train",0.0,0.9880339503288269,0.0,0.0,0.0,0.0,0.0,0.0,0.0,0.0,0.0
"TIMOB-20257",False,"train",0.0,0.0,0.0,0.0,0.9929430484771729,0.0,0.0,0.0,0.0,0.0,0.0
"TIMOB-25565",False,"train",0.0,0.9968101978302002,0.0,0.0,0.0,0.0,0.0,0.0,0.0,0.0,0.0
"TIMOB-26067",False,"train",0.0,0.0,0.0,0.0,0.0,0.9604573845863342,0.0,0.0,0.0,0.0,0.0
"TIMOB-18599",False,"train",0.969680905342102,0.0,0.0,0.0,0.0,0.0,0.0,0.0,0.0,0.0,0.0
"TIMOB-26051",False,"train",0.0,0.0,0.0,0.9878759980201721,0.0,0.0,0.0,0.0,0.0,0.0,0.0
"TIMOB-19292",False,"train",0.018194591626524925,0.0181935615837574,0.018193885684013367,0.018193494528532028,0.018193751573562622,0.8180609941482544,0.0181941669434309,0.018193840980529785,0.018194176256656647,0.01819389872252941,0.018193688243627548
"TIMOB-19079",False,"train",0.9754253625869751,0.0,0.0,0.0,0.0,0.0,0.0,0.0,0.0,0.0,0.0
"TIMOB-19044",False,"train",0.0,0.20335277915000916,0.0,0.0,0.7874487042427063,0.0,0.0,0.0,0.0,0.0,0.0
"TIMOB-18630",False,"train",0.0,0.0,0.0,0.0,0.0,0.0,0.0,0.939328134059906,0.0,0.0,0.0
"TIMOB-23637",False,"train",0.0,0.7155070304870605,0.0,0.0,0.0,0.0,0.0,0.27549633383750916,0.0,0.0,0.0
"TIMOB-23744",False,"train",0.0,0.0,0.08852978050708771,0.0,0.0,0.0,0.0,0.0,0.0,0.0,0.9097682237625122
"TIMOB-19985",False,"train",0.0,0.0,0.0,0.0,0.0,0.0,0.0,0.0,0.0,0.9663128852844238,0.0
"TIMOB-26102",False,"train",0.0,0.0,0.0,0.0,0.0,0.1959579735994339,0.7949457764625549,0.0,0.0,0.0,0.0
"TIMOB-25275",False,"train",0.0,0.0,0.0,0.0,0.9793350100517273,0.0,0.0,0.0,0.0,0.0,0.0
"TIMOB-23623",False,"train",0.0,0.0,0.0,0.0,0.0,0.0,0.9349873661994934,0.0,0.0,0.0,0.0
"TIMOB-23594",False,"train",0.0,0.0,0.0,0.0,0.0,0.6215603351593018,0.3606489896774292,0.0,0.0,0.0,0.0
"TIMOB-20627",False,"train",0.0,0.0,0.0,0.0,0.0,0.0,0.0,0.9821678996086121,0.0,0.0,0.0
"TIMOB-24906",False,"train",0.0,0.31420832872390747,0.0,0.0,0.0,0.24139298498630524,0.42924314737319946,0.0,0.0,0.0,0.0
"TIMOB-19442",False,"train",0.0,0.0,0.0,0.0,0.0,0.0,0.0,0.9904268980026245,0.0,0.0,0.0
"TIMOB-18607",False,"train",0.0,0.0,0.0,0.0,0.956684947013855,0.0,0.0,0.0,0.0,0.0,0.0
"TIMOB-19675",False,"train",0.0,0.0,0.0,0.0,0.9431588649749756,0.0,0.0,0.0,0.0,0.0,0.0
"TIMOB-23192",False,"train",0.0,0.0,0.0,0.0,0.0,0.05721919238567352,0.0,0.0,0.0,0.0,0.9371702671051025
"TIMOB-20289",False,"train",0.0,0.0,0.0,0.0,0.0,0.9696752429008484,0.0,0.0,0.0,0.0,0.0
"TIMOB-18834",False,"train",0.0,0.35090094804763794,0.0,0.0,0.0,0.33321550488471985,0.29159608483314514,0.0,0.0,0.0,0.0
"TIMOB-19022",False,"train",0.0,0.0,0.0,0.0,0.0,0.0,0.0,0.8574553728103638,0.0,0.13363654911518097,0.0
"TIMOB-19717",False,"train",0.0,0.0,0.0,0.0,0.0,0.0,0.9431529641151428,0.0,0.0,0.0,0.0
"TIMOB-24792",False,"train",0.0,0.19645720720291138,0.0,0.0,0.0,0.0,0.0,0.7891742587089539,0.0,0.0,0.0
"TIMOB-23772",True,"train",0.0,0.0,0.19927819073200226,0.0,0.0,0.0,0.0,0.7679444551467896,0.0,0.0,0.0
"TIMOB-17913",False,"train",0.022755492478609085,0.022753611207008362,0.022753821685910225,0.022753484547138214,0.022753795608878136,0.7724596858024597,0.022754063829779625,0.022753866389393806,0.022754069417715073,0.022754458710551262,0.022753652185201645
"TIMOB-20238",False,"train",0.0,0.0,0.0,0.0,0.0,0.0,0.0,0.0,0.0,0.993206799030304,0.0
"TIMOB-20389",False,"train",0.0,0.0,0.0,0.0,0.0,0.0,0.0,0.9962256550788879,0.0,0.0,0.0
"TIMOB-7824",False,"train",0.0,0.0,0.0,0.0,0.9778105020523071,0.0,0.0,0.0,0.0,0.0,0.0
"TIMOB-24139",False,"train",0.0,0.35254552960395813,0.0,0.0,0.6279615759849548,0.0,0.0,0.0,0.0,0.0,0.0
"TIMOB-24853",False,"train",0.0,0.6578359603881836,0.0,0.0,0.0,0.2909807860851288,0.0,0.0,0.0,0.0,0.0
"TIMOB-24099",False,"train",0.0,0.9850853681564331,0.0,0.0,0.0,0.0,0.0,0.0,0.0,0.0,0.0
"TIMOB-25259",False,"train",0.0,0.7552773356437683,0.0,0.0,0.0,0.0,0.0,0.24213042855262756,0.0,0.0,0.0
"TIMOB-19759",False,"train",0.0,0.2879057824611664,0.0,0.0,0.4643581211566925,0.0,0.0,0.0,0.0,0.0,0.195777028799057
"TIMOB-25282",False,"train",0.0,0.0,0.0,0.8519836068153381,0.0,0.0,0.0,0.0,0.0,0.0,0.14208458364009857
"TIMOB-24710",False,"train",0.0,0.0,0.9956900477409363,0.0,0.0,0.0,0.0,0.0,0.0,0.0,0.0
"TIMOB-19529",False,"train",0.0,0.728563129901886,0.0,0.0,0.0,0.0,0.0,0.0,0.0,0.0,0.2498883157968521
"TIMOB-25273",False,"train",0.0,0.8383638858795166,0.0,0.0,0.0,0.0,0.0,0.15457108616828918,0.0,0.0,0.0
"TIMOB-19059",False,"train",0.0,0.0,0.17586649954319,0.0,0.0,0.22532278299331665,0.0,0.5829908847808838,0.0,0.0,0.0
"TIMOB-18527",False,"train",0.9663061499595642,0.0,0.0,0.0,0.0,0.0,0.0,0.0,0.0,0.0,0.0
"TIMOB-20288",False,"train",0.0,0.0,0.0,0.0,0.0,0.0,0.0,0.9766777157783508,0.0,0.0,0.0
"TIMOB-23264",False,"train",0.0,0.0,0.0,0.0,0.0,0.9636251926422119,0.0,0.0,0.0,0.0,0.0
"TIMOB-18859",False,"train",0.0,0.0,0.0,0.0,0.0,0.0,0.0,0.0,0.9706645011901855,0.0,0.0
"TIMOB-26562",False,"train",0.0,0.0,0.0,0.0,0.0,0.0,0.0,0.0,0.0,0.9869983196258545,0.0
"TIMOB-19491",False,"train",0.0,0.0,0.0,0.0,0.0,0.9821683168411255,0.0,0.0,0.0,0.0,0.0
"TIMOB-24097",False,"train",0.0,0.5208550691604614,0.0,0.4652450978755951,0.0,0.0,0.0,0.0,0.0,0.0,0.0
"TIMOB-23661",False,"train",0.0,0.0,0.2662450075149536,0.0,0.5135788321495056,0.21007253229618073,0.0,0.0,0.0,0.0,0.0
"TIMOB-19495",False,"train",0.7726358771324158,0.022735988721251488,0.02273622341454029,0.02273586206138134,0.02273618057370186,0.022737817838788033,0.022736478596925735,0.022736256942152977,0.022736484184861183,0.02273680828511715,0.022736040875315666
"TIMOB-23926",False,"train",0.0,0.0,0.0,0.0,0.0,0.9788503646850586,0.0,0.0,0.0,0.0,0.0
"TIMOB-18904",False,"train",0.0,0.0,0.9715831279754639,0.0,0.0,0.0,0.0,0.0,0.0,0.0,0.0
"TIMOB-19364",False,"train",0.0,0.0,0.0,0.9760695099830627,0.0,0.0,0.0,0.0,0.0,0.0,0.0
"TIMOB-23879",False,"train",0.0,0.0,0.0,0.0,0.26617375016212463,0.0,0.0,0.7221313714981079,0.0,0.0,0.0
"TIMOB-18967",False,"train",0.0,0.986221969127655,0.0,0.0,0.0,0.0,0.0,0.0,0.0,0.0,0.0
"TIMOB-25533",False,"train",0.0,0.0,0.0,0.9969908595085144,0.0,0.0,0.0,0.0,0.0,0.0,0.0
"TIMOB-19054",False,"train",0.0,0.0,0.0,0.0,0.0,0.0,0.9299930930137634,0.0,0.0,0.0,0.0
"TIMOB-24413",False,"train",0.0,0.0,0.0,0.0,0.0,0.0,0.9845834970474243,0.0,0.0,0.0,0.0
"TIMOB-25324",False,"train",0.0,0.0,0.0,0.0,0.0,0.0,0.9465083479881287,0.0,0.0,0.0,0.0
"TIMOB-19555",False,"train",0.0,0.0,0.0,0.9897795915603638,0.0,0.0,0.0,0.0,0.0,0.0,0.0
"TIMOB-18881",False,"train",0.01820056512951851,0.018202783539891243,0.018200473859906197,0.8179880380630493,0.018201008439064026,0.018201598897576332,0.01820027083158493,0.018201690167188644,0.018201537430286407,0.018200552091002464,0.018201513215899467
"TIMOB-23248",False,"train",0.0,0.0,0.5025674700737,0.0,0.0,0.487804651260376,0.0,0.0,0.0,0.0,0.0
"TIMOB-18928",False,"train",0.0,0.0,0.0,0.0,0.7399446368217468,0.23596741259098053,0.0,0.0,0.0,0.0,0.0
"TIMOB-24021",False,"train",0.0,0.0,0.0,0.0,0.0,0.9650222063064575,0.0,0.0,0.0,0.0,0.0
"TIMOB-17827",False,"train",0.0,0.9686231017112732,0.0,0.0,0.0,0.0,0.0,0.0,0.0,0.0,0.0
"TIMOB-24034",False,"train",0.025231724604964256,0.0,0.0,0.0,0.12761521339416504,0.5083685517311096,0.0,0.0,0.0,0.0,0.33666709065437317
"TIMOB-24933",False,"train",0.0,0.3183858096599579,0.0,0.0,0.6702483892440796,0.0,0.0,0.0,0.0,0.0,0.0
"TIMOB-19019",False,"train",0.0,0.0,0.0,0.0,0.0,0.0,0.0,0.9636123180389404,0.0,0.0,0.0
"TIMOB-24504",False,"train",0.9090514779090881,0.0,0.0,0.0,0.0,0.0,0.0,0.0,0.0,0.0,0.0
"TIMOB-11093",False,"train",0.0,0.0,0.0,0.0,0.0,0.9566770792007446,0.0,0.0,0.0,0.0,0.0
"TIMOB-3594",False,"train",0.0,0.968625545501709,0.0,0.0,0.0,0.0,0.0,0.0,0.0,0.0,0.0
"TIMOB-18521",False,"train",0.0,0.0,0.0,0.0,0.0,0.15410669147968292,0.0,0.0,0.0,0.8404595851898193,0.0
"TIMOB-12410",False,"train",0.0,0.0,0.0,0.0,0.0,0.0,0.0,0.0,0.9172581434249878,0.0,0.0
"TIMOB-20389",False,"train",0.0,0.0,0.0,0.0,0.0,0.0,0.0,0.9962256550788879,0.0,0.0,0.0
"TIMOB-23666",False,"train",0.0,0.9850945472717285,0.0,0.0,0.0,0.0,0.0,0.0,0.0,0.0,0.0
"TIMOB-9606",False,"train",0.0,0.0,0.0,0.0,0.0,0.0,0.0,0.9920928478240967,0.0,0.0,0.0
"TIMOB-18637",False,"train",0.0,0.0,0.0,0.2149466574192047,0.0,0.0288432277739048,0.42979490756988525,0.0,0.0,0.31985434889793396,0.0
"TIMOB-25908",False,"train",0.0,0.21064132452011108,0.0,0.0,0.0,0.0,0.0,0.0,0.0,0.0,0.7688824534416199
"TIMOB-25441",False,"train",0.0,0.0,0.0,0.6103125214576721,0.0,0.32141801714897156,0.0,0.0,0.0,0.0,0.0
"TIMOB-19574",False,"train",0.0,0.0,0.0,0.0,0.0,0.9242222905158997,0.0,0.0,0.0,0.0,0.0
"TIMOB-25078",False,"train",0.0,0.7309399247169495,0.26456165313720703,0.0,0.0,0.0,0.0,0.0,0.0,0.0,0.0
"TIMOB-25950",False,"train",0.0,0.0,0.0,0.9299447536468506,0.0,0.0,0.0,0.0,0.0,0.0,0.0
"TIMOB-18432",False,"train",0.0,0.0,0.0,0.0,0.0,0.0,0.9566903114318848,0.0,0.0,0.0,0.0
"TIMOB-19478",False,"train",0.0,0.0,0.0,0.0,0.0,0.9350171089172363,0.0,0.0,0.0,0.0,0.0
"TIMOB-19426",False,"train",0.0,0.0,0.0,0.0,0.0,0.0,0.0,0.9851740598678589,0.0,0.0,0.0
"TIMOB-26729",False,"train",0.0,0.0,0.0,0.0,0.0,0.0,0.0,0.0,0.0,0.0,0.9905269145965576
"TIMOB-17965",False,"train",0.0,0.0,0.0,0.0,0.0,0.5441818833351135,0.4243106544017792,0.0,0.0,0.0,0.0
"TIMOB-17729",False,"train",0.0,0.9806450605392456,0.0,0.0,0.0,0.0,0.0,0.0,0.0,0.0,0.0
"TIMOB-19356",False,"train",0.0,0.9464293122291565,0.0,0.0,0.0,0.0,0.0,0.0,0.0,0.0,0.0
"TIMOB-19022",False,"train",0.0,0.0,0.0,0.0,0.0,0.0,0.0,0.8574553728103638,0.0,0.13363654911518097,0.0
"TIMOB-23590",False,"train",0.0,0.0,0.0,0.0,0.0,0.9802188277244568,0.0,0.0,0.0,0.0,0.0
"TIMOB-25345",False,"train",0.0,0.0,0.0,0.0,0.0,0.0,0.0,0.9828169345855713,0.0,0.0,0.0
"TIMOB-20095",False,"train",0.0,0.0,0.33700811862945557,0.0,0.0,0.0,0.0,0.6538955569267273,0.0,0.0,0.0
"TIMOB-19033",False,"train",0.0,0.0,0.0,0.0,0.0,0.0,0.9674941897392273,0.0,0.0,0.0,0.0
"TIMOB-23341",False,"train",0.0,0.0,0.0,0.0,0.9814384579658508,0.0,0.0,0.0,0.0,0.0,0.0
"TIMOB-25895",False,"train",0.46739405393600464,0.0,0.0,0.0,0.0,0.0,0.0,0.0,0.5223715305328369,0.0,0.0
"TIMOB-19541",False,"train",0.0,0.0,0.0,0.0,0.0,0.8714354634284973,0.0,0.11338640749454498,0.0,0.0,0.0
"TIMOB-25829",False,"train",0.0,0.958642303943634,0.0,0.0,0.0,0.0,0.0,0.0,0.0,0.0,0.0
"TIMOB-24883",False,"train",0.0,0.8382187485694885,0.0,0.0,0.0,0.0,0.0,0.1528823971748352,0.0,0.0,0.0
"TIMOB-20145",False,"train",0.0,0.7115285396575928,0.0,0.0,0.0,0.0,0.0,0.0,0.0,0.27409279346466064,0.0
"TIMOB-23266",False,"train",0.0,0.0,0.0,0.0,0.0,0.0,0.0,0.9903241395950317,0.0,0.0,0.0
"TIMOB-19442",False,"train",0.0,0.0,0.0,0.0,0.0,0.0,0.0,0.9904268980026245,0.0,0.0,0.0
"TIMOB-24407",False,"train",0.0,0.0,0.0,0.0,0.0,0.0,0.0,0.0,0.0,0.9783441424369812,0.0
"TIMOB-19985",False,"train",0.0,0.0,0.0,0.0,0.0,0.0,0.0,0.0,0.0,0.9663128852844238,0.0
"TIMOB-25932",False,"train",0.0,0.0,0.0,0.0,0.0,0.45942094922065735,0.5360561013221741,0.0,0.0,0.0,0.0
"TIMOB-24975",False,"train",0.0,0.6435164213180542,0.0,0.0,0.0,0.0,0.3457053303718567,0.0,0.0,0.0,0.0
"TIMOB-23480",False,"train",0.0,0.7479069232940674,0.0,0.0,0.0,0.23428615927696228,0.0,0.0,0.0,0.0,0.0
"TIMOB-18065",False,"train",0.0,0.6223952174186707,0.0,0.0,0.0,0.3686070740222931,0.0,0.0,0.0,0.0,0.0
"TIMOB-24225",False,"train",0.0,0.3087221086025238,0.0,0.676389753818512,0.0,0.0,0.0,0.0,0.0,0.0,0.0
"TIMOB-23531",False,"train",0.0,0.0,0.0,0.0,0.0,0.0,0.0,0.0,0.0,0.0,0.9947741031646729
"TIMOB-20571",True,"train",0.0,0.0,0.0,0.0,0.98787522315979,0.0,0.0,0.0,0.0,0.0,0.0
"TIMOB-20288",False,"train",0.0,0.0,0.0,0.0,0.0,0.0,0.0,0.9766777157783508,0.0,0.0,0.0
"TIMOB-23660",False,"train",0.0,0.0,0.0,0.0,0.0,0.0,0.0,0.983161449432373,0.0,0.0,0.0
"TIMOB-24808",False,"train",0.0,0.0,0.0,0.0,0.0,0.0,0.0,0.9747111201286316,0.0,0.0,0.0
"TIMOB-20405",False,"train",0.0,0.0,0.0,0.0,0.9793278574943542,0.0,0.0,0.0,0.0,0.0,0.0
"TIMOB-25744",True,"train",0.0,0.9963600039482117,0.0,0.0,0.0,0.0,0.0,0.0,0.0,0.0,0.0
"TIMOB-4274",False,"train",0.0,0.9917317628860474,0.0,0.0,0.0,0.0,0.0,0.0,0.0,0.0,0.0
"TIMOB-19350",False,"train",0.0,0.0,0.0,0.2999800145626068,0.0,0.0,0.0,0.0,0.0,0.3719930648803711,0.2824736535549164
"TIMOB-25895",False,"train",0.46739405393600464,0.0,0.0,0.0,0.0,0.0,0.0,0.0,0.5223715305328369,0.0,0.0
"TIMOB-18193",True,"train",0.0,0.0,0.0,0.42175137996673584,0.0,0.5410261750221252,0.0,0.0,0.0,0.0,0.0
"TIMOB-20550",True,"train",0.0,0.21843719482421875,0.0,0.0,0.0,0.0,0.0,0.0,0.7425875067710876,0.0,0.0
"TIMOB-4979",False,"train",0.0,0.0,0.0,0.0,0.0,0.0,0.0,0.0,0.9636209011077881,0.0,0.0
"TIMOB-18942",False,"train",0.0,0.0,0.0,0.0,0.9350354075431824,0.0,0.0,0.0,0.0,0.0,0.0
"TIMOB-20027",False,"train",0.0,0.0,0.0,0.0,0.0,0.0,0.0,0.3198373019695282,0.6528404951095581,0.0,0.0
"TIMOB-25963",False,"train",0.0,0.0,0.0,0.0,0.0,0.0,0.0,0.0,0.9715761542320251,0.0,0.0
"TIMOB-23187",False,"train",0.0,0.2055083066225052,0.0,0.0,0.0,0.0,0.0,0.37487977743148804,0.40343308448791504,0.0,0.0
"TIMOB-18770",False,"train",0.0,0.0,0.0,0.3757217824459076,0.0,0.0,0.0,0.0,0.0,0.6130642294883728,0.0
"TIMOB-19766",False,"train",0.0,0.0,0.0,0.0,0.0,0.0,0.6101962924003601,0.2166169434785843,0.0,0.16018937528133392,0.0
"TIMOB-26357",False,"train",0.0,0.0,0.0,0.0,0.0,0.9173308610916138,0.0,0.0,0.0,0.0,0.0
"TIMOB-24656",False,"train",0.0,0.0,0.0,0.0,0.8258041143417358,0.16877302527427673,0.0,0.0,0.0,0.0,0.0
"TIMOB-26340",False,"train",0.0,0.0,0.0,0.0,0.0,0.0,0.0,0.0,0.9778217077255249,0.0,0.0
"TIMOB-25291",False,"train",0.0,0.37150904536247253,0.0,0.0,0.0,0.0,0.2034146636724472,0.41880252957344055,0.0,0.0,0.0
"TIMOB-26081",False,"train",0.0,0.0,0.0,0.0,0.0,0.3236462473869324,0.0,0.0,0.0,0.0,0.6635411381721497
"TIMOB-19292",False,"train",0.018194591626524925,0.0181935615837574,0.018193885684013367,0.018193494528532028,0.018193751573562622,0.8180609941482544,0.0181941669434309,0.018193840980529785,0.018194176256656647,0.01819389872252941,0.018193688243627548
"TIMOB-24085",False,"train",0.0,0.29409271478652954,0.0,0.0,0.0,0.0,0.0,0.15679867565631866,0.0,0.5367572903633118,0.0
"TIMOB-19348",False,"train",0.0,0.0,0.0,0.0,0.9544633030891418,0.0,0.0,0.0,0.0,0.0,0.0
"TIMOB-24689",False,"train",0.0,0.0,0.0,0.0,0.0,0.9929515719413757,0.0,0.0,0.0,0.0,0.0
"TIMOB-20281",True,"train",0.0,0.0,0.0,0.0,0.0,0.0,0.0,0.0,0.0,0.9766796827316284,0.0
"TIMOB-20413",False,"train",0.0,0.0,0.0,0.0,0.0,0.0,0.0,0.0,0.9675268530845642,0.0,0.0
"TIMOB-25252",False,"train",0.6641581654548645,0.32632410526275635,0.0,0.0,0.0,0.0,0.0,0.0,0.0,0.0,0.0
"TIMOB-26357",False,"train",0.0,0.0,0.0,0.0,0.0,0.9173308610916138,0.0,0.0,0.0,0.0,0.0
"TIMOB-19188",False,"train",0.0,0.08513452112674713,0.0,0.0,0.0,0.0,0.0,0.8077707886695862,0.08610253781080246,0.0,0.0
"TIMOB-20550",True,"train",0.0,0.21843719482421875,0.0,0.0,0.0,0.0,0.0,0.0,0.7425875067710876,0.0,0.0
"TIMOB-24099",False,"train",0.0,0.9850853681564331,0.0,0.0,0.0,0.0,0.0,0.0,0.0,0.0,0.0
"TIMOB-19411",False,"train",0.0,0.0,0.0,0.0,0.0,0.0,0.0,0.9965800642967224,0.0,0.0,0.0
"TIMOB-25401",False,"train",0.0,0.0,0.0,0.0,0.0,0.9969133138656616,0.0,0.0,0.0,0.0,0.0
"TIMOB-26325",False,"train",0.0,0.0,0.0,0.0,0.0,0.963624894618988,0.0,0.0,0.0,0.0,0.0
"TIMOB-19079",False,"train",0.9754253625869751,0.0,0.0,0.0,0.0,0.0,0.0,0.0,0.0,0.0,0.0
"TIMOB-24793",False,"train",0.0,0.0,0.0,0.737149715423584,0.0,0.0,0.0,0.2494320124387741,0.0,0.0,0.0
"TIMOB-20534",False,"train",0.0,0.0,0.7425828576087952,0.2535894215106964,0.0,0.0,0.0,0.0,0.0,0.0,0.0
"TIMOB-26427",False,"train",0.0,0.0,0.0,0.0,0.9942037463188171,0.0,0.0,0.0,0.0,0.0,0.0
"TIMOB-25983",False,"train",0.0,0.9940880537033081,0.0,0.0,0.0,0.0,0.0,0.0,0.0,0.0,0.0
"TIMOB-19351",False,"train",0.0,0.0,0.0,0.0,0.6899239420890808,0.0,0.0,0.28594115376472473,0.0,0.0,0.0
"TIMOB-26130",False,"train",0.0,0.0,0.0,0.0,0.0,0.9586603045463562,0.0,0.0,0.0,0.0,0.0
"TIMOB-18734",True,"train",0.0,0.0,0.0,0.0,0.0,0.0,0.0,0.0,0.9740167856216431,0.0,0.0
"TIMOB-19325",False,"train",0.0,0.0,0.0,0.9964197874069214,0.0,0.0,0.0,0.0,0.0,0.0,0.0
"TIMOB-26159",False,"train",0.8902807831764221,0.0,0.0,0.0,0.0,0.0,0.0,0.10110122710466385,0.0,0.0,0.0
"TIMOB-23523",False,"train",0.0,0.0,0.0,0.8640474677085876,0.0,0.0,0.0,0.12641939520835876,0.0,0.0,0.0
"TIMOB-20612",False,"train",0.0,0.0,0.0,0.0,0.9937707781791687,0.0,0.0,0.0,0.0,0.0,0.0
"TIMOB-17333",False,"train",0.0,0.0,0.0,0.0,0.0,0.0,0.0,0.0,0.9242163300514221,0.0,0.0
"TIMOB-23276",False,"train",0.0,0.0,0.0,0.0,0.42142122983932495,0.0,0.0,0.41070252656936646,0.0,0.0,0.1593104898929596
"TIMOB-25487",False,"train",0.0,0.0,0.0,0.0,0.0,0.0,0.0,0.0,0.0,0.9900338053703308,0.0
"TIMOB-26210",False,"train",0.0,0.0,0.0,0.0,0.0,0.0,0.9950041174888611,0.0,0.0,0.0,0.0
"TIMOB-18632",False,"train",0.0,0.0,0.0,0.0,0.0,0.994419515132904,0.0,0.0,0.0,0.0,0.0
"TIMOB-17716",False,"train",0.0,0.0,0.0,0.0,0.24013009667396545,0.7193987965583801,0.0,0.0,0.0,0.0,0.038102660328149796
"TIMOB-25757",False,"train",0.9545222520828247,0.0,0.0,0.0,0.0,0.0,0.0,0.0,0.0,0.0,0.0
"TIMOB-23717",False,"train",0.0,0.0,0.0,0.0,0.0,0.0,0.0,0.0,0.0,0.9814409017562866,0.0
"TIMOB-15009",False,"train",0.0,0.0,0.0,0.0,0.0,0.0,0.0,0.0,0.0,0.9954356551170349,0.0
"TIMOB-19143",False,"train",0.0,0.01734478957951069,0.0,0.48239296674728394,0.0,0.0,0.0,0.4877172112464905,0.0,0.0,0.0
"TIMOB-19576",False,"train",0.012989310547709465,0.012989760376513004,0.012988741509616375,0.012988662347197533,0.012989495880901814,0.8701092600822449,0.012989375740289688,0.012988890521228313,0.01298907957971096,0.012988652102649212,0.012988818809390068
"TIMOB-25778",False,"train",0.0,0.0,0.0,0.0,0.0,0.0,0.9350256323814392,0.0,0.0,0.0,0.0
"TIMOB-11049",False,"train",0.0,0.3357894718647003,0.0,0.2120496779680252,0.0,0.0,0.0,0.4482560455799103,0.0,0.0,0.0
"TIMOB-25324",False,"train",0.0,0.0,0.0,0.0,0.0,0.0,0.9465083479881287,0.0,0.0,0.0,0.0
"TIMOB-20062",False,"train",0.0,0.0,0.0,0.0,0.0,0.0,0.0,0.9797758460044861,0.0,0.0,0.0
"TIMOB-19268",False,"train",0.0,0.0,0.8646185994148254,0.0,0.0,0.12461263686418533,0.0,0.0,0.0,0.0,0.0
"TIMOB-24473",False,"train",0.9586643576622009,0.0,0.0,0.0,0.0,0.0,0.0,0.0,0.0,0.0,0.0
"TIMOB-24933",False,"train",0.0,0.3183858096599579,0.0,0.0,0.6702483892440796,0.0,0.0,0.0,0.0,0.0,0.0
"TIMOB-25936",False,"train",0.0,0.9916570782661438,0.0,0.0,0.0,0.0,0.0,0.0,0.0,0.0,0.0
"TIMOB-9366",False,"train",0.0,0.0,0.0,0.0,0.0,0.9825113415718079,0.0,0.0,0.0,0.0,0.0
"TIMOB-19108",False,"train",0.0,0.0,0.0,0.0,0.555394172668457,0.4404814541339874,0.0,0.0,0.0,0.0,0.0
"TIMOB-24311",False,"train",0.0,0.0,0.0,0.0,0.0,0.0,0.0,0.9892959594726562,0.0,0.0,0.0
"TIMOB-25937",False,"train",0.0,0.0,0.0,0.0,0.0,0.0,0.0,0.0,0.0,0.9952136874198914,0.0
"TIMOB-25212",False,"train",0.0,0.0,0.0,0.0,0.0,0.0,0.0,0.0,0.0,0.0,0.9793211817741394
"TIMOB-23702",False,"train",0.011376475915312767,0.01137551199644804,0.01137574203312397,0.01137558463960886,0.011375736445188522,0.011376230977475643,0.011376114562153816,0.8862411379814148,0.01137598603963852,0.01137586310505867,0.011375628411769867
"TIMOB-23744",False,"train",0.0,0.0,0.08852978050708771,0.0,0.0,0.0,0.0,0.0,0.0,0.0,0.9097682237625122
"TIMOB-19157",False,"train",0.0,0.02780991420149803,0.0,0.0,0.966659426689148,0.0,0.0,0.0,0.0,0.0,0.0
"TIMOB-23968",False,"train",0.0,0.6034468412399292,0.0,0.0,0.0,0.0,0.17675010859966278,0.21153150498867035,0.0,0.0,0.0
"TIMOB-26506",False,"train",0.9300142526626587,0.0,0.0,0.0,0.0,0.0,0.0,0.0,0.0,0.0,0.0
"TIMOB-26455",False,"train",0.0,0.0,0.0,0.0,0.0,0.0,0.0,0.0,0.0,0.0,0.9521392583847046
"TIMOB-25471",False,"train",0.0,0.0,0.0,0.2389509230852127,0.0,0.0,0.0,0.0,0.7589255571365356,0.0,0.0
"TIMOB-24900",False,"train",0.0,0.0,0.0,0.0,0.0,0.0,0.7690026760101318,0.0,0.0,0.0,0.23051632940769196
"TIMOB-24871",False,"train",0.0,0.9350208044052124,0.0,0.0,0.0,0.0,0.0,0.0,0.0,0.0,0.0
"TIMOB-23591",False,"train",0.0,0.0,0.0,0.0,0.0,0.9802262783050537,0.0,0.0,0.0,0.0,0.0
"TIMOB-19528",False,"train",0.0,0.0,0.0,0.0,0.6154093742370605,0.0,0.0,0.0,0.38105541467666626,0.0,0.0
"TIMOB-23601",False,"train",0.0,0.0,0.0,0.0,0.0,0.7675303220748901,0.21467716991901398,0.0,0.0,0.0,0.0
"TIMOB-19331",False,"train",0.0,0.0,0.9636087417602539,0.0,0.0,0.0,0.0,0.0,0.0,0.0,0.0
"TIMOB-24710",False,"train",0.0,0.0,0.9956900477409363,0.0,0.0,0.0,0.0,0.0,0.0,0.0,0.0
"TIMOB-24637",False,"train",0.0,0.9873623251914978,0.0,0.0,0.0,0.0,0.0,0.0,0.0,0.0,0.0
"TIMOB-24659",False,"train",0.0,0.0,0.0,0.0,0.0,0.0,0.0,0.0,0.9766814708709717,0.0,0.0
"TIMOB-18516",False,"train",0.0,0.0,0.0,0.0,0.0,0.0,0.0,0.0,0.9772602319717407,0.0,0.0
"TIMOB-20413",False,"train",0.0,0.0,0.0,0.0,0.0,0.0,0.0,0.0,0.9675268530845642,0.0,0.0
"TIMOB-23209",False,"train",0.0,0.0,0.0,0.0,0.0,0.0,0.0,0.9954980611801147,0.0,0.0,0.0
"TIMOB-23115",False,"train",0.0,0.0,0.0,0.0,0.0,0.0,0.0,0.9946821331977844,0.0,0.0,0.0
"TIMOB-25997",False,"train",0.0,0.0,0.4623852074146271,0.2587342858314514,0.0,0.242450550198555,0.0,0.0,0.0,0.0,0.0
"TIMOB-19795",False,"train",0.9706658124923706,0.0,0.0,0.0,0.0,0.0,0.0,0.0,0.0,0.0,0.0
"TIMOB-25897",False,"train",0.0,0.0,0.0,0.0,0.0,0.0,0.0,0.9855591058731079,0.0,0.0,0.0
"TIMOB-24183",False,"train",0.0,0.0,0.0,0.0,0.0,0.5215058326721191,0.45575791597366333,0.0,0.0,0.0,0.0
"TIMOB-18155",False,"train",0.0,0.08776088058948517,0.0,0.0,0.0,0.0,0.0,0.8406877517700195,0.0,0.0,0.07043574005365372
"TIMOB-25469",False,"train",0.0,0.9910772442817688,0.0,0.0,0.0,0.0,0.0,0.0,0.0,0.0,0.0
"TIMOB-20228",False,"train",0.0,0.0,0.0,0.8154883980751038,0.0,0.16177009046077728,0.0,0.0,0.0,0.0,0.0
"TIMOB-19428",False,"train",0.0,0.0,0.0,0.0,0.0,0.9918794631958008,0.0,0.0,0.0,0.0,0.0
"TIMOB-20095",False,"train",0.0,0.0,0.33700811862945557,0.0,0.0,0.0,0.0,0.6538955569267273,0.0,0.0,0.0
"TIMOB-23930",False,"train",0.0,0.10117004066705704,0.0,0.014460232108831406,0.03285793587565422,0.0,0.0,0.847919225692749,0.0,0.0,0.0
"TIMOB-20192",False,"train",0.0,0.0,0.0,0.0,0.12595832347869873,0.8654227256774902,0.0,0.0,0.0,0.0,0.0
"TIMOB-18196",False,"train",0.0,0.0,0.0,0.0,0.0,0.9828417301177979,0.0,0.0,0.0,0.0,0.0
"TIMOB-18967",False,"train",0.0,0.986221969127655,0.0,0.0,0.0,0.0,0.0,0.0,0.0,0.0,0.0
"TIMOB-25220",False,"train",0.0,0.0,0.0,0.0,0.0,0.0,0.0,0.7518685460090637,0.0,0.0,0.23932576179504395
"TIMOB-25667",False,"train",0.0,0.8777750134468079,0.0,0.0,0.0,0.0,0.0,0.1144232228398323,0.0,0.0,0.0
"TIMOB-19179",False,"train",0.0,0.0,0.0,0.0,0.0,0.9938942193984985,0.0,0.0,0.0,0.0,0.0
"TIMOB-24863",False,"train",0.0,0.6792205572128296,0.0,0.0,0.0,0.0,0.0,0.0,0.0,0.0,0.31305208802223206
"TIMOB-24984",False,"train",0.11640812456607819,0.1374891698360443,0.0,0.0,0.0,0.0,0.0,0.0,0.0,0.7416645288467407,0.0
"TIMOB-20418",False,"train",0.0,0.0,0.9860041737556458,0.0,0.0,0.0,0.0,0.0,0.0,0.0,0.0
"TIMOB-20389",False,"train",0.0,0.0,0.0,0.0,0.0,0.0,0.0,0.9962256550788879,0.0,0.0,0.0
"TIMOB-24926",False,"train",0.0,0.9824998378753662,0.0,0.0,0.0,0.0,0.0,0.0,0.0,0.0,0.0
"TIMOB-10835",False,"train",0.0,0.0,0.0,0.0,0.0,0.0,0.0,0.9875306487083435,0.0,0.0,0.0
"TIMOB-19083",False,"train",0.0,0.0,0.0,0.0,0.0,0.9862199425697327,0.0,0.0,0.0,0.0,0.0
"TIMOB-18478",False,"train",0.0,0.0,0.0,0.0,0.0,0.0,0.0,0.0,0.0,0.9985491633415222,0.0
"TIMOB-23350",False,"train",0.0,0.0,0.0,0.0,0.0,0.0,0.0,0.3127093017101288,0.0,0.6668153405189514,0.0
"TIMOB-25236",False,"train",0.0,0.0,0.0,0.0,0.0,0.0,0.0,0.9740138649940491,0.0,0.0,0.0
"TIMOB-25117",False,"train",0.0,0.0,0.0,0.0,0.9636229276657104,0.0,0.0,0.0,0.0,0.0,0.0
"TIMOB-26888",False,"train",0.0,0.0,0.0,0.0,0.0,0.9604500532150269,0.0,0.0,0.0,0.0,0.0
"TIMOB-23592",False,"train",0.0,0.0,0.0,0.0,0.0,0.9802317023277283,0.0,0.0,0.0,0.0,0.0
"TIMOB-23115",False,"train",0.0,0.0,0.0,0.0,0.0,0.0,0.0,0.9946821331977844,0.0,0.0,0.0
"TIMOB-18389",False,"train",0.0,0.9604597687721252,0.0,0.0,0.0,0.0,0.0,0.0,0.0,0.0,0.0
"TIMOB-17711",False,"train",0.0,0.28426453471183777,0.0,0.0,0.0,0.0,0.0,0.0,0.0,0.7031314969062805,0.0
"TIMOB-24527",False,"train",0.0,0.0,0.0,0.0,0.0,0.0,0.9586421251296997,0.0,0.0,0.0,0.0
"TIMOB-24402",False,"train",0.0,0.0,0.0,0.0,0.0,0.9845877289772034,0.0,0.0,0.0,0.0,0.0
"TIMOB-18904",False,"train",0.0,0.0,0.9715831279754639,0.0,0.0,0.0,0.0,0.0,0.0,0.0,0.0
"TIMOB-19768",False,"train",0.0,0.0,0.0,0.0,0.0,0.967513382434845,0.0,0.0,0.0,0.0,0.0
"TIMOB-24174",False,"train",0.0,0.0,0.0,0.0,0.9783356189727783,0.0,0.0,0.0,0.0,0.0,0.0
"TIMOB-26498",True,"train",0.0,0.0,0.0,0.6608479619026184,0.0,0.0,0.0,0.3314289152622223,0.0,0.0,0.0
"TIMOB-19759",False,"train",0.0,0.2879057824611664,0.0,0.0,0.4643581211566925,0.0,0.0,0.0,0.0,0.0,0.195777028799057
"TIMOB-24142",False,"train",0.0,0.0,0.0,0.0,0.0,0.986998975276947,0.0,0.0,0.0,0.0,0.0
"TIMOB-18378",False,"train",0.0,0.0,0.0,0.0,0.0,0.0,0.0,0.0,0.0,0.9873618483543396,0.0
"TIMOB-24134",False,"train",0.0,0.992603063583374,0.0,0.0,0.0,0.0,0.0,0.0,0.0,0.0,0.0
"TIMOB-23847",False,"train",0.0,0.0,0.0,0.0,0.0,0.0,0.0,0.0,0.0,0.9754201769828796,0.0
"TIMOB-19886",True,"train",0.0,0.0,0.0,0.0,0.31546643376350403,0.6701676249504089,0.0,0.0,0.0,0.0,0.0
"TIMOB-19052",False,"train",0.0,0.0,0.0,0.0,0.9754130840301514,0.0,0.0,0.0,0.0,0.0,0.0
"TIMOB-15596",False,"train",0.0,0.0,0.0,0.0,0.0,0.0,0.0,0.9880300164222717,0.0,0.0,0.0
"TIMOB-25274",False,"train",0.0,0.9936411380767822,0.0,0.0,0.0,0.0,0.0,0.0,0.0,0.0,0.0
"TIMOB-25271",False,"train",0.0,0.0,0.7229849696159363,0.0,0.0,0.0,0.0,0.25750496983528137,0.0,0.0,0.0
"TIMOB-18099",False,"train",0.0,0.0,0.0,0.14626240730285645,0.0,0.0,0.0,0.0,0.0,0.0,0.8451157808303833
"TIMOB-19629",False,"train",0.0,0.9766817092895508,0.0,0.0,0.0,0.0,0.0,0.0,0.0,0.0,0.0
"TIMOB-19048",False,"train",0.0,0.18873755633831024,0.0,0.0,0.0,0.0,0.0,0.0,0.0,0.8030738234519958,0.0
"TIMOB-19687",False,"train",0.0,0.0,0.9740079045295715,0.0,0.0,0.0,0.0,0.0,0.0,0.0,0.0
"TIMOB-18516",False,"train",0.0,0.0,0.0,0.0,0.0,0.0,0.0,0.0,0.9772602319717407,0.0,0.0
"TIMOB-26835",False,"train",0.0,0.0,0.0,0.0,0.0,0.0,0.0,0.0,0.0,0.9853313565254211,0.0
"TIMOB-25468",False,"train",0.0,0.0,0.0,0.0,0.0,0.9647826552391052,0.0,0.029570793733000755,0.0,0.0,0.0
"TIMOB-23301",False,"train",0.0,0.7434326410293579,0.0,0.0,0.0,0.0,0.0,0.08078478276729584,0.17104974389076233,0.0,0.0
"TIMOB-25932",False,"train",0.0,0.0,0.0,0.0,0.0,0.45942094922065735,0.5360561013221741,0.0,0.0,0.0,0.0
"TIMOB-19378",False,"train",0.0,0.0,0.0,0.0,0.0,0.0,0.9545118808746338,0.0,0.0,0.0,0.0
"TIMOB-20055",False,"train",0.0,0.0,0.0,0.0,0.13167524337768555,0.0,0.0,0.5463607311248779,0.0,0.3186856210231781,0.0
"TIMOB-19774",False,"train",0.0,0.9880339503288269,0.0,0.0,0.0,0.0,0.0,0.0,0.0,0.0,0.0
"TIMOB-24244",False,"train",0.0,0.0,0.0,0.0,0.8584698438644409,0.13825063407421112,0.0,0.0,0.0,0.0,0.0
"TIMOB-20110",False,"train",0.0,0.0,0.0,0.0,0.0,0.0,0.0,0.0,0.9494777917861938,0.0,0.0
"TIMOB-24828",False,"train",0.0,0.15527495741844177,0.0,0.8367002010345459,0.0,0.0,0.0,0.0,0.0,0.0,0.0
"TIMOB-24165",False,"train",0.0,0.9754176139831543,0.0,0.0,0.0,0.0,0.0,0.0,0.0,0.0,0.0
"TIMOB-24093",False,"train",0.0,0.7759060263633728,0.0,0.0,0.0,0.0,0.2091962695121765,0.0,0.0,0.0,0.0
"TIMOB-19693",False,"train",0.0,0.9662846922874451,0.0,0.0,0.0,0.0,0.0,0.0,0.0,0.0,0.0
"TIMOB-6995",False,"train",0.9930040836334229,0.0,0.0,0.0,0.0,0.0,0.0,0.0,0.0,0.0,0.0
"TIMOB-18377",False,"train",0.0,0.0,0.0,0.0,0.0,0.0,0.0,0.0,0.0,0.9675185680389404,0.0
"TIMOB-25537",False,"train",0.0,0.9873647689819336,0.0,0.0,0.0,0.0,0.0,0.0,0.0,0.0,0.0
"TIMOB-24827",False,"train",0.1553485244512558,0.7795203328132629,0.0,0.0,0.0,0.0,0.0,0.05580148473381996,0.0,0.0,0.0
"TIMOB-20400",False,"train",0.0,0.0,0.0,0.0,0.9810510277748108,0.0,0.0,0.0,0.0,0.0,0.0
"TIMOB-20002",False,"train",0.0,0.4678069055080414,0.0,0.0,0.5251879692077637,0.0,0.0,0.0,0.0,0.0,0.0
"TIMOB-23373",False,"train",0.0,0.0,0.0,0.0,0.0,0.0,0.0,0.9821648001670837,0.0,0.0,0.0
"TIMOB-25590",False,"train",0.0,0.0,0.0,0.0,0.0,0.9850926399230957,0.0,0.0,0.0,0.0,0.0
"TIMOB-25891",True,"train",0.0,0.0,0.0,0.0,0.0,0.0,0.0,0.0,0.0,0.9944865703582764,0.0
"TIMOB-23422",False,"train",0.0,0.0,0.0,0.011361339129507542,0.0,0.0,0.0,0.9836466312408447,0.0,0.0,0.0
"TIMOB-26645",False,"train",0.0,0.7728570103645325,0.0,0.0,0.0,0.0,0.1735047698020935,0.04701404646039009,0.0,0.0,0.0
"TIMOB-20302",False,"train",0.0,0.0,0.0,0.0,0.32053375244140625,0.6553783416748047,0.0,0.0,0.0,0.0,0.0
"TIMOB-23253",False,"train",0.0,0.0,0.0,0.0,0.23881691694259644,0.7508205771446228,0.0,0.0,0.0,0.0,0.0
"TIMOB-25303",False,"train",0.0,0.0,0.0,0.0,0.0,0.0,0.0,0.9825021624565125,0.0,0.0,0.0
"TIMOB-20054",False,"train",0.0,0.0,0.0,0.0,0.0,0.0,0.9620999693870544,0.0,0.0,0.0,0.0
"TIMOB-19628",False,"train",0.0,0.9431191682815552,0.0,0.0,0.0,0.0,0.0,0.0,0.0,0.0,0.0
"TIMOB-20051",False,"train",0.0,0.0,0.0,0.0,0.0,0.9663053750991821,0.0,0.0,0.0,0.0,0.0
"TIMOB-23373",False,"train",0.0,0.0,0.0,0.0,0.0,0.0,0.0,0.9821648001670837,0.0,0.0,0.0
"TIMOB-19921",False,"train",0.16442425549030304,0.0,0.0,0.0,0.0,0.7874009013175964,0.0,0.0,0.0,0.0,0.0
"TIMOB-24011",False,"train",0.0,0.0,0.0,0.0,0.0,0.9834542274475098,0.0,0.0,0.0,0.0,0.0
"TIMOB-25179",False,"train",0.0,0.0,0.0,0.0,0.0,0.9783467054367065,0.0,0.0,0.0,0.0,0.0
"TIMOB-17333",False,"train",0.0,0.0,0.0,0.0,0.0,0.0,0.0,0.0,0.9242163300514221,0.0,0.0
"TIMOB-25223",False,"train",0.0,0.0,0.0,0.6476131081581116,0.0,0.0,0.0,0.3458365201950073,0.0,0.0,0.0
"TIMOB-25753",False,"train",0.0,0.0,0.0,0.0,0.0,0.0,0.0,0.01549849845468998,0.0,0.9779528379440308,0.0
"TIMOB-24364",True,"train",0.0,0.9880342483520508,0.0,0.0,0.0,0.0,0.0,0.0,0.0,0.0,0.0
"TIMOB-18582",False,"train",0.0,0.0,0.0,0.0,0.8040834665298462,0.17109563946723938,0.0,0.0,0.0,0.0,0.0
"TIMOB-19325",False,"train",0.0,0.0,0.0,0.9964197874069214,0.0,0.0,0.0,0.0,0.0,0.0,0.0
"TIMOB-19067",True,"train",0.0,0.0,0.0,0.0,0.0,0.9604387283325195,0.0,0.0,0.0,0.0,0.0
"TIMOB-19576",False,"train",0.012989310547709465,0.012989760376513004,0.012988741509616375,0.012988662347197533,0.012989495880901814,0.8701092600822449,0.012989375740289688,0.012988890521228313,0.01298907957971096,0.012988652102649212,0.012988818809390068
"TIMOB-19127",False,"train",0.0,0.0,0.0,0.0,0.0,0.0,0.0,0.5726590156555176,0.4134177565574646,0.0,0.0
"TIMOB-20295",False,"train",0.0,0.4025224447250366,0.0,0.0,0.0,0.5752947330474854,0.0,0.0,0.0,0.0,0.0
"TIMOB-24838",False,"train",0.0,0.987705647945404,0.0,0.0,0.0,0.0,0.0,0.0,0.0,0.0,0.0
"TIMOB-26340",False,"train",0.0,0.0,0.0,0.0,0.0,0.0,0.0,0.0,0.9778217077255249,0.0,0.0
"TIMOB-18878",False,"train",0.0,0.0,0.0,0.0,0.0,0.0,0.9850886464118958,0.0,0.0,0.0,0.0
"TIMOB-23283",False,"train",0.0,0.8329454064369202,0.0,0.0,0.0,0.0,0.0,0.15916302800178528,0.0,0.0,0.0
"TIMOB-24933",False,"train",0.0,0.3183858096599579,0.0,0.0,0.6702483892440796,0.0,0.0,0.0,0.0,0.0,0.0
"TIMOB-26206",False,"train",0.4678526520729065,0.0,0.0,0.0,0.0,0.518263041973114,0.0,0.0,0.0,0.0,0.0
"TIMOB-19269",False,"train",0.0,0.0,0.0,0.08254078030586243,0.0,0.8783511519432068,0.0,0.0,0.0,0.0,0.0
"TIMOB-23615",False,"train",0.0,0.990622878074646,0.0,0.0,0.0,0.0,0.0,0.0,0.0,0.0,0.0
"TIMOB-26137",False,"train",0.0,0.0,0.0,0.0,0.0,0.0,0.0,0.0,0.0,0.9663139581680298,0.0
"TIMOB-26459",False,"train",0.0,0.0,0.0,0.0,0.9928383231163025,0.0,0.0,0.0,0.0,0.0,0.0
"TIMOB-23252",False,"train",0.0,0.0,0.0,0.0,0.0,0.2230731099843979,0.0,0.7314453721046448,0.0,0.0,0.0
"TIMOB-26356",False,"train",0.0,0.0,0.0,0.0,0.0,0.9173158407211304,0.0,0.0,0.0,0.0,0.0
"TIMOB-23311",False,"train",0.0,0.0,0.0,0.0,0.0,0.9349846839904785,0.0,0.0,0.0,0.0,0.0
"TIMOB-23373",False,"train",0.0,0.0,0.0,0.0,0.0,0.0,0.0,0.9821648001670837,0.0,0.0,0.0
"TIMOB-19066",False,"train",0.0,0.0,0.0,0.0,0.0,0.0,0.0,0.9172589182853699,0.0,0.0,0.0
"TIMOB-25989",False,"train",0.0,0.0,0.0,0.0,0.34763669967651367,0.0,0.0,0.6475433111190796,0.0,0.0,0.0
"TIMOB-20192",False,"train",0.0,0.0,0.0,0.0,0.12595832347869873,0.8654227256774902,0.0,0.0,0.0,0.0,0.0
"TIMOB-20438",False,"train",0.0,0.0,0.0,0.0,0.0,0.0,0.9299956560134888,0.0,0.0,0.0,0.0
"TIMOB-7246",False,"train",0.0,0.8719661831855774,0.0,0.0,0.0,0.0,0.0,0.1222684383392334,0.0,0.0,0.0
"TIMOB-18458",False,"train",0.0,0.0,0.0,0.0,0.0,0.0,0.0,0.9621065855026245,0.0,0.0,0.0
"TIMOB-26411",False,"train",0.0,0.0,0.0,0.7982507348060608,0.0,0.0,0.18128404021263123,0.0,0.0,0.0,0.0
"TIMOB-24164",False,"train",0.0,0.0,0.0,0.0,0.0,0.9825048446655273,0.0,0.0,0.0,0.0,0.0
"TIMOB-26065",False,"train",0.0,0.0,0.0,0.0,0.0,0.9636212587356567,0.0,0.0,0.0,0.0,0.0
"TIMOB-24660",False,"train",0.0,0.0,0.0,0.20587784051895142,0.0,0.0,0.0,0.0,0.0,0.0,0.7863242030143738
"TIMOB-17568",False,"train",0.0,0.0,0.0,0.0,0.0,0.2608799934387207,0.0,0.0,0.0,0.7233805060386658,0.0
"TIMOB-17914",False,"train",0.514783501625061,0.0227374080568552,0.2805759012699127,0.02273866906762123,0.022738434374332428,0.022739317268133163,0.022737139835953712,0.02273726463317871,0.02273734100162983,0.022738508880138397,0.02273651771247387
"TIMOB-25565",False,"train",0.0,0.9968101978302002,0.0,0.0,0.0,0.0,0.0,0.0,0.0,0.0,0.0
"TIMOB-26835",False,"train",0.0,0.0,0.0,0.0,0.0,0.0,0.0,0.0,0.0,0.9853313565254211,0.0
"TIMOB-24766",False,"train",0.0,0.9464318752288818,0.0,0.0,0.0,0.0,0.0,0.0,0.0,0.0,0.0
"TIMOB-19351",False,"train",0.0,0.0,0.0,0.0,0.6899239420890808,0.0,0.0,0.28594115376472473,0.0,0.0,0.0
"TIMOB-24689",False,"train",0.0,0.0,0.0,0.0,0.0,0.9929515719413757,0.0,0.0,0.0,0.0,0.0
"TIMOB-25359",False,"train",0.0,0.0,0.0,0.0,0.0,0.0,0.0,0.9957470893859863,0.0,0.0,0.0
"TIMOB-23903",False,"train",0.9696869254112244,0.0,0.0,0.0,0.0,0.0,0.0,0.0,0.0,0.0,0.0
"TIMOB-25526",False,"train",0.0,0.0,0.0,0.0,0.0,0.0,0.0,0.0,0.0,0.9802250266075134,0.0
"TIMOB-24441",False,"train",0.0,0.0,0.0,0.0,0.9586604833602905,0.0,0.0,0.0,0.0,0.0,0.0
"TIMOB-20155",False,"train",0.0,0.0,0.0,0.0,0.0,0.0,0.0,0.0,0.9686453342437744,0.0,0.0
"TIMOB-23924",False,"train",0.0,0.0,0.0,0.0,0.0,0.0,0.0,0.9898934364318848,0.0,0.0,0.0
"TIMOB-24126",False,"train",0.0,0.9883403778076172,0.0,0.0,0.0,0.0,0.0,0.0,0.0,0.0,0.0
"TIMOB-19504",False,"train",0.0,0.40931904315948486,0.0,0.5534572005271912,0.0,0.0,0.0,0.0,0.0,0.0,0.0
"TIMOB-20204",False,"train",0.0,0.08349233865737915,0.0,0.0,0.0,0.0,0.0,0.9001390933990479,0.0,0.0,0.0
"TIMOB-24741",False,"train",0.0,0.0,0.0,0.9963748455047607,0.0,0.0,0.0,0.0,0.0,0.0,0.0
"TIMOB-19865",False,"train",0.0,0.0,0.0,0.11149141937494278,0.6027213931083679,0.0,0.0,0.26301297545433044,0.0,0.0,0.0
"TIMOB-19820",True,"train",0.0,0.0,0.0,0.0,0.51298588514328,0.0,0.0,0.0,0.0,0.14414270222187042,0.3376823663711548
"TIMOB-26651",False,"train",0.0,0.0,0.0,0.0,0.0,0.0,0.0,0.9860085844993591,0.0,0.0,0.0
"TIMOB-19628",False,"train",0.0,0.9431191682815552,0.0,0.0,0.0,0.0,0.0,0.0,0.0,0.0,0.0
"TIMOB-26242",False,"train",0.0,0.0,0.0,0.0,0.0,0.0,0.0,0.9919494390487671,0.0,0.0,0.0
"TIMOB-26221",False,"train",0.0,0.0,0.0,0.0,0.0,0.0,0.0,0.9952112436294556,0.0,0.0,0.0
"TIMOB-19493",False,"train",0.02275550737977028,0.022753631696105003,0.022753842175006866,0.022753505036234856,0.022753816097974777,0.7724584341049194,0.022754084318876266,0.022753886878490448,0.022754089906811714,0.022755533456802368,0.022753672674298286
"TIMOB-8898",False,"train",0.0,0.0,0.0,0.0,0.0,0.0,0.0,0.9897782206535339,0.0,0.0,0.0
"TIMOB-24063",False,"train",0.0,0.5322802662849426,0.0,0.0,0.0,0.44617587327957153,0.0,0.0,0.0,0.0,0.0
"TIMOB-26221",False,"train",0.0,0.0,0.0,0.0,0.0,0.0,0.0,0.9952112436294556,0.0,0.0,0.0
"TIMOB-24399",False,"train",0.0,0.3939991593360901,0.0,0.0,0.0,0.5849975347518921,0.0,0.0,0.0,0.0,0.0
"TIMOB-23570",False,"train",0.0,0.994711697101593,0.0,0.0,0.0,0.0,0.0,0.0,0.0,0.0,0.0
"TIMOB-24401",False,"train",0.0,0.395240843296051,0.0,0.046043019741773605,0.13414694368839264,0.0,0.0,0.4165082275867462,0.0,0.0,0.0
"TIMOB-18262",False,"train",0.0,0.38987478613853455,0.0,0.0,0.0,0.0,0.0,0.0,0.0,0.0,0.5994900465011597
"TIMOB-25689",False,"train",0.0,0.0,0.0,0.0,0.0,0.9949448704719543,0.0,0.0,0.0,0.0,0.0
"TIMOB-24210",False,"train",0.0,0.0,0.0,0.0,0.0,0.9621089696884155,0.0,0.0,0.0,0.0,0.0
"TIMOB-23275",False,"train",0.0,0.19506537914276123,0.0,0.0,0.0,0.0,0.0,0.19942495226860046,0.0,0.6007860898971558,0.0
"TIMOB-19012",False,"train",0.0,0.0,0.0,0.0,0.7019463777542114,0.0,0.0,0.0,0.0,0.0,0.2775828242301941
"TIMOB-19043",False,"train",0.0,0.0,0.0,0.0,0.0,0.0,0.9566757082939148,0.0,0.0,0.0,0.0
"TIMOB-20478",False,"train",0.939384400844574,0.0,0.0,0.0,0.0,0.0,0.0,0.0,0.0,0.0,0.0
"TIMOB-24654",False,"train",0.0,0.0,0.0,0.0,0.0,0.1109650582075119,0.0,0.8814559578895569,0.0,0.0,0.0
"TIMOB-24741",False,"train",0.0,0.0,0.0,0.9963748455047607,0.0,0.0,0.0,0.0,0.0,0.0,0.0
"TIMOB-18881",False,"train",0.01820056512951851,0.018202783539891243,0.018200473859906197,0.8179880380630493,0.018201008439064026,0.018201598897576332,0.01820027083158493,0.018201690167188644,0.018201537430286407,0.018200552091002464,0.018201513215899467
"TIMOB-20272",True,"train",0.0,0.0,0.0,0.0,0.9935898184776306,0.0,0.0,0.0,0.0,0.0,0.0
"TIMOB-25238",False,"train",0.0,0.0,0.0,0.05465180054306984,0.0,0.0,0.0,0.6736003160476685,0.0,0.0,0.26424267888069153
"TIMOB-26433",False,"train",0.0,0.0,0.0,0.0,0.0,0.995533287525177,0.0,0.0,0.0,0.0,0.0
"TIMOB-25897",False,"train",0.0,0.0,0.0,0.0,0.0,0.0,0.0,0.9855591058731079,0.0,0.0,0.0
"TIMOB-6995",False,"train",0.9930040836334229,0.0,0.0,0.0,0.0,0.0,0.0,0.0,0.0,0.0,0.0
"TIMOB-23873",False,"train",0.0,0.9173027873039246,0.0,0.0,0.0,0.0,0.0,0.0,0.0,0.0,0.0
"TIMOB-26524",False,"train",0.0,0.9855533838272095,0.0,0.0,0.0,0.0,0.0,0.0,0.0,0.0,0.0
"TIMOB-19997",False,"train",0.0,0.0,0.0,0.0,0.0,0.0,0.0,0.0,0.0,0.9696822166442871,0.0
"TIMOB-23834",False,"train",0.0,0.0,0.0,0.0,0.17868736386299133,0.0,0.0,0.0,0.0,0.7857040762901306,0.0
"TIMOB-23898",True,"train",0.0,0.8375198245048523,0.0,0.0,0.0,0.0,0.0,0.0,0.0,0.0,0.1588238626718521
"TIMOB-20534",False,"train",0.0,0.0,0.7425828576087952,0.2535894215106964,0.0,0.0,0.0,0.0,0.0,0.0,0.0
"TIMOB-23570",False,"train",0.0,0.994711697101593,0.0,0.0,0.0,0.0,0.0,0.0,0.0,0.0,0.0
"TIMOB-9606",False,"train",0.0,0.0,0.0,0.0,0.0,0.0,0.0,0.9920928478240967,0.0,0.0,0.0
"TIMOB-24071",False,"train",0.0,0.0,0.0,0.0,0.0,0.0,0.0,0.9857641458511353,0.0,0.0,0.0
"TIMOB-24689",False,"train",0.0,0.0,0.0,0.0,0.0,0.9929515719413757,0.0,0.0,0.0,0.0,0.0
"TIMOB-26014",False,"train",0.0,0.0,0.0,0.0,0.0,0.0,0.0,0.9911659955978394,0.0,0.0,0.0
"TIMOB-23833",False,"train",0.0,0.0,0.0,0.0,0.9802261590957642,0.0,0.0,0.0,0.0,0.0,0.0
"TIMOB-19682",False,"train",0.0,0.0,0.0,0.0,0.0,0.0,0.0,0.5358606576919556,0.0,0.0,0.4313785135746002
"TIMOB-26211",False,"train",0.0,0.0,0.0,0.5337178707122803,0.0,0.0,0.0,0.4594608545303345,0.0,0.0,0.0
"TIMOB-23554",False,"train",0.0,0.2674183249473572,0.0,0.0,0.0,0.7033395171165466,0.0,0.0,0.0,0.0,0.0
"TIMOB-26126",False,"train",0.0,0.0,0.0,0.0,0.0,0.0,0.0,0.0,0.0,0.0,0.980652391910553
"TIMOB-25679",False,"train",0.035123977810144424,0.0,0.9642488360404968,0.0,0.0,0.0,0.0,0.0,0.0,0.0,0.0
"TIMOB-19949",False,"train",0.0,0.2764419615268707,0.7086594104766846,0.0,0.0,0.0,0.0,0.0,0.0,0.0,0.0
"TIMOB-19692",False,"train",0.0,0.0,0.12633761763572693,0.0,0.0,0.0,0.0,0.0,0.8614441752433777,0.0,0.0
"TIMOB-20289",False,"train",0.0,0.0,0.0,0.0,0.0,0.9696752429008484,0.0,0.0,0.0,0.0,0.0
"TIMOB-26703",False,"train",0.0,0.0,0.0,0.0,0.1341986209154129,0.24894528090953827,0.6072793006896973,0.0,0.0,0.0,0.0
"TIMOB-23291",False,"train",0.0,0.0,0.0,0.0,0.0,0.3263949453830719,0.0,0.0,0.0,0.6652472615242004,0.0
"TIMOB-26275",False,"train",0.0,0.0,0.0,0.0,0.939376175403595,0.0,0.0,0.0,0.0,0.0,0.0
"TIMOB-24363",False,"train",0.0,0.0,0.0,0.0,0.0,0.0,0.0,0.0,0.0,0.9650084376335144,0.0
"TIMOB-19428",False,"train",0.0,0.0,0.0,0.0,0.0,0.9918794631958008,0.0,0.0,0.0,0.0,0.0
"TIMOB-17918",False,"train",0.02273618057370186,0.022733571007847786,0.022733407095074654,0.022733395919203758,0.022733420133590698,0.5014902949333191,0.022733772173523903,0.02273348905146122,0.02273378148674965,0.022734491154551506,0.29390424489974976
"TIMOB-19687",False,"train",0.0,0.0,0.9740079045295715,0.0,0.0,0.0,0.0,0.0,0.0,0.0,0.0
"TIMOB-24245",False,"train",0.0,0.0,0.6913893222808838,0.0,0.0,0.0,0.0,0.2822067141532898,0.0,0.0,0.0
"TIMOB-17924",True,"train",0.0,0.0,0.0,0.0,0.0,0.2488420307636261,0.0,0.6766772270202637,0.0,0.0,0.0
"TIMOB-19572",False,"train",0.0,0.0,0.0,0.0,0.0,0.9604327082633972,0.0,0.0,0.0,0.0,0.0
"TIMOB-24438",False,"train",0.8862812519073486,0.011371629312634468,0.011372585780918598,0.011371505446732044,0.01137180719524622,0.011372486129403114,0.011372112669050694,0.011371614411473274,0.011371704749763012,0.011371591128408909,0.011371760629117489
"TIMOB-24657",False,"train",0.0,0.0,0.0,0.18305030465126038,0.0,0.0,0.8130465745925903,0.0,0.0,0.0,0.0
"TIMOB-24894",False,"train",0.0,0.0,0.0,0.0,0.0,0.0,0.0,0.9909941554069519,0.0,0.0,0.0
"TIMOB-7564",False,"train",0.9772667288780212,0.0,0.0,0.0,0.0,0.0,0.0,0.0,0.0,0.0,0.0
"TIMOB-26703",False,"train",0.0,0.0,0.0,0.0,0.1341986209154129,0.24894528090953827,0.6072793006896973,0.0,0.0,0.0,0.0
"TIMOB-23531",False,"train",0.0,0.0,0.0,0.0,0.0,0.0,0.0,0.0,0.0,0.0,0.9947741031646729
"TIMOB-20598",False,"train",0.0,0.0,0.0,0.0,0.0,0.0,0.4388813376426697,0.5395816564559937,0.0,0.0,0.0
"TIMOB-23543",False,"train",0.0,0.0,0.0,0.0,0.0,0.10299443453550339,0.4788891077041626,0.0,0.0,0.0,0.40194734930992126
"TIMOB-24059",False,"train",0.0,0.0,0.0,0.0,0.0,0.9932146668434143,0.0,0.0,0.0,0.0,0.0
"TIMOB-26340",False,"train",0.0,0.0,0.0,0.0,0.0,0.0,0.0,0.0,0.9778217077255249,0.0,0.0
"TIMOB-18740",False,"train",0.0,0.0,0.0,0.0,0.0,0.0,0.0,0.0,0.9715802669525146,0.0,0.0
"TIMOB-19661",False,"train",0.0,0.0,0.0,0.037333179265260696,0.0,0.6400887370109558,0.0,0.20885324478149414,0.0,0.0,0.11110582202672958
"TIMOB-25565",False,"train",0.0,0.9968101978302002,0.0,0.0,0.0,0.0,0.0,0.0,0.0,0.0,0.0
"TIMOB-18905",True,"train",0.0,0.0,0.0,0.0,0.0,0.9732200503349304,0.0,0.0,0.0,0.0,0.0
"TIMOB-24903",False,"train",0.0,0.9821683764457703,0.0,0.0,0.0,0.0,0.0,0.0,0.0,0.0,0.0
"TIMOB-24802",False,"train",0.0,0.0,0.0,0.0,0.09772975742816925,0.0,0.0,0.8905403017997742,0.0,0.0,0.0
"TIMOB-24135",False,"train",0.0,0.9926643967628479,0.0,0.0,0.0,0.0,0.0,0.0,0.0,0.0,0.0
"TIMOB-24095",False,"train",0.0,0.9714789986610413,0.0,0.0,0.0,0.0,0.0,0.0,0.0,0.021524788811802864,0.0
"TIMOB-23749",False,"train",0.0,0.0,0.0,0.0,0.0,0.9810577034950256,0.0,0.0,0.0,0.0,0.0
"TIMOB-26007",False,"train",0.0,0.9241135716438293,0.0,0.0,0.0,0.0,0.0,0.0,0.0,0.0,0.0
"TIMOB-23308",False,"train",0.9696810245513916,0.0,0.0,0.0,0.0,0.0,0.0,0.0,0.0,0.0,0.0
"TIMOB-19533",False,"train",0.0,0.0,0.0,0.0,0.42118313908576965,0.0,0.0,0.0,0.0,0.5700099468231201,0.0
"TIMOB-25799",False,"train",0.0,0.6240482330322266,0.0,0.0,0.0,0.09062674641609192,0.0,0.0,0.0,0.0,0.27870500087738037
"TIMOB-23439",False,"train",0.0,0.0,0.0,0.0,0.0,0.0,0.0,0.9814375042915344,0.0,0.0,0.0
"TIMOB-26776",False,"train",0.0,0.0,0.0,0.0,0.5280404686927795,0.13796408474445343,0.317390114068985,0.0,0.0,0.0,0.0
"TIMOB-19157",False,"train",0.0,0.02780991420149803,0.0,0.0,0.966659426689148,0.0,0.0,0.0,0.0,0.0,0.0
"TIMOB-24679",False,"train",0.0,0.0,0.0,0.0,0.0,0.0,0.0,0.0,0.0,0.8775268197059631,0.09519078582525253
"TIMOB-26371",False,"train",0.0,0.0,0.0,0.0,0.0,0.997441291809082,0.0,0.0,0.0,0.0,0.0
"TIMOB-26355",False,"train",0.0,0.0,0.0,0.0,0.0,0.9173151850700378,0.0,0.0,0.0,0.0,0.0
"TIMOB-19276",False,"train",0.886292040348053,0.011370430700480938,0.011372414417564869,0.011370448395609856,0.011370493099093437,0.011370640248060226,0.011370540596544743,0.011370872147381306,0.011370859108865261,0.0113705825060606,0.011370694264769554
"TIMOB-26172",False,"train",0.0,0.25951018929481506,0.0,0.7373419404029846,0.0,0.0,0.0,0.0,0.0,0.0,0.0
"TIMOB-20228",False,"train",0.0,0.0,0.0,0.8154883980751038,0.0,0.16177009046077728,0.0,0.0,0.0,0.0,0.0
"TIMOB-19062",False,"train",0.0,0.9909948706626892,0.0,0.0,0.0,0.0,0.0,0.0,0.0,0.0,0.0
"TIMOB-24848",False,"train",0.0,0.0,0.0,0.5444607138633728,0.0,0.0,0.0,0.44367796182632446,0.0,0.0,0.0
"TIMOB-18899",False,"train",0.0,0.9870043396949768,0.0,0.0,0.0,0.0,0.0,0.0,0.0,0.0,0.0
"TIMOB-25382",False,"train",0.0,0.0,0.0,0.07484211027622223,0.0,0.0,0.0,0.37502458691596985,0.547300398349762,0.0,0.0
"TIMOB-26714",False,"train",0.0,0.9903223514556885,0.0,0.0,0.0,0.0,0.0,0.0,0.0,0.0,0.0
"TIMOB-19647",False,"train",0.0,0.0,0.0,0.0,0.0,0.0,0.0,0.0,0.0,0.0,0.9783442616462708
"TIMOB-25274",False,"train",0.0,0.9936411380767822,0.0,0.0,0.0,0.0,0.0,0.0,0.0,0.0,0.0
"TIMOB-17754",False,"train",0.0,0.0,0.0,0.0,0.0,0.0,0.0,0.9845832586288452,0.0,0.0,0.0
"TIMOB-26124",False,"train",0.18799957633018494,0.8016035556793213,0.0,0.0,0.0,0.0,0.0,0.0,0.0,0.0,0.0
"TIMOB-24249",False,"train",0.0,0.0,0.0,0.0,0.0,0.0,0.0,0.12366935610771179,0.0,0.0,0.8708713054656982
"TIMOB-19753",False,"train",0.0,0.0,0.0,0.0,0.0,0.5637666583061218,0.0,0.17815594375133514,0.0,0.0,0.25064295530319214
"TIMOB-18065",False,"train",0.0,0.6223952174186707,0.0,0.0,0.0,0.3686070740222931,0.0,0.0,0.0,0.0,0.0
"TIMOB-8784",False,"train",0.013002434745430946,0.4247061312198639,0.013002286665141582,0.013002491556107998,0.013003173284232616,0.45827069878578186,0.013003194704651833,0.013002346269786358,0.013002321124076843,0.013002520427107811,0.013002370484173298
"TIMOB-25405",False,"train",0.0,0.0,0.0,0.0,0.0,0.03822973743081093,0.9590889811515808,0.0,0.0,0.0,0.0
"TIMOB-26637",False,"train",0.0,0.29567646980285645,0.0,0.0,0.0,0.0,0.690440833568573,0.0,0.0,0.0,0.0
"TIMOB-23307",False,"train",0.0,0.0,0.0,0.6766937971115112,0.0,0.0,0.0,0.0,0.29179924726486206,0.0,0.0
"TIMOB-19249",False,"train",0.0,0.0,0.0,0.9277955889701843,0.0,0.0,0.0,0.0,0.07024549692869186,0.0,0.0
"TIMOB-23439",False,"train",0.0,0.0,0.0,0.0,0.0,0.0,0.0,0.9814375042915344,0.0,0.0,0.0
"TIMOB-24665",False,"train",0.0,0.0,0.0,0.0,0.0,0.0,0.0,0.0,0.0,0.0,0.9909976720809937
"TIMOB-25220",False,"train",0.0,0.0,0.0,0.0,0.0,0.0,0.0,0.7518685460090637,0.0,0.0,0.23932576179504395
"TIMOB-23278",False,"train",0.0,0.20959554612636566,0.0,0.0,0.0,0.7779905796051025,0.0,0.0,0.0,0.0,0.0
"TIMOB-25895",False,"train",0.46739405393600464,0.0,0.0,0.0,0.0,0.0,0.0,0.0,0.5223715305328369,0.0,0.0
"TIMOB-25043",False,"train",0.0,0.0,0.0,0.0,0.0,0.0,0.0,0.0,0.0,0.0,0.9797900319099426
"TIMOB-20526",False,"train",0.0,0.0,0.0,0.0,0.0,0.9772650003433228,0.0,0.0,0.0,0.0,0.0
"TIMOB-19555",False,"train",0.0,0.0,0.0,0.9897795915603638,0.0,0.0,0.0,0.0,0.0,0.0,0.0
"TIMOB-18409",False,"train",0.0,0.0,0.9715838432312012,0.0,0.0,0.0,0.0,0.0,0.0,0.0,0.0
"TIMOB-24828",False,"train",0.0,0.15527495741844177,0.0,0.8367002010345459,0.0,0.0,0.0,0.0,0.0,0.0,0.0
"TIMOB-25238",False,"train",0.0,0.0,0.0,0.05465180054306984,0.0,0.0,0.0,0.6736003160476685,0.0,0.0,0.26424267888069153
"TIMOB-23762",False,"train",0.0,0.0,0.0,0.0,0.6877329349517822,0.0,0.0,0.0,0.0,0.0,0.2999793589115143
"TIMOB-25860",False,"train",0.0,0.0,0.0,0.0,0.0,0.9242227077484131,0.0,0.0,0.0,0.0,0.0
"TIMOB-24814",False,"train",0.0,0.0,0.0,0.0,0.0,0.0,0.0,0.9864236116409302,0.0,0.0,0.0
"TIMOB-19157",False,"train",0.0,0.02780991420149803,0.0,0.0,0.966659426689148,0.0,0.0,0.0,0.0,0.0,0.0
"TIMOB-25563",False,"train",0.0,0.9870082139968872,0.0,0.0,0.0,0.0,0.0,0.0,0.0,0.0,0.0
"TIMOB-26779",False,"train",0.0,0.9853319525718689,0.0,0.0,0.0,0.0,0.0,0.0,0.0,0.0,0.0
"TIMOB-19010",False,"train",0.0,0.0,0.0,0.0,0.0,0.0,0.9837589859962463,0.0,0.0,0.0,0.0
"TIMOB-24738",False,"train",0.0,0.3659112751483917,0.0,0.0,0.6037600040435791,0.0,0.0,0.0,0.0,0.0,0.0
"TIMOB-18407",False,"train",0.0,0.15492598712444305,0.0,0.0,0.0,0.0,0.0,0.0,0.0,0.7451310157775879,0.09492047876119614
"TIMOB-25266",False,"train",0.0,0.3129372298717499,0.0,0.0,0.0,0.0,0.6796213388442993,0.0,0.0,0.0,0.0
"TIMOB-23509",False,"train",0.0,0.9604585766792297,0.0,0.0,0.0,0.0,0.0,0.0,0.0,0.0,0.0
"TIMOB-18734",True,"train",0.0,0.0,0.0,0.0,0.0,0.0,0.0,0.0,0.9740167856216431,0.0,0.0
"TIMOB-23598",False,"train",0.0,0.0,0.0,0.0,0.0,0.9802323579788208,0.0,0.0,0.0,0.0,0.0
"TIMOB-25931",False,"train",0.0,0.0,0.0,0.0,0.0,0.4622662663459778,0.0,0.0,0.4747183322906494,0.0,0.0
"TIMOB-18817",False,"train",0.012991410680115223,0.012990566901862621,0.01299089565873146,0.012990514747798443,0.012990579940378666,0.8700928688049316,0.012990648858249187,0.012990939430892467,0.012990687973797321,0.012990466319024563,0.012990378774702549
"TIMOB-26980",False,"train",0.0,0.0,0.0,0.0,0.0,0.2874324321746826,0.0,0.6860934495925903,0.0,0.0,0.0
"TIMOB-24665",False,"train",0.0,0.0,0.0,0.0,0.0,0.0,0.0,0.0,0.0,0.0,0.9909976720809937
"TIMOB-10835",False,"train",0.0,0.0,0.0,0.0,0.0,0.0,0.0,0.9875306487083435,0.0,0.0,0.0
"TIMOB-25223",False,"train",0.0,0.0,0.0,0.6476131081581116,0.0,0.0,0.0,0.3458365201950073,0.0,0.0,0.0
"TIMOB-23281",False,"train",0.0,0.9747331738471985,0.0,0.0,0.0,0.0,0.0,0.0,0.0,0.0,0.0
"TIMOB-23776",False,"train",0.0,0.0,0.0,0.0,0.35983070731163025,0.0,0.0,0.0,0.0,0.0,0.6119287014007568
"TIMOB-23683",False,"train",0.0,0.5026630759239197,0.0,0.0,0.0,0.469117671251297,0.0,0.0,0.0,0.0,0.0
"TIMOB-23319",False,"train",0.0,0.0,0.9740183353424072,0.0,0.0,0.0,0.0,0.0,0.0,0.0,0.0
"TIMOB-18504",False,"train",0.0,0.0,0.4344802498817444,0.0,0.0,0.49729692935943604,0.0,0.0,0.0,0.0,0.0
"TIMOB-20166",False,"train",0.0,0.6167956590652466,0.0,0.0,0.0,0.0,0.0,0.0,0.3459858000278473,0.0,0.0
"TIMOB-24085",False,"train",0.0,0.29409271478652954,0.0,0.0,0.0,0.0,0.0,0.15679867565631866,0.0,0.5367572903633118,0.0
"TIMOB-19428",False,"train",0.0,0.0,0.0,0.0,0.0,0.9918794631958008,0.0,0.0,0.0,0.0,0.0
"TIMOB-24984",False,"train",0.11640812456607819,0.1374891698360443,0.0,0.0,0.0,0.0,0.0,0.0,0.0,0.7416645288467407,0.0
"TIMOB-23560",False,"train",0.0,0.0,0.0,0.0,0.0,0.0,0.0,0.0,0.0,0.0,0.9956871271133423
"TIMOB-20289",False,"train",0.0,0.0,0.0,0.0,0.0,0.9696752429008484,0.0,0.0,0.0,0.0,0.0
"TIMOB-19496",False,"train",0.022764328867197037,0.02275942452251911,0.022759955376386642,0.022759174928069115,0.022759834304451942,0.022763080894947052,0.022760512307286263,0.022760001942515373,0.022760527208447456,0.7723935842514038,0.022759564220905304
"TIMOB-24906",False,"train",0.0,0.31420832872390747,0.0,0.0,0.0,0.24139298498630524,0.42924314737319946,0.0,0.0,0.0,0.0
"TIMOB-24117",False,"train",0.9604600071907043,0.0,0.0,0.0,0.0,0.0,0.0,0.0,0.0,0.0,0.0
"TIMOB-19533",False,"train",0.0,0.0,0.0,0.0,0.42118313908576965,0.0,0.0,0.0,0.0,0.5700099468231201,0.0
"TIMOB-10534",False,"train",0.0,0.0,0.0,0.0,0.7603345513343811,0.0,0.0,0.0,0.0,0.0,0.23448319733142853
"TIMOB-23343",True,"train",0.0,0.9843175411224365,0.0,0.0,0.0,0.0,0.0,0.0,0.0,0.0,0.0
"TIMOB-24827",False,"train",0.1553485244512558,0.7795203328132629,0.0,0.0,0.0,0.0,0.0,0.05580148473381996,0.0,0.0,0.0
"TIMOB-25540",False,"train",0.519171416759491,0.0,0.0,0.0,0.0,0.0,0.0,0.0,0.0,0.4729527533054352,0.0
"TIMOB-24443",False,"train",0.0,0.42275330424308777,0.0,0.5683390498161316,0.0,0.0,0.0,0.0,0.0,0.0,0.0
"TIMOB-24565",False,"train",0.0,0.5945764780044556,0.0,0.0,0.06598804891109467,0.286030113697052,0.0,0.0,0.0,0.05021505057811737,0.0
"TIMOB-19140",False,"train",0.0,0.930021345615387,0.0,0.0,0.0,0.0,0.0,0.0,0.0,0.0,0.0
"TIMOB-7564",False,"train",0.9772667288780212,0.0,0.0,0.0,0.0,0.0,0.0,0.0,0.0,0.0,0.0
"TIMOB-20569",False,"train",0.0,0.9621107578277588,0.0,0.0,0.0,0.0,0.0,0.0,0.0,0.0,0.0
"TIMOB-25689",False,"train",0.0,0.0,0.0,0.0,0.0,0.9949448704719543,0.0,0.0,0.0,0.0,0.0
"TIMOB-23627",True,"train",0.9837525486946106,0.0,0.0,0.0,0.0,0.0,0.0,0.0,0.0,0.0,0.0
"TIMOB-24157",False,"train",0.0,0.3030628263950348,0.0,0.0,0.0,0.6748164296150208,0.0,0.0,0.0,0.0,0.0
"TIMOB-18635",False,"train",0.0,0.0,0.0,0.0,0.0,0.987544059753418,0.0,0.0,0.0,0.0,0.0
"TIMOB-24710",False,"train",0.0,0.0,0.9956900477409363,0.0,0.0,0.0,0.0,0.0,0.0,0.0,0.0
"TIMOB-13398",False,"train",0.3816400170326233,0.0,0.0,0.5728397369384766,0.0,0.0,0.0,0.0,0.0,0.0,0.0
"TIMOB-18860",False,"train",0.0,0.0,0.0,0.0,0.0,0.0,0.0,0.9857766628265381,0.0,0.0,0.0
"TIMOB-12716",False,"train",0.0,0.9828334450721741,0.0,0.0,0.0,0.0,0.0,0.0,0.0,0.0,0.0
"TIMOB-24059",False,"valid",0.0,0.0,0.0,0.0,0.0,0.9932146668434143,0.0,0.0,0.0,0.0,0.0
"TIMOB-24869",False,"valid",0.0,0.1742219775915146,0.0,0.06939683109521866,0.0,0.0,0.0,0.0,0.0,0.7510297298431396,0.0
"TIMOB-18949",False,"valid",0.0,0.0,0.0,0.6431944966316223,0.0,0.33340713381767273,0.0,0.0,0.0,0.0,0.0
"TIMOB-25360",False,"valid",0.0,0.0,0.0,0.0,0.0,0.0,0.0,0.9875433444976807,0.0,0.0,0.0
"TIMOB-23130",False,"valid",0.0,0.0,0.0,0.9984155297279358,0.0,0.0,0.0,0.0,0.0,0.0,0.0
"TIMOB-7270",False,"valid",0.0,0.0,0.0,0.0,0.0,0.9797824025154114,0.0,0.0,0.0,0.0,0.0
"TIMOB-23319",False,"valid",0.0,0.0,0.9740183353424072,0.0,0.0,0.0,0.0,0.0,0.0,0.0,0.0
"TIMOB-17566",False,"valid",0.0,0.9886291027069092,0.0,0.0,0.0,0.0,0.0,0.0,0.0,0.0,0.0
"TIMOB-26424",False,"valid",0.0,0.0,0.0,0.6952478289604187,0.27443769574165344,0.0,0.0,0.0,0.0,0.0,0.0
"TIMOB-19774",False,"valid",0.0,0.9880339503288269,0.0,0.0,0.0,0.0,0.0,0.0,0.0,0.0,0.0
"TIMOB-19140",False,"valid",0.0,0.930021345615387,0.0,0.0,0.0,0.0,0.0,0.0,0.0,0.0,0.0
"TIMOB-24603",False,"valid",0.0,0.34458452463150024,0.0,0.0,0.0,0.6482881903648376,0.0,0.0,0.0,0.0,0.0
"TIMOB-25946",False,"valid",0.01011053565889597,0.010110259056091309,0.010110212489962578,0.010109934024512768,0.010110503993928432,0.010110698640346527,0.010110286064445972,0.010110200382769108,0.010110519826412201,0.8988960981369019,0.010110746137797832
"TIMOB-25794",False,"valid",0.0,0.9563992619514465,0.0,0.0,0.0,0.0,0.0,0.0353287011384964,0.0,0.0,0.0
"TIMOB-24022",False,"valid",0.0,0.0,0.0,0.0,0.0,0.0,0.0,0.9494646787643433,0.0,0.0,0.0
"TIMOB-26249",False,"valid",0.0,0.13402031362056732,0.0,0.0,0.0,0.0,0.0,0.0,0.0,0.860765278339386,0.0
"TIMOB-26719",False,"valid",0.0,0.18296143412590027,0.0,0.0,0.0,0.0,0.0,0.4420478343963623,0.0,0.0,0.3695061504840851
"TIMOB-19012",False,"valid",0.0,0.0,0.0,0.0,0.7019463777542114,0.0,0.0,0.0,0.0,0.0,0.2775828242301941
"TIMOB-26535",False,"valid",0.0,0.20456986129283905,0.0,0.0,0.0,0.6479434967041016,0.0,0.1359376460313797,0.0,0.0,0.0
"TIMOB-20155",False,"valid",0.0,0.0,0.0,0.0,0.0,0.0,0.0,0.0,0.9686453342437744,0.0,0.0
"TIMOB-26551",False,"valid",0.0,0.0,0.0,0.0,0.680814266204834,0.31174200773239136,0.0,0.0,0.0,0.0,0.0
"TIMOB-24560",False,"valid",0.0,0.0,0.0,0.0,0.9831579327583313,0.0,0.0,0.0,0.0,0.0,0.0
"TIMOB-20221",True,"valid",0.0,0.0,0.0,0.0,0.0,0.0,0.0,0.0,0.0,0.015224390663206577,0.9301833510398865
"TIMOB-11373",False,"valid",0.0,0.33761611580848694,0.6501666307449341,0.0,0.0,0.0,0.0,0.0,0.0,0.0,0.0
"TIMOB-24660",False,"valid",0.0,0.0,0.0,0.20587784051895142,0.0,0.0,0.0,0.0,0.0,0.0,0.7863242030143738
"TIMOB-25013",False,"valid",0.0,0.6666589975357056,0.0,0.0,0.32678845524787903,0.0,0.0,0.0,0.0,0.0,0.0
"TIMOB-24409",False,"valid",0.0,0.0,0.0,0.0,0.0,0.9300550818443298,0.0,0.0,0.0,0.0,0.0
"TIMOB-23486",False,"valid",0.0,0.9909966588020325,0.0,0.0,0.0,0.0,0.0,0.0,0.0,0.0,0.0
"TIMOB-26027",False,"valid",0.0,0.0,0.0,0.0,0.0,0.0,0.0,0.9889025092124939,0.0,0.0,0.0
"TIMOB-24903",False,"valid",0.0,0.9821683764457703,0.0,0.0,0.0,0.0,0.0,0.0,0.0,0.0,0.0
"TIMOB-23660",False,"valid",0.0,0.0,0.0,0.0,0.0,0.0,0.0,0.983161449432373,0.0,0.0,0.0
"TIMOB-23134",False,"valid",0.0,0.0,0.0,0.997702956199646,0.0,0.0,0.0,0.0,0.0,0.0,0.0
"TIMOB-24637",False,"valid",0.0,0.9873623251914978,0.0,0.0,0.0,0.0,0.0,0.0,0.0,0.0,0.0
"TIMOB-26177",False,"valid",0.0,0.17925231158733368,0.0,0.8175380825996399,0.0,0.0,0.0,0.0,0.0,0.0,0.0
"TIMOB-18155",False,"valid",0.0,0.08776088058948517,0.0,0.0,0.0,0.0,0.0,0.8406877517700195,0.0,0.0,0.07043574005365372
"TIMOB-19041",False,"valid",0.0,0.0,0.0,0.0,0.0,0.0,0.9464978575706482,0.0,0.0,0.0,0.0
"TIMOB-23341",False,"valid",0.0,0.0,0.0,0.0,0.9814384579658508,0.0,0.0,0.0,0.0,0.0,0.0
"TIMOB-24651",False,"valid",0.0,0.9650211334228516,0.0,0.0,0.0,0.0,0.0,0.0,0.0,0.0,0.0
"TIMOB-24095",False,"valid",0.0,0.9714789986610413,0.0,0.0,0.0,0.0,0.0,0.0,0.0,0.021524788811802864,0.0
"TIMOB-19843",False,"valid",0.0,0.0,0.0,0.0,0.0,0.9464515447616577,0.0,0.0,0.0,0.0,0.0
"TIMOB-19777",False,"valid",0.0,0.0,0.0,0.0,0.0,0.0,0.0,0.0,0.0,0.9706454277038574,0.0
"TIMOB-24386",False,"valid",0.0,0.0,0.0,0.0,0.8056823015213013,0.0,0.0,0.13743823766708374,0.0,0.048774875700473785,0.0
"TIMOB-20246",False,"valid",0.9242072105407715,0.0,0.0,0.0,0.0,0.0,0.0,0.0,0.0,0.0,0.0
"TIMOB-23969",False,"valid",0.0,0.0,0.0,0.0,0.0,0.0,0.0,0.952130138874054,0.0,0.0,0.0
"TIMOB-26003",False,"valid",0.0,0.5448403358459473,0.0,0.0,0.0,0.4005885124206543,0.0,0.0,0.0,0.0,0.0
"TIMOB-25253",False,"valid",0.26965928077697754,0.7215265035629272,0.0,0.0,0.0,0.0,0.0,0.0,0.0,0.0,0.0
"TIMOB-26090",False,"valid",0.0,0.6631824970245361,0.0,0.0,0.0,0.29588639736175537,0.0,0.0,0.0,0.0,0.0
"TIMOB-19997",False,"valid",0.0,0.0,0.0,0.0,0.0,0.0,0.0,0.0,0.0,0.9696822166442871,0.0
"TIMOB-25277",False,"valid",0.0,0.0,0.0,0.0,0.0,0.7540706992149353,0.0,0.23948350548744202,0.0,0.0,0.0
"TIMOB-26729",False,"valid",0.0,0.0,0.0,0.0,0.0,0.0,0.0,0.0,0.0,0.0,0.9905269145965576
"TIMOB-26325",False,"valid",0.0,0.0,0.0,0.0,0.0,0.963624894618988,0.0,0.0,0.0,0.0,0.0
"TIMOB-24023",False,"valid",0.0,0.0,0.0,0.0,0.666358470916748,0.0,0.0,0.0,0.0,0.0,0.32210981845855713
"TIMOB-26149",False,"valid",0.962114155292511,0.0,0.0,0.0,0.0,0.0,0.0,0.0,0.0,0.0,0.0
"TIMOB-19838",False,"valid",0.0,0.0,0.0,0.0,0.9904194474220276,0.0,0.0,0.0,0.0,0.0,0.0
"TIMOB-19028",False,"valid",0.0,0.0,0.0,0.0,0.9871886372566223,0.0,0.0,0.0,0.0,0.0,0.0
"TIMOB-24311",False,"valid",0.0,0.0,0.0,0.0,0.0,0.0,0.0,0.9892959594726562,0.0,0.0,0.0
"TIMOB-24050",False,"valid",0.0,0.9686194658279419,0.0,0.0,0.0,0.0,0.0,0.0,0.0,0.0,0.0
"TIMOB-20370",False,"valid",0.0,0.0,0.0,0.0,0.0,0.0,0.0,0.9834659695625305,0.0,0.0,0.0
"TIMOB-19994",False,"valid",0.0,0.0,0.0,0.0,0.0,0.1303688883781433,0.0,0.0,0.0,0.8522075414657593,0.0
"TIMOB-23191",False,"valid",0.0,0.0,0.30645471811294556,0.0,0.0,0.0,0.0,0.685673177242279,0.0,0.0,0.0
"TIMOB-24977",False,"valid",0.0,0.651050329208374,0.0,0.3416250944137573,0.0,0.0,0.0,0.0,0.0,0.0,0.0
"TIMOB-24237",False,"valid",0.0,0.9801641702651978,0.0,0.0,0.0,0.0,0.0,0.0,0.0,0.0,0.0
"TIMOB-19703",False,"valid",0.0,0.0,0.0,0.0,0.0,0.0,0.9431625604629517,0.0,0.0,0.0,0.0
"TIMOB-18913",False,"valid",0.0,0.5471243262290955,0.0,0.0,0.0,0.0,0.0,0.0,0.015007252804934978,0.4315403997898102,0.0
"TIMOB-24261",False,"valid",0.0,0.12066525965929031,0.8588560819625854,0.0,0.0,0.0,0.0,0.0,0.0,0.0,0.0
"TIMOB-24806",False,"valid",0.0,0.0,0.0,0.0,0.0,0.0,0.9685781002044678,0.0,0.0,0.0,0.0
"TIMOB-19119",False,"valid",0.0,0.0,0.0,0.989423930644989,0.0,0.0,0.0,0.0,0.0,0.0,0.0
"TIMOB-24730",False,"valid",0.0,0.0,0.0,0.0,0.0,0.9760556221008301,0.0,0.0,0.0,0.0,0.0
"TIMOB-23628",False,"valid",0.0,0.05362960323691368,0.0,0.0,0.0,0.0,0.0,0.0,0.0,0.9339687824249268,0.0
"TIMOB-26459",False,"valid",0.0,0.0,0.0,0.0,0.9928383231163025,0.0,0.0,0.0,0.0,0.0,0.0
"TIMOB-26144",False,"valid",0.0,0.0,0.0,0.0,0.0,0.0,0.0,0.0,0.0,0.9931100010871887,0.0
"TIMOB-26106",False,"valid",0.0,0.0,0.0,0.0,0.24811936914920807,0.7109068036079407,0.0,0.0,0.0,0.0,0.0
"TIMOB-26005",False,"valid",0.0,0.10233665257692337,0.0,0.0,0.0,0.8430923819541931,0.0,0.0,0.0,0.0,0.0
"TIMOB-24892",False,"valid",0.0,0.0,0.0,0.9966183304786682,0.0,0.0,0.0,0.0,0.0,0.0,0.0
"TIMOB-19127",False,"valid",0.0,0.0,0.0,0.0,0.0,0.0,0.0,0.5726590156555176,0.4134177565574646,0.0,0.0
"TIMOB-24810",False,"valid",0.0,0.0,0.0,0.0,0.0,0.0,0.9663168787956238,0.0,0.0,0.0,0.0
"TIMOB-24210",False,"valid",0.0,0.0,0.0,0.0,0.0,0.9621089696884155,0.0,0.0,0.0,0.0,0.0
"TIMOB-19516",False,"valid",0.0,0.0,0.0,0.7519628405570984,0.0,0.0,0.23060724139213562,0.0,0.0,0.0,0.0
"TIMOB-19659",False,"valid",0.30138376355171204,0.0,0.0,0.0,0.0,0.28584936261177063,0.4025198817253113,0.0,0.0,0.0,0.0
"TIMOB-19802",False,"valid",0.0,0.991653323173523,0.0,0.0,0.0,0.0,0.0,0.0,0.0,0.0,0.0
"TIMOB-24382",False,"valid",0.0,0.9877116084098816,0.0,0.0,0.0,0.0,0.0,0.0,0.0,0.0,0.0
"TIMOB-20155",False,"valid",0.0,0.0,0.0,0.0,0.0,0.0,0.0,0.0,0.9686453342437744,0.0,0.0
"TIMOB-24101",False,"valid",0.0,0.0,0.6563594341278076,0.0,0.0,0.0,0.31088683009147644,0.0,0.0,0.0,0.0
"TIMOB-19677",False,"valid",0.0,0.0,0.9621062874794006,0.0,0.0,0.0,0.0,0.0,0.0,0.0,0.0
"TIMOB-25010",False,"valid",0.0,0.0,0.0,0.0,0.0,0.0,0.0,0.9910825490951538,0.0,0.0,0.0
"TIMOB-23639",False,"valid",0.0,0.9948588609695435,0.0,0.0,0.0,0.0,0.0,0.0,0.0,0.0,0.0
"TIMOB-20605",False,"valid",0.0,0.0,0.0,0.0,0.9855663180351257,0.0,0.0,0.0,0.0,0.0,0.0
"TIMOB-23507",False,"valid",0.0,0.9012787938117981,0.0,0.0,0.0,0.07049465924501419,0.0,0.0,0.0,0.0,0.0
"TIMOB-26648",False,"valid",0.0,0.0,0.0,0.0,0.0,0.0,0.0,0.0,0.0,0.0,0.9886268377304077
"TIMOB-19859",False,"valid",0.0,0.0,0.0,0.0,0.0,0.0,0.0,0.0,0.0,0.0,0.9299647808074951
"TIMOB-20100",False,"valid",0.0,0.5646894574165344,0.0,0.37732526659965515,0.0,0.0,0.0,0.0482603944838047,0.0,0.0,0.0
"TIMOB-23968",False,"valid",0.0,0.6034468412399292,0.0,0.0,0.0,0.0,0.17675010859966278,0.21153150498867035,0.0,0.0,0.0
"TIMOB-20370",False,"valid",0.0,0.0,0.0,0.0,0.0,0.0,0.0,0.9834659695625305,0.0,0.0,0.0
"TIMOB-23924",False,"valid",0.0,0.0,0.0,0.0,0.0,0.0,0.0,0.9898934364318848,0.0,0.0,0.0
"TIMOB-17901",False,"valid",0.011375920847058296,0.01137556228786707,0.886242151260376,0.011375520378351212,0.011375666595995426,0.011375957168638706,0.01137629710137844,0.011375677771866322,0.011375872418284416,0.011375672183930874,0.01137566938996315
"TIMOB-24059",False,"valid",0.0,0.0,0.0,0.0,0.0,0.9932146668434143,0.0,0.0,0.0,0.0,0.0
"TIMOB-26884",False,"valid",0.9090686440467834,0.0,0.0,0.0,0.0,0.0,0.0,0.0,0.0,0.0,0.0
"TIMOB-20000",False,"valid",0.0,0.0,0.0,0.0,0.0,0.0,0.0,0.9696662425994873,0.0,0.0,0.0
"TIMOB-25542",False,"valid",0.0,0.0,0.9915793538093567,0.0,0.0,0.0,0.0,0.0,0.0,0.0,0.0
"TIMOB-24331",False,"valid",0.0,0.21038523316383362,0.0,0.0,0.0,0.4984855055809021,0.0,0.2807307243347168,0.0,0.0,0.0
"TIMOB-19224",False,"valid",0.9393694400787354,0.0,0.0,0.0,0.0,0.0,0.0,0.0,0.0,0.0,0.0
"TIMOB-19504",False,"valid",0.0,0.40931904315948486,0.0,0.5534572005271912,0.0,0.0,0.0,0.0,0.0,0.0,0.0
"TIMOB-23509",False,"valid",0.0,0.9604585766792297,0.0,0.0,0.0,0.0,0.0,0.0,0.0,0.0,0.0
"TIMOB-19384",False,"valid",0.0,0.0,0.0,0.5354995131492615,0.0,0.43033909797668457,0.0,0.0,0.0,0.0,0.0
"TIMOB-25542",False,"valid",0.0,0.0,0.9915793538093567,0.0,0.0,0.0,0.0,0.0,0.0,0.0,0.0
"TIMOB-23594",False,"valid",0.0,0.0,0.0,0.0,0.0,0.6215603351593018,0.3606489896774292,0.0,0.0,0.0,0.0
"TIMOB-26008",False,"valid",0.0,0.0,0.0,0.0,0.0,0.0,0.6422079205513,0.0,0.35082516074180603,0.0,0.0
"TIMOB-25031",False,"valid",0.4797680974006653,0.5177053213119507,0.0,0.0,0.0,0.0,0.0,0.0,0.0,0.0,0.0
"TIMOB-26667",False,"valid",0.0,0.0,0.0,0.0,0.9831514954566956,0.0,0.0,0.0,0.0,0.0,0.0
"TIMOB-19639",False,"valid",0.0,0.0,0.0,0.9918784499168396,0.0,0.0,0.0,0.0,0.0,0.0,0.0
"TIMOB-20095",False,"valid",0.0,0.0,0.33700811862945557,0.0,0.0,0.0,0.0,0.6538955569267273,0.0,0.0,0.0
"TIMOB-19268",False,"valid",0.0,0.0,0.8646185994148254,0.0,0.0,0.12461263686418533,0.0,0.0,0.0,0.0,0.0
"TIMOB-24906",False,"valid",0.0,0.31420832872390747,0.0,0.0,0.0,0.24139298498630524,0.42924314737319946,0.0,0.0,0.0,0.0
"TIMOB-20201",False,"valid",0.0,0.0,0.0,0.0,0.0,0.0,0.0,0.0,0.0,0.0,0.9818012118339539
"TIMOB-18745",False,"valid",0.0,0.0,0.0,0.0,0.0,0.0,0.0,0.0,0.970666766166687,0.0,0.0
"TIMOB-26137",False,"valid",0.0,0.0,0.0,0.0,0.0,0.0,0.0,0.0,0.0,0.9663139581680298,0.0
"TIMOB-23565",True,"valid",0.0,0.0,0.0,0.4166228473186493,0.0,0.0,0.0,0.11452721059322357,0.0,0.0,0.45899999141693115
"TIMOB-25835",True,"valid",0.22411112487316132,0.7180919647216797,0.0,0.0,0.02862386219203472,0.0,0.0,0.0,0.0,0.0,0.0
"TIMOB-18152",True,"valid",0.0,0.0,0.0,0.0,0.0,0.0,0.9891740083694458,0.0,0.0,0.0,0.0
"TIMOB-18573",False,"valid",0.0,0.0,0.0,0.0,0.0,0.9766757488250732,0.0,0.0,0.0,0.0,0.0
"TIMOB-23749",False,"valid",0.0,0.0,0.0,0.0,0.0,0.9810577034950256,0.0,0.0,0.0,0.0,0.0
"TIMOB-20418",False,"valid",0.0,0.0,0.9860041737556458,0.0,0.0,0.0,0.0,0.0,0.0,0.0,0.0
"TIMOB-24285",False,"valid",0.8806237578392029,0.11870520561933517,0.0,0.0,0.0,0.0,0.0,0.0,0.0,0.0,0.0
"TIMOB-20257",False,"valid",0.0,0.0,0.0,0.0,0.9929430484771729,0.0,0.0,0.0,0.0,0.0,0.0
"TIMOB-18409",False,"valid",0.0,0.0,0.9715838432312012,0.0,0.0,0.0,0.0,0.0,0.0,0.0,0.0
"TIMOB-18453",False,"valid",0.015158409252762794,0.015157928690314293,0.015157828107476234,0.015158175490796566,0.015158228576183319,0.015157836489379406,0.015158365480601788,0.8484191298484802,0.015158010646700859,0.015158003196120262,0.015158060938119888
"TIMOB-19104",False,"valid",0.0,0.0,0.0,0.0,0.0,0.0,0.7911222577095032,0.0,0.0,0.18326088786125183,0.0
"TIMOB-20478",False,"valid",0.939384400844574,0.0,0.0,0.0,0.0,0.0,0.0,0.0,0.0,0.0,0.0
"TIMOB-23141",False,"valid",0.0,0.0,0.0,0.0,0.0,0.0,0.0,0.0,0.0,0.9935935735702515,0.0
"TIMOB-24283",False,"valid",0.0,0.0,0.0,0.0,0.0,0.16694830358028412,0.0,0.6928583979606628,0.12470504641532898,0.0,0.0
"TIMOB-25119",False,"valid",0.0,0.0,0.0,0.0,0.9636256694793701,0.0,0.0,0.0,0.0,0.0,0.0
"TIMOB-19856",False,"valid",0.0,0.0,0.0,0.0,0.96966153383255,0.0,0.0,0.0,0.0,0.0,0.0
"TIMOB-23498",False,"valid",0.9905262589454651,0.0,0.0,0.0,0.0,0.0,0.0,0.0,0.0,0.0,0.0
"TIMOB-20627",False,"valid",0.0,0.0,0.0,0.0,0.0,0.0,0.0,0.9821678996086121,0.0,0.0,0.0
"TIMOB-18941",False,"valid",0.0,0.0,0.0,0.0,0.0,0.979332685470581,0.0,0.0,0.0,0.0,0.0
"TIMOB-26340",False,"valid",0.0,0.0,0.0,0.0,0.0,0.0,0.0,0.0,0.9778217077255249,0.0,0.0
"TIMOB-24175",False,"valid",0.0,0.019635777920484543,0.0,0.0,0.0,0.0,0.0,0.0,0.0,0.0,0.9737099409103394
"TIMOB-17525",False,"valid",0.4529254734516144,0.0,0.0,0.0,0.0,0.5236724019050598,0.0,0.0,0.0,0.0,0.0
"TIMOB-23847",False,"valid",0.0,0.0,0.0,0.0,0.0,0.0,0.0,0.0,0.0,0.9754201769828796,0.0
"TIMOB-24866",False,"valid",0.0,0.55912184715271,0.0,0.43629735708236694,0.0,0.0,0.0,0.0,0.0,0.0,0.0
"TIMOB-24831",False,"valid",0.10487747937440872,0.33435580134391785,0.0,0.5549899339675903,0.0,0.0,0.0,0.0,0.0,0.0,0.0
"TIMOB-23833",False,"valid",0.0,0.0,0.0,0.0,0.9802261590957642,0.0,0.0,0.0,0.0,0.0,0.0
"TIMOB-23596",False,"valid",0.0,0.0,0.0,0.0,0.0,0.8666408061981201,0.1155497133731842,0.0,0.0,0.0,0.0
"TIMOB-26331",False,"valid",0.0,0.9828344583511353,0.0,0.0,0.0,0.0,0.0,0.0,0.0,0.0,0.0
"TIMOB-19249",False,"valid",0.0,0.0,0.0,0.9277955889701843,0.0,0.0,0.0,0.0,0.07024549692869186,0.0,0.0
"TIMOB-25939",False,"valid",0.0,0.0,0.0,0.0,0.0,0.0,0.0,0.5435285568237305,0.0,0.44449442625045776,0.0
"TIMOB-23329",False,"valid",0.0,0.0,0.0,0.0,0.0,0.0,0.0,0.28943338990211487,0.6423552632331848,0.0,0.0
"TIMOB-20158",False,"valid",0.0,0.822715163230896,0.0,0.0,0.0,0.1602126508951187,0.0,0.0,0.0,0.0,0.0
"TIMOB-23264",False,"valid",0.0,0.0,0.0,0.0,0.0,0.9636251926422119,0.0,0.0,0.0,0.0,0.0
"TIMOB-26788",False,"valid",0.0,0.0,0.0,0.0,0.0,0.0,0.0,0.9675154685974121,0.0,0.0,0.0
"TIMOB-23441",False,"valid",0.0,0.014157340861856937,0.0,0.0,0.0,0.0,0.0,0.4684896767139435,0.0,0.5049921274185181,0.0
"TIMOB-9606",False,"valid",0.0,0.0,0.0,0.0,0.0,0.0,0.0,0.9920928478240967,0.0,0.0,0.0
"TIMOB-17909",False,"valid",0.015166189521551132,0.015164989978075027,0.015165431424975395,0.01516499649733305,0.015164930373430252,0.015165416523814201,0.015165228396654129,0.015165098011493683,0.015165451914072037,0.848347008228302,0.015165223740041256
"TIMOB-25223",False,"valid",0.0,0.0,0.0,0.6476131081581116,0.0,0.0,0.0,0.3458365201950073,0.0,0.0,0.0
"TIMOB-25941",True,"valid",0.0,0.9278403520584106,0.0,0.0,0.0,0.0,0.0,0.06875714659690857,0.0,0.0,0.0
"TIMOB-18629",False,"valid",0.0,0.0,0.0,0.0,0.0,0.9855638146400452,0.0,0.0,0.0,0.0,0.0
"TIMOB-19474",False,"valid",0.0,0.0,0.0,0.0,0.0,0.9586400389671326,0.0,0.0,0.0,0.0,0.0
"TIMOB-17898",False,"valid",0.02276391163468361,0.022759996354579926,0.0227599386125803,0.022759171202778816,0.0227598175406456,0.022763192653656006,0.02276049554347992,0.02275998517870903,0.022760506719350815,0.7723934650421143,0.02275954559445381
"TIMOB-24664",False,"valid",0.0,0.0,0.0,0.0,0.0,0.9464990496635437,0.0,0.0,0.0,0.0,0.0
"TIMOB-19009",False,"valid",0.0,0.0,0.0,0.0,0.0,0.0,0.0,0.0,0.0,0.9887688755989075,0.0
"TIMOB-19722",False,"valid",0.0,0.0,0.0,0.0,0.0,0.0,0.9520833492279053,0.0,0.0,0.0,0.0
"TIMOB-24459",False,"valid",0.0,0.11262793093919754,0.0,0.0,0.0,0.0,0.0,0.0,0.0,0.8815210461616516,0.0
"TIMOB-24125",False,"valid",0.0,0.9912550449371338,0.0,0.0,0.0,0.0,0.0,0.0,0.0,0.0,0.0
"TIMOB-23454",False,"valid",0.0,0.30084991455078125,0.0,0.0,0.0,0.0,0.0,0.0,0.6757684350013733,0.0,0.0
"TIMOB-25965",False,"valid",0.0,0.0,0.0,0.0,0.9586526155471802,0.0,0.0,0.0,0.0,0.0,0.0
"TIMOB-20281",True,"valid",0.0,0.0,0.0,0.0,0.0,0.0,0.0,0.0,0.0,0.9766796827316284,0.0
"TIMOB-26833",False,"valid",0.0,0.0,0.0,0.0,0.0,0.9814207553863525,0.0,0.0,0.0,0.0,0.0
"TIMOB-25932",False,"valid",0.0,0.0,0.0,0.0,0.0,0.45942094922065735,0.5360561013221741,0.0,0.0,0.0,0.0
"TIMOB-24810",False,"valid",0.0,0.0,0.0,0.0,0.0,0.0,0.9663168787956238,0.0,0.0,0.0,0.0
"TIMOB-15415",False,"valid",0.0,0.0,0.0,0.0,0.0,0.9760676622390747,0.0,0.0,0.0,0.0,0.0
"TIMOB-25590",False,"valid",0.0,0.0,0.0,0.0,0.0,0.9850926399230957,0.0,0.0,0.0,0.0,0.0
"TIMOB-19869",False,"valid",0.010108144953846931,0.010108533315360546,0.010108064860105515,0.010108084417879581,0.010108089074492455,0.01010865904390812,0.8989176154136658,0.01010820921510458,0.010108446702361107,0.010108270682394505,0.010107859037816525
"TIMOB-19469",False,"valid",0.0,0.0,0.0,0.0,0.0,0.9959028363227844,0.0,0.0,0.0,0.0,0.0
"TIMOB-20232",False,"valid",0.0,0.0,0.0,0.0,0.0,0.0,0.0,0.0,0.9241944551467896,0.0,0.0
"TIMOB-18162",False,"valid",0.0,0.0,0.0,0.0,0.0,0.9732444286346436,0.0,0.0,0.0,0.0,0.0
"TIMOB-19969",False,"valid",0.0,0.0,0.0,0.0,0.0,0.0,0.0,0.0,0.0,0.0,0.9828404188156128
"TIMOB-25360",False,"valid",0.0,0.0,0.0,0.0,0.0,0.0,0.0,0.9875433444976807,0.0,0.0,0.0
"TIMOB-26128",False,"valid",0.6347509026527405,0.0,0.0,0.0,0.35319116711616516,0.0,0.0,0.0,0.0,0.0,0.0
"TIMOB-24259",False,"valid",0.0,0.0,0.0,0.0,0.0,0.9871892929077148,0.0,0.0,0.0,0.0,0.0
"TIMOB-24560",False,"valid",0.0,0.0,0.0,0.0,0.9831579327583313,0.0,0.0,0.0,0.0,0.0,0.0
"TIMOB-23512",False,"valid",0.0,0.0,0.0,0.0,0.0,0.0,0.0,0.0,0.9917244911193848,0.0,0.0
"TIMOB-20599",True,"valid",0.0,0.9917274117469788,0.0,0.0,0.0,0.0,0.0,0.0,0.0,0.0,0.0
"TIMOB-18635",False,"valid",0.0,0.0,0.0,0.0,0.0,0.987544059753418,0.0,0.0,0.0,0.0,0.0
"TIMOB-17993",False,"valid",0.0,0.0,0.0,0.0,0.9947705268859863,0.0,0.0,0.0,0.0,0.0,0.0
"TIMOB-25844",True,"valid",0.0,0.0,0.0,0.0,0.9350219368934631,0.0,0.0,0.0,0.0,0.0,0.0
"TIMOB-26218",False,"valid",0.0,0.0,0.0,0.0,0.05692720785737038,0.0,0.0,0.0,0.0,0.9339517951011658,0.0
"TIMOB-24177",False,"valid",0.0,0.0,0.0,0.9965202212333679,0.0,0.0,0.0,0.0,0.0,0.0,0.0
"TIMOB-24818",False,"valid",0.0,0.9917334914207458,0.0,0.0,0.0,0.0,0.0,0.0,0.0,0.0,0.0
"TIMOB-23365",False,"valid",0.0,0.9845861792564392,0.0,0.0,0.0,0.0,0.0,0.0,0.0,0.0,0.0
"TIMOB-23448",False,"valid",0.0,0.0,0.0,0.0,0.0,0.9586650133132935,0.0,0.0,0.0,0.0,0.0
"TIMOB-20413",False,"valid",0.0,0.0,0.0,0.0,0.0,0.0,0.0,0.0,0.9675268530845642,0.0,0.0
"TIMOB-20228",False,"valid",0.0,0.0,0.0,0.8154883980751038,0.0,0.16177009046077728,0.0,0.0,0.0,0.0,0.0
"TIMOB-25237",False,"valid",0.0,0.0,0.0,0.0,0.0,0.0,0.0,0.9747365713119507,0.0,0.0,0.0
"TIMOB-26090",False,"valid",0.0,0.6631824970245361,0.0,0.0,0.0,0.29588639736175537,0.0,0.0,0.0,0.0,0.0
"TIMOB-23875",False,"valid",0.0,0.0,0.0,0.0,0.0,0.0,0.0,0.0,0.0,0.0,0.9896767139434814
"TIMOB-24532",False,"valid",0.0,0.0,0.0,0.0,0.0,0.0,0.0,0.0,0.0,0.9828401207923889,0.0
"TIMOB-24827",False,"valid",0.1553485244512558,0.7795203328132629,0.0,0.0,0.0,0.0,0.0,0.05580148473381996,0.0,0.0,0.0
"TIMOB-23762",False,"valid",0.0,0.0,0.0,0.0,0.6877329349517822,0.0,0.0,0.0,0.0,0.0,0.2999793589115143
"TIMOB-23281",False,"valid",0.0,0.9747331738471985,0.0,0.0,0.0,0.0,0.0,0.0,0.0,0.0,0.0
"TIMOB-24531",False,"valid",0.0,0.9873676300048828,0.0,0.0,0.0,0.0,0.0,0.0,0.0,0.0,0.0
"TIMOB-23124",False,"valid",0.0,0.0,0.0,0.0,0.0,0.0,0.0,0.0,0.0,0.99704509973526,0.0
"TIMOB-17901",False,"valid",0.011375920847058296,0.01137556228786707,0.886242151260376,0.011375520378351212,0.011375666595995426,0.011375957168638706,0.01137629710137844,0.011375677771866322,0.011375872418284416,0.011375672183930874,0.01137566938996315
"TIMOB-18761",False,"valid",0.015158752910792828,0.015159890055656433,0.015158555470407009,0.015159654431045055,0.8484069108963013,0.01516002882272005,0.015159005299210548,0.015160368755459785,0.015159080736339092,0.015158525668084621,0.015159258618950844
"TIMOB-18313",False,"valid",0.8699684739112854,0.013002495281398296,0.013003239408135414,0.013002796098589897,0.013002938590943813,0.013004203327000141,0.013003608211874962,0.01300274021923542,0.01300332136452198,0.013003949075937271,0.013002267107367516
"TIMOB-24752",False,"valid",0.0,0.0,0.0,0.0,0.0,0.0,0.0,0.9566686153411865,0.0,0.0,0.0
"TIMOB-17912",False,"valid",0.8181275129318237,0.018190577626228333,0.01818624511361122,0.01818658784031868,0.018187090754508972,0.018187111243605614,0.018186477944254875,0.01818733476102352,0.018186606466770172,0.018187928944826126,0.018186498433351517
"TIMOB-24861",False,"valid",0.0,0.6818320751190186,0.0,0.0,0.0,0.0,0.0,0.0,0.0,0.0,0.3072563707828522
"TIMOB-24669",False,"valid",0.0,0.0,0.9604568481445312,0.0,0.0,0.0,0.0,0.0,0.0,0.0,0.0
"TIMOB-26638",False,"valid",0.0,0.0,0.0,0.0,0.0,0.3498285412788391,0.42122820019721985,0.2225501537322998,0.0,0.0,0.0
"TIMOB-25273",False,"valid",0.0,0.8383638858795166,0.0,0.0,0.0,0.0,0.0,0.15457108616828918,0.0,0.0,0.0
"TIMOB-24591",False,"valid",0.3389144241809845,0.0,0.0,0.0,0.0,0.0,0.0,0.6415786147117615,0.0,0.0,0.0
"TIMOB-24010",False,"valid",0.0,0.0,0.9465157389640808,0.0,0.0,0.0,0.0,0.0,0.0,0.0,0.0
"TIMOB-19055",False,"valid",0.0,0.0,0.5454372763633728,0.0,0.0,0.43552637100219727,0.0,0.0,0.0,0.0,0.0
"TIMOB-19784",False,"valid",0.0,0.0,0.0,0.0,0.0,0.0,0.0,0.0,0.0,0.9914997816085815,0.0
"TIMOB-23308",False,"valid",0.9696810245513916,0.0,0.0,0.0,0.0,0.0,0.0,0.0,0.0,0.0,0.0
"TIMOB-24304",False,"valid",0.0,0.0,0.0,0.0,0.0,0.0,0.0,0.9840342402458191,0.0,0.0,0.0
"TIMOB-26451",False,"valid",0.0,0.0,0.0,0.0,0.0,0.9760608077049255,0.0,0.0,0.0,0.0,0.0
"TIMOB-25946",False,"valid",0.01011053565889597,0.010110259056091309,0.010110212489962578,0.010109934024512768,0.010110503993928432,0.010110698640346527,0.010110286064445972,0.010110200382769108,0.010110519826412201,0.8988960981369019,0.010110746137797832
"TIMOB-23881",False,"valid",0.0,0.0,0.0,0.0,0.0,0.9636175036430359,0.0,0.0,0.0,0.0,0.0
"TIMOB-24041",False,"valid",0.0,0.0,0.0,0.0,0.0,0.0,0.0,0.0,0.0,0.0,0.96630859375
"TIMOB-26534",False,"valid",0.3260986804962158,0.0,0.0,0.0,0.0,0.0,0.382885605096817,0.2814369797706604,0.0,0.0,0.0
"TIMOB-23557",False,"valid",0.0,0.0,0.0,0.0,0.0,0.985792338848114,0.0,0.0,0.0,0.0,0.0
"TIMOB-26003",False,"valid",0.0,0.5448403358459473,0.0,0.0,0.0,0.4005885124206543,0.0,0.0,0.0,0.0,0.0
"TIMOB-24174",False,"valid",0.0,0.0,0.0,0.0,0.9783356189727783,0.0,0.0,0.0,0.0,0.0,0.0
"TIMOB-24659",False,"valid",0.0,0.0,0.0,0.0,0.0,0.0,0.0,0.0,0.9766814708709717,0.0,0.0
"TIMOB-19609",True,"valid",0.0,0.0,0.0,0.0,0.0,0.0,0.0,0.0,0.0,0.0,0.9978348016738892
"TIMOB-24417",False,"valid",0.0,0.0,0.0,0.0,0.5967825651168823,0.0,0.0,0.38805872201919556,0.0,0.0,0.0
"TIMOB-26556",False,"valid",0.0,0.0,0.0,0.0,0.0,0.26341068744659424,0.0,0.0,0.0,0.7260953783988953,0.0
"TIMOB-24402",False,"valid",0.0,0.0,0.0,0.0,0.0,0.9845877289772034,0.0,0.0,0.0,0.0,0.0
"TIMOB-24010",False,"valid",0.0,0.0,0.9465157389640808,0.0,0.0,0.0,0.0,0.0,0.0,0.0,0.0
"TIMOB-19139",False,"valid",0.0,0.9635969996452332,0.0,0.0,0.0,0.0,0.0,0.0,0.0,0.0,0.0
"TIMOB-23262",False,"valid",0.0,0.0,0.0,0.0,0.0,0.0,0.0,0.8540369272232056,0.0,0.12497556209564209,0.0
"TIMOB-23621",False,"valid",0.0,0.8329156637191772,0.0,0.1625617891550064,0.0,0.0,0.0,0.0,0.0,0.0,0.0
"TIMOB-23877",False,"valid",0.0,0.0,0.0,0.0,0.0,0.9793322682380676,0.0,0.0,0.0,0.0,0.0
"TIMOB-23299",False,"valid",0.0,0.0,0.0,0.0,0.0,0.9772565960884094,0.0,0.0,0.0,0.0,0.0
"TIMOB-26211",False,"valid",0.0,0.0,0.0,0.5337178707122803,0.0,0.0,0.0,0.4594608545303345,0.0,0.0,0.0
"TIMOB-24319",False,"valid",0.0,0.040840644389390945,0.0,0.0,0.0,0.5882813334465027,0.0,0.3670461177825928,0.0,0.0,0.0
"TIMOB-19896",False,"valid",0.0,0.0,0.0,0.0,0.9953816533088684,0.0,0.0,0.0,0.0,0.0,0.0
"TIMOB-26181",False,"valid",0.0,0.0,0.0,0.0,0.0,0.33173516392707825,0.0,0.0,0.6170867085456848,0.0,0.0
"TIMOB-19090",False,"valid",0.0,0.9887599349021912,0.0,0.0,0.0,0.0,0.0,0.0,0.0,0.0,0.0
"TIMOB-19518",False,"valid",0.0,0.0,0.0,0.0,0.0,0.9864219427108765,0.0,0.0,0.0,0.0,0.0
"TIMOB-18556",False,"valid",0.33105728030204773,0.012994113378226757,0.5519932508468628,0.012993939220905304,0.012994344346225262,0.01299550011754036,0.012994732707738876,0.012994098477065563,0.012994252145290375,0.01299414224922657,0.01299434807151556
"TIMOB-19793",False,"valid",0.981434166431427,0.0,0.0,0.0,0.0,0.0,0.0,0.0,0.0,0.0,0.0
"TIMOB-23341",False,"valid",0.0,0.0,0.0,0.0,0.9814384579658508,0.0,0.0,0.0,0.0,0.0,0.0
"TIMOB-23281",False,"valid",0.0,0.9747331738471985,0.0,0.0,0.0,0.0,0.0,0.0,0.0,0.0,0.0
"TIMOB-19674",False,"valid",0.0,0.20619654655456543,0.0,0.0,0.0,0.4408906400203705,0.0,0.3448227047920227,0.0,0.0,0.0
"TIMOB-24861",False,"valid",0.0,0.6818320751190186,0.0,0.0,0.0,0.0,0.0,0.0,0.0,0.0,0.3072563707828522
"TIMOB-23247",True,"valid",0.0,0.0,0.0,0.0,0.0,0.26165395975112915,0.0,0.7226015329360962,0.0,0.0,0.0
"TIMOB-24210",False,"valid",0.0,0.0,0.0,0.0,0.0,0.9621089696884155,0.0,0.0,0.0,0.0,0.0
"TIMOB-18158",False,"valid",0.0,0.0,0.0,0.0,0.0,0.0,0.0,0.994206428527832,0.0,0.0,0.0
"TIMOB-26411",False,"valid",0.0,0.0,0.0,0.7982507348060608,0.0,0.0,0.18128404021263123,0.0,0.0,0.0,0.0
"TIMOB-24665",False,"valid",0.0,0.0,0.0,0.0,0.0,0.0,0.0,0.0,0.0,0.0,0.9909976720809937
"TIMOB-19629",False,"valid",0.0,0.9766817092895508,0.0,0.0,0.0,0.0,0.0,0.0,0.0,0.0,0.0
"TIMOB-17965",False,"valid",0.0,0.0,0.0,0.0,0.0,0.5441818833351135,0.4243106544017792,0.0,0.0,0.0,0.0
"TIMOB-17924",True,"valid",0.0,0.0,0.0,0.0,0.0,0.2488420307636261,0.0,0.6766772270202637,0.0,0.0,0.0
"TIMOB-26003",False,"valid",0.0,0.5448403358459473,0.0,0.0,0.0,0.4005885124206543,0.0,0.0,0.0,0.0,0.0
"TIMOB-23588",False,"valid",0.0,0.0,0.0,0.0,0.0,0.6307039260864258,0.3522438704967499,0.0,0.0,0.0,0.0
"TIMOB-25927",False,"valid",0.0,0.0,0.0,0.0,0.0,0.0,0.0,0.9828216433525085,0.0,0.0,0.0
"TIMOB-24822",False,"valid",0.0,0.0,0.0,0.0,0.0,0.0,0.0,0.9871928691864014,0.0,0.0,0.0
"TIMOB-23190",False,"valid",0.0,0.0,0.0,0.0,0.0,0.0,0.0,0.9620732069015503,0.0,0.0,0.0
"TIMOB-20110",False,"valid",0.0,0.0,0.0,0.0,0.0,0.0,0.0,0.0,0.9494777917861938,0.0,0.0
"TIMOB-19147",False,"valid",0.0,0.9948871731758118,0.0,0.0,0.0,0.0,0.0,0.0,0.0,0.0,0.0
"TIMOB-24479",False,"valid",0.0,0.0,0.0,0.0,0.0,0.0,0.0,0.993726372718811,0.0,0.0,0.0
"TIMOB-20513",False,"valid",0.0,0.0,0.0,0.0,0.0,0.0,0.0,0.182345449924469,0.0,0.0,0.807904064655304
"TIMOB-23134",False,"valid",0.0,0.0,0.0,0.997702956199646,0.0,0.0,0.0,0.0,0.0,0.0,0.0
"TIMOB-19974",False,"valid",0.0,0.0,0.0,0.0,0.0,0.0,0.0,0.0,0.0,0.9754172563552856,0.0
"TIMOB-19678",True,"valid",0.0,0.0,0.13392747938632965,0.0,0.0,0.8357361555099487,0.0,0.0,0.0,0.0,0.0
"TIMOB-25735",False,"valid",0.0,0.0,0.0,0.0,0.9650198817253113,0.0,0.0,0.0,0.0,0.0,0.0
"TIMOB-17548",False,"valid",0.0,0.0,0.0,0.9783218502998352,0.0,0.0,0.0,0.0,0.0,0.0,0.0
"TIMOB-24268",False,"valid",0.0,0.0,0.0,0.9675105810165405,0.0,0.0,0.0,0.0,0.0,0.0,0.0
"TIMOB-19335",False,"valid",0.0,0.0,0.0,0.0,0.0,0.0,0.0,0.9968083500862122,0.0,0.0,0.0
"TIMOB-17806",False,"valid",0.0,0.0,0.0,0.0,0.0,0.0,0.0,0.9696547985076904,0.0,0.0,0.0
"TIMOB-26340",False,"valid",0.0,0.0,0.0,0.0,0.0,0.0,0.0,0.0,0.9778217077255249,0.0,0.0
"TIMOB-24661",False,"valid",0.0,0.4185970425605774,0.5472568869590759,0.0,0.0,0.0,0.0,0.0,0.0,0.0,0.0
"TIMOB-26705",False,"valid",0.0,0.0,0.0,0.9946069717407227,0.0,0.0,0.0,0.0,0.0,0.0,0.0
"TIMOB-19784",False,"valid",0.0,0.0,0.0,0.0,0.0,0.0,0.0,0.0,0.0,0.9914997816085815,0.0
"TIMOB-18878",False,"valid",0.0,0.0,0.0,0.0,0.0,0.0,0.9850886464118958,0.0,0.0,0.0,0.0
"TIMOB-24832",False,"valid",0.0,0.987366795539856,0.0,0.0,0.0,0.0,0.0,0.0,0.0,0.0,0.0
"TIMOB-26055",False,"valid",0.0,0.9795293211936951,0.0,0.0,0.0,0.0,0.0,0.0,0.013084854930639267,0.0,0.0
"TIMOB-26549",False,"valid",0.0,0.0,0.0,0.0,0.9895421266555786,0.0,0.0,0.0,0.0,0.0,0.0
"TIMOB-16078",False,"valid",0.0,0.0,0.0,0.0,0.34907203912734985,0.476534903049469,0.0,0.1676962673664093,0.0,0.0,0.0
"TIMOB-25756",False,"valid",0.0,0.06753403693437576,0.0,0.0,0.0,0.0,0.0,0.0,0.9271783828735352,0.0,0.0
"TIMOB-23858",False,"valid",0.0,0.0,0.0,0.9982545971870422,0.0,0.0,0.0,0.0,0.0,0.0,0.0
"TIMOB-23666",False,"valid",0.0,0.9850945472717285,0.0,0.0,0.0,0.0,0.0,0.0,0.0,0.0,0.0
"TIMOB-25166",False,"valid",0.0,0.0,0.0,0.0,0.0,0.9545174837112427,0.0,0.0,0.0,0.0,0.0
"TIMOB-23992",True,"valid",0.0,0.0,0.0,0.0,0.0,0.0,0.0,0.5986018776893616,0.08735145628452301,0.30316996574401855,0.0
"TIMOB-18990",False,"valid",0.0,0.0,0.0,0.0,0.6051669716835022,0.0,0.0,0.0,0.0,0.0,0.38531655073165894
"TIMOB-23594",False,"valid",0.0,0.0,0.0,0.0,0.0,0.6215603351593018,0.3606489896774292,0.0,0.0,0.0,0.0
"TIMOB-26884",False,"valid",0.9090686440467834,0.0,0.0,0.0,0.0,0.0,0.0,0.0,0.0,0.0,0.0
"TIMOB-26961",False,"valid",0.0,0.0,0.0,0.0,0.0,0.0,0.0,0.9906195998191833,0.0,0.0,0.0
"TIMOB-26424",False,"valid",0.0,0.0,0.0,0.6952478289604187,0.27443769574165344,0.0,0.0,0.0,0.0,0.0,0.0
"TIMOB-26484",False,"valid",0.0,0.0,0.0,0.0,0.0,0.0,0.0,0.0,0.9843208193778992,0.0,0.0
"TIMOB-23141",False,"valid",0.0,0.0,0.0,0.0,0.0,0.0,0.0,0.0,0.0,0.9935935735702515,0.0
"TIMOB-24268",False,"valid",0.0,0.0,0.0,0.9675105810165405,0.0,0.0,0.0,0.0,0.0,0.0,0.0
"TIMOB-23834",False,"valid",0.0,0.0,0.0,0.0,0.17868736386299133,0.0,0.0,0.0,0.0,0.7857040762901306,0.0
"TIMOB-17831",False,"valid",0.01011168397963047,0.010112264193594456,0.010111384093761444,0.01011175662279129,0.010111847892403603,0.4087039828300476,0.010112443007528782,0.010111951269209385,0.010111936368048191,0.010112115181982517,0.5002886056900024
"TIMOB-25735",False,"valid",0.0,0.0,0.0,0.0,0.9650198817253113,0.0,0.0,0.0,0.0,0.0,0.0
"TIMOB-17568",False,"valid",0.0,0.0,0.0,0.0,0.0,0.2608799934387207,0.0,0.0,0.0,0.7233805060386658,0.0
"TIMOB-26529",False,"valid",0.9521200060844421,0.0,0.0,0.0,0.0,0.0,0.0,0.0,0.0,0.0,0.0
"TIMOB-25636",False,"valid",0.0,0.9948292374610901,0.0,0.0,0.0,0.0,0.0,0.0,0.0,0.0,0.0
"TIMOB-23660",False,"valid",0.0,0.0,0.0,0.0,0.0,0.0,0.0,0.983161449432373,0.0,0.0,0.0
"TIMOB-26278",False,"valid",0.0,0.2191307693719864,0.0,0.0,0.0,0.0,0.0,0.0,0.7505496740341187,0.0,0.0
"TIMOB-26065",False,"valid",0.0,0.0,0.0,0.0,0.0,0.9636212587356567,0.0,0.0,0.0,0.0,0.0
"TIMOB-26051",False,"valid",0.0,0.0,0.0,0.9878759980201721,0.0,0.0,0.0,0.0,0.0,0.0,0.0
"TIMOB-25977",False,"valid",0.0,0.9914197325706482,0.0,0.0,0.0,0.0,0.0,0.0,0.0,0.0,0.0
"TIMOB-18745",False,"valid",0.0,0.0,0.0,0.0,0.0,0.0,0.0,0.0,0.970666766166687,0.0,0.0
"TIMOB-24135",False,"valid",0.0,0.9926643967628479,0.0,0.0,0.0,0.0,0.0,0.0,0.0,0.0,0.0
"TIMOB-19263",False,"valid",0.0,0.0,0.0,0.0,0.0,0.1573001593351364,0.0,0.0,0.16407132148742676,0.38283413648605347,0.29183632135391235
"TIMOB-19859",False,"valid",0.0,0.0,0.0,0.0,0.0,0.0,0.0,0.0,0.0,0.0,0.9299647808074951
"TIMOB-20226",True,"valid",0.0,0.0,0.8388436436653137,0.14068251848220825,0.0,0.0,0.0,0.0,0.0,0.0,0.0
"TIMOB-23661",False,"valid",0.0,0.0,0.2662450075149536,0.0,0.5135788321495056,0.21007253229618073,0.0,0.0,0.0,0.0,0.0
"TIMOB-25797",False,"valid",0.0,0.9919509887695312,0.0,0.0,0.0,0.0,0.0,0.0,0.0,0.0,0.0
"TIMOB-26295",False,"valid",0.0,0.0,0.0,0.0,0.0,0.0,0.0,0.0,0.0,0.0,0.990624189376831
"TIMOB-20438",False,"valid",0.0,0.0,0.0,0.0,0.0,0.0,0.9299956560134888,0.0,0.0,0.0,0.0
"TIMOB-19687",False,"valid",0.0,0.0,0.9740079045295715,0.0,0.0,0.0,0.0,0.0,0.0,0.0,0.0
"TIMOB-17916",False,"valid",0.5049487352371216,0.022733336314558983,0.022733144462108612,0.022733166813850403,0.022733137011528015,0.022735703736543655,0.022733528167009354,0.022733211517333984,0.0227335374802351,0.02273423597216606,0.29044827818870544
"TIMOB-18573",False,"valid",0.0,0.0,0.0,0.0,0.0,0.9766757488250732,0.0,0.0,0.0,0.0,0.0
"TIMOB-19150",False,"valid",0.0,0.0,0.0,0.0,0.0,0.92414790391922,0.0,0.0,0.0,0.0,0.0
"TIMOB-15705",False,"valid",0.08719903230667114,0.25635698437690735,0.0,0.0,0.6506677865982056,0.0,0.0,0.0,0.0,0.0,0.0
"TIMOB-25989",False,"valid",0.0,0.0,0.0,0.0,0.34763669967651367,0.0,0.0,0.6475433111190796,0.0,0.0,0.0
"TIMOB-26433",False,"valid",0.0,0.0,0.0,0.0,0.0,0.995533287525177,0.0,0.0,0.0,0.0,0.0
"TIMOB-18044",False,"valid",0.0,0.0,0.0,0.0,0.8578639626502991,0.0,0.0,0.0,0.0,0.0,0.12934662401676178
"TIMOB-26126",False,"valid",0.0,0.0,0.0,0.0,0.0,0.0,0.0,0.0,0.0,0.0,0.980652391910553
"TIMOB-4979",False,"valid",0.0,0.0,0.0,0.0,0.0,0.0,0.0,0.0,0.9636209011077881,0.0,0.0
"TIMOB-26651",False,"valid",0.0,0.0,0.0,0.0,0.0,0.0,0.0,0.9860085844993591,0.0,0.0,0.0
"TIMOB-26835",False,"valid",0.0,0.0,0.0,0.0,0.0,0.0,0.0,0.0,0.0,0.9853313565254211,0.0
"TIMOB-26981",False,"test",0.0,0.0,0.0,0.0,0.0,0.41909128427505493,0.11191976815462112,0.0,0.0,0.45841774344444275,0.0
"TIMOB-26979",False,"test",0.0,0.0,0.0,0.0,0.0,0.1811589151620865,0.0,0.6882279515266418,0.0,0.11687925457954407,0.0
"TIMOB-26957",False,"test",0.6404609680175781,0.09931762516498566,0.0,0.06794402748346329,0.15450836718082428,0.0,0.0,0.0,0.0,0.0,0.0
"TIMOB-26891",False,"test",0.0,0.0,0.0,0.0,0.0,0.9172961115837097,0.0,0.0,0.0,0.0,0.0
"TIMOB-26859",False,"test",0.0,0.6308416724205017,0.0,0.0,0.0,0.0,0.0,0.0,0.0,0.0,0.3657640516757965
"TIMOB-26847",False,"test",0.0,0.0,0.0,0.8963886499404907,0.0,0.0,0.0,0.0,0.0,0.08986473083496094,0.0
"TIMOB-26789",False,"test",0.0,0.0,0.0,0.0,0.0,0.0,0.0,0.40108492970466614,0.0,0.3712936043739319,0.20062339305877686
"TIMOB-26785",False,"test",0.0,0.0,0.0,0.0,0.0,0.8187656402587891,0.0,0.0,0.0,0.1226457804441452,0.0
"TIMOB-26766",False,"test",0.0,0.46911951899528503,0.0,0.0,0.1902359127998352,0.3257923424243927,0.0,0.0,0.0,0.0,0.0
"TIMOB-26758",False,"test",0.0,0.7216793298721313,0.0,0.16066431999206543,0.0,0.0,0.0,0.11222434043884277,0.0,0.0,0.0
"TIMOB-26748",False,"test",0.22208769619464874,0.0,0.0,0.0,0.0,0.7267156839370728,0.0,0.0,0.0,0.0,0.0
"TIMOB-26740",False,"test",0.0,0.0,0.0,0.0,0.0,0.9173381328582764,0.0,0.0,0.0,0.0,0.0
"TIMOB-26727",False,"test",0.0,0.010374781675636768,0.028242003172636032,0.5649028420448303,0.298229843378067,0.0,0.0,0.0,0.08132055401802063,0.013795175589621067,0.0
"TIMOB-26726",False,"test",0.0,0.3153078258037567,0.0,0.0,0.6216537356376648,0.0,0.0,0.0,0.0,0.0,0.0
"TIMOB-26725",False,"test",0.0,0.10761204361915588,0.0,0.0,0.0,0.39943042397499084,0.08096510171890259,0.0,0.0,0.0,0.4112670123577118
"TIMOB-26689",False,"test",0.0,0.1936422884464264,0.0,0.0,0.0,0.0,0.0,0.7962368726730347,0.0,0.0,0.0
"TIMOB-26670",False,"test",0.0,0.0,0.0,0.0,0.622624397277832,0.3517765402793884,0.0,0.0,0.0,0.0,0.0
"TIMOB-26664",False,"test",0.0,0.0,0.0,0.0,0.9545342326164246,0.0,0.0,0.0,0.0,0.0,0.0
"TIMOB-26636",False,"test",0.0,0.4292471408843994,0.0,0.0,0.0,0.08226320892572403,0.47851303219795227,0.0,0.0,0.0,0.0
"TIMOB-26613",False,"test",0.0,0.0,0.047250114381313324,0.0,0.0,0.9317246079444885,0.0,0.0,0.0,0.0,0.0
"TIMOB-26595",False,"test",0.0,0.0,0.0,0.0,0.0,0.9850891828536987,0.0,0.0,0.0,0.0,0.0
"TIMOB-26587",False,"test",0.0,0.0,0.0,0.2115924060344696,0.7628323435783386,0.0,0.0,0.0,0.0,0.0,0.0
"TIMOB-26577",False,"test",0.0,0.0,0.0,0.0,0.0,0.0,0.0,0.0,0.0,0.939376950263977,0.0
"TIMOB-26575",False,"test",0.0,0.0,0.0,0.331882506608963,0.0,0.5670132040977478,0.0,0.0647045373916626,0.0,0.0,0.0
"TIMOB-26565",False,"test",0.0,0.0,0.0,0.0,0.19518756866455078,0.3952700197696686,0.28105947375297546,0.0,0.0,0.0,0.12454963475465775
"TIMOB-26560",False,"test",0.0,0.0,0.0,0.0,0.0,0.0,0.0,0.0,0.0,0.9877018332481384,0.0
"TIMOB-26555",False,"test",0.0,0.9969958662986755,0.0,0.0,0.0,0.0,0.0,0.0,0.0,0.0,0.0
"TIMOB-26545",False,"test",0.0,0.13568317890167236,0.0,0.0,0.7530612945556641,0.0,0.0,0.09932462126016617,0.0,0.0,0.0
"TIMOB-26539",False,"test",0.0,0.03406296297907829,0.0,0.0,0.0,0.0,0.0,0.5059410929679871,0.0,0.2516104280948639,0.20316511392593384
"TIMOB-26533",False,"test",0.0,0.22893834114074707,0.0,0.3829703629016876,0.0,0.0,0.0,0.14045268297195435,0.0,0.24569116532802582,0.0
"TIMOB-26518",False,"test",0.0,0.3627191185951233,0.0,0.0,0.0,0.06588801741600037,0.0,0.37325891852378845,0.0,0.19497711956501007,0.0
"TIMOB-26517",False,"test",0.0,0.0,0.0,0.0,0.0,0.9544844031333923,0.0,0.0,0.0,0.0,0.0
"TIMOB-26513",False,"test",0.0,0.0,0.0,0.0,0.4959131181240082,0.0,0.4725557267665863,0.0,0.0,0.0,0.0
"TIMOB-26508",False,"test",0.0,0.0,0.0,0.0,0.0,0.0,0.0,0.9864289164543152,0.0,0.0,0.0
"TIMOB-26503",False,"test",0.0,0.27674198150634766,0.0,0.0,0.1150694340467453,0.0,0.012591549195349216,0.3724980056285858,0.0,0.08594780415296555,0.130293607711792
"TIMOB-26496",False,"test",0.0,0.0,0.0,0.902433454990387,0.0,0.0,0.0,0.0,0.029367592185735703,0.0,0.0
"TIMOB-26464",False,"test",0.0,0.3887074291706085,0.0,0.0,0.5467562675476074,0.04903200641274452,0.0,0.0,0.0,0.0,0.0
"TIMOB-26460",False,"test",0.0,0.2297067493200302,0.0,0.0,0.6086106896400452,0.0,0.0,0.12459354102611542,0.03227021172642708,0.0,0.0
"TIMOB-26436",False,"test",0.0,0.5696507096290588,0.0,0.0,0.3872355818748474,0.0,0.0,0.0,0.0,0.0,0.0
"TIMOB-26415",False,"test",0.0,0.41646894812583923,0.0,0.0,0.0,0.3213813006877899,0.0,0.0,0.24106943607330322,0.0,0.0
"TIMOB-26402",False,"test",0.0,0.0,0.0,0.0,0.0,0.9674684405326843,0.0,0.0,0.0,0.0,0.0
"TIMOB-26389",False,"test",0.0,0.2593863308429718,0.0,0.02837182767689228,0.0,0.0,0.0,0.4541550874710083,0.0,0.2527278661727905,0.0
"TIMOB-26388",False,"test",0.0,0.5130801200866699,0.04390363767743111,0.0,0.23775486648082733,0.0,0.0,0.18971751630306244,0.0,0.0,0.0
"TIMOB-26372",False,"test",0.0,0.43072763085365295,0.0,0.0,0.0,0.0,0.0,0.3397771418094635,0.0,0.2206839770078659,0.0
"TIMOB-26333",False,"test",0.0,0.0,0.0,0.0,0.0,0.0,0.3353073298931122,0.0,0.0,0.0,0.6192125082015991
"TIMOB-26313",False,"test",0.0,0.21604041755199432,0.0,0.0,0.0,0.0,0.0,0.5237926840782166,0.0,0.24101752042770386,0.0
"TIMOB-26311",False,"test",0.0,0.29241934418678284,0.0,0.0,0.15063130855560303,0.2182403802871704,0.028364792466163635,0.0,0.0,0.3046427071094513,0.0
"TIMOB-26306",False,"test",0.19180040061473846,0.0,0.0,0.0,0.0,0.6161607503890991,0.0,0.1782960593700409,0.0,0.0,0.0
"TIMOB-26250",False,"test",0.0,0.6683226823806763,0.0,0.0,0.0,0.21375058591365814,0.0,0.0,0.1121831163764,0.0,0.0
"TIMOB-26235",False,"test",0.0,0.0,0.0,0.0,0.0,0.36166220903396606,0.0,0.0,0.0,0.597350537776947,0.0
"TIMOB-26213",False,"test",0.0,0.9935946464538574,0.0,0.0,0.0,0.0,0.0,0.0,0.0,0.0,0.0
"TIMOB-26205",False,"test",0.0,0.0,0.10942844301462173,0.2393142282962799,0.0,0.0,0.02022562548518181,0.0,0.6262999176979065,0.0,0.0
"TIMOB-26184",False,"test",0.0,0.3553753197193146,0.0,0.0,0.0,0.0,0.0,0.6015258431434631,0.0,0.0,0.0
"TIMOB-26182",False,"test",0.0,0.04980543255805969,0.0,0.3976859450340271,0.0,0.0,0.168620303273201,0.0,0.0,0.19430673122406006,0.18504881858825684
"TIMOB-26173",False,"test",0.0,0.0,0.0,0.0,0.0,0.9609372019767761,0.0,0.0,0.0,0.025838395580649376,0.0
"TIMOB-26167",False,"test",0.0,0.4331810176372528,0.0,0.0,0.0,0.0,0.0,0.29837822914123535,0.0,0.2640807032585144,0.0
"TIMOB-26152",False,"test",0.0,0.027410628274083138,0.0,0.0,0.0,0.0,0.0,0.9630700945854187,0.0,0.0,0.0
"TIMOB-26150",False,"test",0.0,0.2521348297595978,0.12584757804870605,0.0,0.03397349268198013,0.0,0.0,0.5628066062927246,0.0,0.0,0.021177317947149277
"TIMOB-26141",False,"test",0.0,0.561041533946991,0.0,0.0,0.16427551209926605,0.1962762176990509,0.0,0.07174420356750488,0.0,0.0,0.0
"TIMOB-26140",False,"test",0.0,0.0,0.0,0.0,0.0,0.0,0.0,0.0,0.0,0.9650194048881531,0.0
"TIMOB-26139",False,"test",0.0,0.0,0.0,0.0,0.324067085981369,0.5685367584228516,0.08392989635467529,0.0,0.0,0.0,0.0
"TIMOB-26121",False,"test",0.0,0.0,0.0,0.0,0.0,0.9675116539001465,0.0,0.0,0.0,0.0,0.0
"TIMOB-26117",False,"test",0.0,0.45302173495292664,0.0,0.020000694319605827,0.0,0.0,0.16314080357551575,0.33644792437553406,0.0,0.0,0.023341147229075432
"TIMOB-26113",False,"test",0.0,0.0,0.0,0.0,0.26512598991394043,0.0,0.0,0.4020558297634125,0.0,0.0,0.29238489270210266
"TIMOB-26109",False,"test",0.0,0.0,0.0,0.0,0.2821190357208252,0.6789082288742065,0.0,0.0,0.0,0.0,0.0
"TIMOB-26108",False,"test",0.0,0.0,0.0,0.0,0.0,0.6080765724182129,0.0,0.35634005069732666,0.0,0.0,0.0
"TIMOB-26089",False,"test",0.0,0.7162166833877563,0.0,0.0,0.0,0.23262710869312286,0.0,0.0,0.0,0.0,0.0
"TIMOB-26086",True,"test",0.0,0.09458131343126297,0.025443149730563164,0.0,0.0,0.0,0.0,0.3847007155418396,0.0,0.4879555106163025,0.0
"TIMOB-26080",False,"test",0.0,0.0,0.0,0.0,0.0,0.7089343667030334,0.2868685722351074,0.0,0.0,0.0,0.0
"TIMOB-26078",False,"test",0.015155518427491188,0.015155733563005924,0.015154923312366009,0.015155116096138954,0.01515660248696804,0.8484436869621277,0.015156238339841366,0.015155899338424206,0.015154875814914703,0.015155432745814323,0.015155977569520473
"TIMOB-26048",False,"test",0.0,0.9241445064544678,0.0,0.0,0.0,0.0,0.0,0.0,0.0,0.0,0.0
"TIMOB-26045",True,"test",0.0,0.0,0.0,0.0,0.0,0.0,0.0,0.10573936253786087,0.0,0.8823940753936768,0.0
"TIMOB-26033",True,"test",0.0,0.30705907940864563,0.0,0.0,0.0,0.02303260751068592,0.01712513342499733,0.44728541374206543,0.0,0.19797727465629578,0.0
"TIMOB-26028",False,"test",0.3228740990161896,0.0,0.0,0.046621501445770264,0.0,0.324747771024704,0.0,0.29246705770492554,0.0,0.0,0.0
"TIMOB-26025",False,"test",0.6935771703720093,0.0,0.0,0.0,0.25522100925445557,0.0,0.0,0.0,0.0,0.0,0.0
"TIMOB-26010",False,"test",0.0,0.0,0.0,0.5182358026504517,0.1428927481174469,0.0,0.0,0.0,0.3309267461299896,0.0,0.0
"TIMOB-26004",False,"test",0.0,0.2845279574394226,0.0,0.0,0.0,0.6570094227790833,0.0,0.0,0.0,0.0,0.0
"TIMOB-25995",False,"test",0.015155268833041191,0.015155313536524773,0.8484439849853516,0.015156272798776627,0.015155594795942307,0.015156328678131104,0.015155352652072906,0.015155498869717121,0.01515541598200798,0.01515541598200798,0.015155525878071785
"TIMOB-25994",False,"test",0.018220920115709305,0.018221616744995117,0.5507616400718689,0.0182211771607399,0.018221450969576836,0.01822228729724884,0.018221572041511536,0.2852450907230377,0.01822212152183056,0.018220998346805573,0.01822110079228878
"TIMOB-25979",False,"test",0.0,0.9920754432678223,0.0,0.0,0.0,0.0,0.0,0.0,0.0,0.0,0.0
"TIMOB-25953",False,"test",0.0,0.38542401790618896,0.0,0.0,0.1365412175655365,0.34692007303237915,0.0,0.0,0.0,0.0,0.1245497614145279
"TIMOB-25952",False,"test",0.0,0.35393384099006653,0.0,0.12206970155239105,0.0,0.0,0.0,0.37858518958091736,0.0,0.0,0.1433141827583313
"TIMOB-25943",False,"test",0.0,0.0,0.0,0.0,0.0,0.525753378868103,0.23773963749408722,0.21684415638446808,0.0,0.0,0.0
"TIMOB-25935",False,"test",0.1210937649011612,0.5038451552391052,0.0,0.0,0.35077330470085144,0.0,0.0,0.0,0.0,0.0,0.0
"TIMOB-25933",False,"test",0.1323906034231186,0.015153895132243633,0.015153549611568451,0.015153530053794384,0.01515424158424139,0.7312251925468445,0.01515350304543972,0.01515419315546751,0.0151540357619524,0.015153946354985237,0.015153331682085991
"TIMOB-25923",False,"test",0.0,0.3133183419704437,0.0,0.0,0.0,0.0,0.6525612473487854,0.0,0.0,0.0,0.0
"TIMOB-25919",False,"test",0.0,0.9055910110473633,0.0,0.0,0.0,0.0,0.0,0.08498581498861313,0.0,0.0,0.0
"TIMOB-25914",False,"test",0.0,0.39500245451927185,0.0,0.0,0.0,0.5957913398742676,0.0,0.0,0.0,0.0,0.0
"TIMOB-25913",False,"test",0.0,0.3210166096687317,0.0,0.6491774320602417,0.0,0.0,0.0,0.0,0.0,0.022940045222640038,0.0
"TIMOB-25890",True,"test",0.0,0.9242051839828491,0.0,0.0,0.0,0.0,0.0,0.0,0.0,0.0,0.06637711822986603
"TIMOB-25887",False,"test",0.0,0.18192899227142334,0.05556374415755272,0.4175662696361542,0.0,0.0,0.0,0.31485211849212646,0.0,0.027525393292307854,0.0
"TIMOB-25886",False,"test",0.0,0.582987368106842,0.0,0.2349690943956375,0.0,0.0,0.0,0.0,0.1560264229774475,0.0,0.0
"TIMOB-25878",False,"test",0.0,0.0,0.0,0.0,0.7775399684906006,0.042497050017118454,0.0,0.0,0.0,0.05798402428627014,0.12050313502550125
"TIMOB-25877",False,"test",0.0,0.08071470260620117,0.0,0.0,0.21842436492443085,0.5472062230110168,0.0,0.0,0.055611565709114075,0.0,0.09240184724330902
"TIMOB-25876",False,"test",0.0,0.0,0.0,0.0,0.16845263540744781,0.0,0.7730681896209717,0.0,0.0,0.0,0.0
"TIMOB-25874",False,"test",0.0,0.47950422763824463,0.0,0.0,0.0,0.0,0.0,0.4831017851829529,0.0,0.0,0.0
"TIMOB-25873",False,"test",0.0,0.2880595624446869,0.0,0.0,0.0,0.6990278959274292,0.0,0.0,0.0,0.0,0.0
"TIMOB-25864",False,"test",0.0,0.48432356119155884,0.0,0.0,0.0,0.4162081182003021,0.09520389139652252,0.0,0.0,0.0,0.0
"TIMOB-25861",False,"test",0.0,0.0,0.0,0.0,0.6683802604675293,0.0,0.0,0.0,0.0,0.0,0.30680906772613525
"TIMOB-25827",False,"test",0.0,0.0,0.0,0.0,0.26497510075569153,0.47262609004974365,0.0,0.0,0.1959124505519867,0.0,0.05971046909689903
"TIMOB-25825",False,"test",0.32915645837783813,0.0,0.0,0.34776246547698975,0.0,0.0,0.0,0.0,0.31898829340934753,0.0,0.0
"TIMOB-25810",False,"test",0.0,0.2684478461742401,0.0,0.0,0.5808007717132568,0.0,0.0,0.14038540422916412,0.0,0.0,0.0
"TIMOB-25792",False,"test",0.0,0.11527629941701889,0.0,0.015511109493672848,0.0,0.0,0.0,0.03067774325609207,0.06901182234287262,0.76719731092453,0.0
"TIMOB-25780",False,"test",0.13469819724559784,0.0,0.0,0.0,0.19170111417770386,0.0,0.0,0.4596531391143799,0.0,0.0,0.1940472573041916
"TIMOB-25776",False,"test",0.0,0.7536869645118713,0.0,0.0,0.0,0.13695816695690155,0.0,0.09815340489149094,0.0,0.0,0.0
"TIMOB-25774",False,"test",0.0,0.34735047817230225,0.0,0.0,0.6199031472206116,0.0,0.0,0.0,0.0,0.0,0.0
"TIMOB-25769",False,"test",0.0,0.3163589537143707,0.0,0.0,0.0,0.6354696750640869,0.0,0.0,0.0,0.0,0.0
"TIMOB-25767",False,"test",0.0,0.0,0.0,0.0,0.0,0.0,0.0,0.7658540606498718,0.0,0.22552688419818878,0.0
"TIMOB-25760",True,"test",0.0,0.0,0.0,0.0,0.0,0.0,0.0,0.9837523102760315,0.0,0.0,0.0
"TIMOB-25755",False,"test",0.0,0.0,0.0,0.0,0.0,0.7555509805679321,0.1962508261203766,0.0,0.0,0.0,0.0
"TIMOB-25739",False,"test",0.0,0.2951314449310303,0.0,0.28780457377433777,0.4121752381324768,0.0,0.0,0.0,0.0,0.0,0.0
"TIMOB-25733",False,"test",0.0,0.5871808528900146,0.0,0.0,0.0,0.0,0.0,0.3792964518070221,0.0,0.0,0.0
"TIMOB-25730",False,"test",0.0,0.6388881802558899,0.0,0.0,0.0,0.0,0.0,0.1694505661725998,0.0,0.1874779760837555,0.0
"TIMOB-25728",False,"test",0.0,0.9857882857322693,0.0,0.0,0.0,0.0,0.0,0.0,0.0,0.0,0.0
"TIMOB-25685",True,"test",0.0,0.9772664904594421,0.0,0.0,0.0,0.0,0.0,0.0,0.0,0.0,0.0
"TIMOB-25656",False,"test",0.0,0.29978588223457336,0.0,0.2546994388103485,0.0,0.0,0.0,0.4212329685688019,0.0,0.0,0.0
"TIMOB-25649",False,"test",0.0,0.20842169225215912,0.02378530241549015,0.0,0.3565934896469116,0.39997783303260803,0.0,0.0,0.0,0.0,0.0
"TIMOB-25648",False,"test",0.0,0.0,0.0,0.0,0.0,0.0,0.0,0.5648793578147888,0.0,0.4086795747280121,0.0
"TIMOB-25634",False,"test",0.0,0.2577245235443115,0.11664028465747833,0.38077831268310547,0.0,0.0,0.0,0.0,0.0,0.2372501641511917,0.0
"TIMOB-25621",False,"test",0.0,0.0,0.20433223247528076,0.0,0.0,0.7664358019828796,0.0,0.0,0.0,0.0,0.0
"TIMOB-25619",False,"test",0.0,0.2085464745759964,0.12410328537225723,0.36527955532073975,0.15024632215499878,0.0,0.0,0.0,0.0,0.14939577877521515,0.0
"TIMOB-25617",False,"test",0.0,0.0,0.0,0.0,0.0,0.4027164876461029,0.0,0.42329302430152893,0.15971773862838745,0.0,0.0
"TIMOB-25610",False,"test",0.0,0.37537670135498047,0.0,0.0,0.0,0.1290130913257599,0.0,0.48932427167892456,0.0,0.0,0.0
"TIMOB-25607",False,"test",0.0,0.0,0.0,0.0,0.0,0.8735038042068481,0.0,0.09237467497587204,0.0,0.0,0.0
"TIMOB-25606",False,"test",0.0,0.0,0.0,0.0,0.0,0.0,0.9696428179740906,0.0,0.0,0.0,0.0
"TIMOB-25602",False,"test",0.0,0.411626398563385,0.0,0.0,0.0,0.0,0.0,0.2535586357116699,0.0,0.32644203305244446,0.0
"TIMOB-25581",False,"test",0.0,0.0,0.0,0.0,0.0,0.0,0.0,0.7811883687973022,0.0,0.2041839361190796,0.0
"TIMOB-25580",False,"test",0.0,0.9877099394798279,0.0,0.0,0.0,0.0,0.0,0.0,0.0,0.0,0.0
"TIMOB-25557",False,"test",0.0,0.23069898784160614,0.0,0.13053753972053528,0.0,0.0,0.0,0.41211581230163574,0.0,0.22263722121715546,0.0
"TIMOB-25463",False,"test",0.0,0.0,0.9915005564689636,0.0,0.0,0.0,0.0,0.0,0.0,0.0,0.0
"TIMOB-25462",False,"test",0.0,0.0,0.0,0.0,0.0,0.6904606223106384,0.0,0.24763555824756622,0.0,0.05214153602719307,0.0
"TIMOB-25440",False,"test",0.0,0.24808679521083832,0.0,0.3059650957584381,0.0,0.0,0.0,0.40859147906303406,0.0,0.027507035061717033,0.0
"TIMOB-25433",False,"test",0.0,0.0,0.0,0.0,0.8957639336585999,0.0,0.0,0.08320900052785873,0.0,0.0,0.0
"TIMOB-25409",False,"test",0.0,0.05388965085148811,0.0,0.4924841523170471,0.0,0.0,0.0,0.30978673696517944,0.0,0.0,0.13573120534420013
"TIMOB-25394",False,"test",0.0,0.16562095284461975,0.0,0.0,0.1577039211988449,0.42600423097610474,0.0,0.1868845820426941,0.055115364491939545,0.0,0.0
"TIMOB-25385",False,"test",0.0,0.02658696286380291,0.016286686062812805,0.0,0.18178173899650574,0.0,0.0,0.7707237601280212,0.0,0.0,0.0
"TIMOB-25376",False,"test",0.0,0.3346419930458069,0.0,0.0,0.0,0.0,0.0,0.6611160635948181,0.0,0.0,0.0
"TIMOB-25372",False,"test",0.0,0.5552240610122681,0.0,0.14125710725784302,0.0,0.09856622666120529,0.0,0.2014056295156479,0.0,0.0,0.0
"TIMOB-25353",True,"test",0.0,0.0,0.5517618060112,0.0,0.0,0.4255054295063019,0.0,0.0,0.0,0.0,0.0
"TIMOB-25352",False,"test",0.0,0.49741339683532715,0.0,0.0,0.39437732100486755,0.0,0.0,0.09954265505075455,0.0,0.0,0.0
"TIMOB-25326",False,"test",0.0,0.47051119804382324,0.0,0.0,0.0,0.0,0.0,0.5197437405586243,0.0,0.0,0.0
"TIMOB-25325",False,"test",0.0,0.6761400103569031,0.0,0.0,0.307804673910141,0.0,0.0,0.0,0.0,0.0,0.0
"TIMOB-25306",False,"test",0.0,0.7358798980712891,0.0,0.0,0.0,0.0,0.0,0.24593113362789154,0.0,0.0,0.0
"TIMOB-25298",False,"test",0.0,0.42075443267822266,0.0,0.0,0.0,0.0,0.0,0.562183141708374,0.0,0.0,0.0
"TIMOB-25261",False,"test",0.0,0.9918085932731628,0.0,0.0,0.0,0.0,0.0,0.0,0.0,0.0,0.0
"TIMOB-25257",False,"test",0.0,0.927064836025238,0.0,0.0,0.024733630940318108,0.0,0.0,0.012706435285508633,0.0,0.03165283054113388,0.0
"TIMOB-25246",False,"test",0.029594704508781433,0.964870274066925,0.0,0.0,0.0,0.0,0.0,0.0,0.0,0.0,0.0
"TIMOB-25241",False,"test",0.0,0.15873375535011292,0.0,0.020075011998414993,0.0,0.09336800128221512,0.0,0.40227562189102173,0.0,0.3185522258281708,0.0
"TIMOB-25233",False,"test",0.0,0.0,0.0,0.33506396412849426,0.0,0.0,0.0,0.39385583996772766,0.25241923332214355,0.0,0.0
"TIMOB-25231",False,"test",0.0,0.0,0.0,0.0,0.17274007201194763,0.0,0.0,0.0,0.0,0.0,0.814044713973999
"TIMOB-25225",False,"test",0.0,0.22298882901668549,0.0,0.0,0.0,0.5483102798461914,0.0,0.2193681299686432,0.0,0.0,0.0
"TIMOB-25219",False,"test",0.08763599395751953,0.0,0.0,0.3798370361328125,0.0,0.0,0.0,0.29801881313323975,0.0,0.0,0.23113515973091125
"TIMOB-25206",False,"test",0.1154780313372612,0.11157751083374023,0.03616972267627716,0.23762603104114532,0.0,0.0,0.0720798522233963,0.13181225955486298,0.04484377056360245,0.13283085823059082,0.11724916845560074
"TIMOB-25197",False,"test",0.0,0.0,0.3240620791912079,0.0,0.0,0.6304342150688171,0.0,0.0,0.0,0.0,0.0
"TIMOB-25178",False,"test",0.0,0.4854937195777893,0.0347832590341568,0.0,0.0,0.0,0.0,0.4691685140132904,0.0,0.0,0.0
"TIMOB-25174",False,"test",0.0,0.985791027545929,0.0,0.0,0.0,0.0,0.0,0.0,0.0,0.0,0.0
"TIMOB-25086",True,"test",0.0,0.43862590193748474,0.0,0.0,0.0,0.0,0.0,0.0,0.0,0.5423406362533569,0.0
"TIMOB-25081",False,"test",0.0,0.5119936466217041,0.0,0.0,0.0,0.0,0.0,0.48202940821647644,0.0,0.0,0.0
"TIMOB-25076",False,"test",0.0,0.6499181389808655,0.0,0.0,0.0,0.19727151095867157,0.0,0.0,0.0,0.14225342869758606,0.0
"TIMOB-25064",False,"test",0.05233999341726303,0.0,0.5381574630737305,0.0,0.0,0.20139721035957336,0.12056758999824524,0.0,0.0,0.07633569836616516,0.0
"TIMOB-25048",True,"test",0.0,0.2458464801311493,0.0,0.0,0.0,0.6511566638946533,0.0,0.0,0.08276984095573425,0.0,0.0
"TIMOB-25044",False,"test",0.0,0.9778178334236145,0.0,0.0,0.0,0.0,0.0,0.0,0.0,0.0,0.0
"TIMOB-25038",False,"test",0.0,0.78166663646698,0.0,0.0,0.0,0.0,0.0,0.11197738349437714,0.0,0.09824545681476593,0.0
"TIMOB-25009",False,"test",0.018183935433626175,0.0181844811886549,0.018184062093496323,0.0181838721036911,0.018184766173362732,0.018184704706072807,0.01818442903459072,0.018186170607805252,0.8181554079055786,0.018184242770075798,0.018183929845690727
"TIMOB-24967",False,"test",0.0,0.0,0.0,0.0,0.0,0.9090846180915833,0.0,0.0,0.0,0.0,0.0
"TIMOB-24946",False,"test",0.0,0.0,0.09064606577157974,0.0,0.06177493929862976,0.3087415397167206,0.0,0.4857243597507477,0.0,0.04690970852971077,0.0
"TIMOB-24925",False,"test",0.0,0.17926162481307983,0.0,0.15397347509860992,0.0,0.0,0.25593891739845276,0.0,0.3056371212005615,0.08604873716831207,0.017322583124041557
"TIMOB-24919",False,"test",0.0,0.08917277306318283,0.0,0.3691619336605072,0.0,0.0,0.0,0.531122088432312,0.0,0.0,0.0
"TIMOB-24893",False,"test",0.0,0.5664448142051697,0.0,0.0,0.08945602178573608,0.0,0.0,0.33854347467422485,0.0,0.0,0.0
"TIMOB-24870",False,"test",0.0,0.8757010102272034,0.0,0.0,0.0,0.11450152099132538,0.0,0.0,0.0,0.0,0.0
"TIMOB-24862",False,"test",0.0,0.17931872606277466,0.0,0.12170233577489853,0.0,0.6911560297012329,0.0,0.0,0.0,0.0,0.0
"TIMOB-24858",False,"test",0.0,0.9924846291542053,0.0,0.0,0.0,0.0,0.0,0.0,0.0,0.0,0.0
"TIMOB-24850",False,"test",0.0,0.0,0.0,0.0,0.0,0.3563694953918457,0.0,0.0,0.0,0.5123569369316101,0.12318764626979828
"TIMOB-24840",False,"test",0.0,0.9901158213615417,0.0,0.0,0.0,0.0,0.0,0.0,0.0,0.0,0.0
"TIMOB-24836",False,"test",0.0,0.9921582937240601,0.0,0.0,0.0,0.0,0.0,0.0,0.0,0.0,0.0
"TIMOB-24825",False,"test",0.0,0.0,0.0,0.6821610331535339,0.0,0.0,0.0,0.30661892890930176,0.0,0.0,0.0
"TIMOB-24819",False,"test",0.0,0.0,0.0,0.4742565453052521,0.0,0.0,0.0,0.4276820719242096,0.0,0.08873327076435089,0.0
"TIMOB-24817",False,"test",0.0,0.0,0.0,0.6378280520439148,0.0,0.0,0.0,0.35444870591163635,0.0,0.0,0.0
"TIMOB-24815",False,"test",0.0,0.0,0.4041902720928192,0.0,0.0,0.5702022910118103,0.0,0.0,0.0,0.0,0.0
"TIMOB-24770",False,"test",0.0,0.0,0.0,0.0,0.0,0.18582817912101746,0.0,0.7686761617660522,0.0,0.0,0.0
"TIMOB-24765",False,"test",0.0,0.0,0.0,0.0,0.0,0.5586689710617065,0.0,0.37308186292648315,0.0,0.0,0.0
"TIMOB-24761",True,"test",0.014614114537835121,0.12458981573581696,0.0,0.0,0.0,0.0,0.0,0.7682785987854004,0.0,0.035565346479415894,0.05289338156580925
"TIMOB-24758",False,"test",0.0,0.0,0.0,0.0,0.0,0.9173189401626587,0.0,0.0,0.0,0.0,0.0
"TIMOB-24756",False,"test",0.0,0.0,0.0,0.993954598903656,0.0,0.0,0.0,0.0,0.0,0.0,0.0
"TIMOB-24751",False,"test",0.0,0.3348170220851898,0.0,0.0,0.0,0.6502907276153564,0.0,0.0,0.0,0.0,0.0
"TIMOB-24750",False,"test",0.0,0.0,0.0,0.0,0.0,0.9465134143829346,0.0,0.0,0.0,0.0,0.0
"TIMOB-24749",False,"test",0.0,0.935050368309021,0.0,0.0,0.0,0.0,0.0,0.0,0.0,0.0,0.0
"TIMOB-24717",False,"test",0.0,0.0,0.0,0.0,0.0,0.9740151762962341,0.0,0.0,0.0,0.0,0.0
"TIMOB-24703",False,"test",0.0,0.29045701026916504,0.0,0.3580390512943268,0.3428385555744171,0.0,0.0,0.0,0.0,0.0,0.0
"TIMOB-24695",False,"test",0.0,0.2610519230365753,0.0,0.21425069868564606,0.0,0.0,0.0,0.42920833826065063,0.0,0.0,0.08924949169158936
"TIMOB-24683",False,"test",0.0,0.024762095883488655,0.0,0.0,0.0,0.7547371983528137,0.10415607690811157,0.0,0.0,0.11458473652601242,0.0
"TIMOB-24672",False,"test",0.0,0.0,0.0,0.0,0.0,0.0,0.5231797695159912,0.46559640765190125,0.0,0.0,0.0
"TIMOB-24667",False,"test",0.07867230474948883,0.8910050392150879,0.0,0.0,0.0,0.0,0.0,0.0,0.0,0.0,0.0
"TIMOB-24647",False,"test",0.0,0.4581054151058197,0.0,0.0,0.0,0.0,0.0,0.3548060357570648,0.17431916296482086,0.0,0.0
"TIMOB-24646",False,"test",0.0,0.9797875881195068,0.0,0.0,0.0,0.0,0.0,0.0,0.0,0.0,0.0
"TIMOB-24617",False,"test",0.0,0.0,0.0,0.0,0.0,0.967507004737854,0.0,0.0,0.0,0.0,0.0
"TIMOB-24615",False,"test",0.0,0.1161736249923706,0.0,0.018927663564682007,0.1842573583126068,0.062284406274557114,0.0,0.6148790717124939,0.0,0.0,0.0
"TIMOB-24611",False,"test",0.17029498517513275,0.29209110140800476,0.38895702362060547,0.0,0.09001970291137695,0.0,0.0,0.0,0.0,0.051046181470155716,0.0
"TIMOB-24583",False,"test",0.0,0.0631662979722023,0.0,0.0,0.0,0.0,0.0,0.927085280418396,0.0,0.0,0.0
"TIMOB-24569",False,"test",0.0,0.5273166298866272,0.4478429853916168,0.0,0.0,0.0,0.0,0.0,0.0,0.0,0.0
"TIMOB-24558",False,"test",0.0,0.0,0.0,0.0,0.17498917877674103,0.0,0.0,0.5135447382926941,0.0,0.2917948365211487,0.0
"TIMOB-24539",False,"test",0.0,0.11518428474664688,0.0,0.0,0.0,0.19649095833301544,0.6830065250396729,0.0,0.0,0.0,0.0
"TIMOB-24503",False,"test",0.0,0.0,0.0,0.0,0.0,0.0,0.5140994191169739,0.44040727615356445,0.0,0.0,0.0
"TIMOB-24497",False,"test",0.0,0.2149297147989273,0.0,0.0,0.0,0.0,0.0,0.7796477675437927,0.0,0.0,0.0
"TIMOB-24478",False,"test",0.0,0.0,0.0,0.0,0.9675096273422241,0.0,0.0,0.0,0.0,0.0,0.0
"TIMOB-24470",False,"test",0.0,0.0,0.0,0.0,0.0,0.7244757413864136,0.0,0.0,0.0,0.261405885219574,0.0
"TIMOB-24465",False,"test",0.0,0.0,0.0,0.0,0.0,0.0,0.0,0.3421321213245392,0.0,0.636323869228363,0.0
"TIMOB-24451",False,"test",0.0,0.43674054741859436,0.0,0.0,0.0,0.0,0.0,0.5471993684768677,0.0,0.0,0.0
"TIMOB-24448",False,"test",0.0,0.0,0.0,0.47939908504486084,0.0,0.0,0.0,0.41989666223526,0.0,0.08967562764883041,0.0
"TIMOB-24428",False,"test",0.0,0.9590750932693481,0.0,0.0,0.0,0.0,0.027005735784769058,0.0,0.0,0.0,0.0
"TIMOB-24426",False,"test",0.0,0.4407567083835602,0.0,0.0,0.0,0.0,0.0,0.5484737753868103,0.0,0.0,0.0
"TIMOB-24422",True,"test",0.0,0.0,0.0,0.0,0.6214795708656311,0.20236366987228394,0.16878041625022888,0.0,0.0,0.0,0.0
"TIMOB-24400",False,"test",0.0,0.1615501493215561,0.0,0.022892924025654793,0.0,0.0,0.0,0.522736668586731,0.0,0.28602680563926697,0.0
"TIMOB-24398",False,"test",0.0,0.0,0.0,0.0,0.0,0.0,0.0,0.9171404838562012,0.0,0.0,0.0
"TIMOB-24397",False,"test",0.0,0.36580008268356323,0.0,0.0,0.0,0.1873656064271927,0.0,0.44278937578201294,0.0,0.0,0.0
"TIMOB-24385",False,"test",0.0,0.0,0.0,0.13542893528938293,0.0,0.0,0.336315780878067,0.49793741106987,0.0,0.0,0.0
"TIMOB-24367",False,"test",0.0,0.09761495888233185,0.0,0.8996135592460632,0.0,0.0,0.0,0.0,0.0,0.0,0.0
"TIMOB-24352",True,"test",0.0,0.0,0.0,0.0,0.0,0.0,0.0,0.9217125177383423,0.0,0.06190022453665733,0.0
"TIMOB-24344",False,"test",0.0,0.0,0.0,0.1794447898864746,0.11955954134464264,0.0,0.0,0.0,0.0,0.6002495288848877,0.09076596796512604
"TIMOB-24336",False,"test",0.0,0.08411066979169846,0.0,0.2691539525985718,0.5175115466117859,0.0,0.0,0.1210450679063797,0.0,0.0,0.0
"TIMOB-24328",False,"test",0.0,0.831809401512146,0.0,0.0,0.0,0.0,0.0,0.15476828813552856,0.0,0.0,0.0
"TIMOB-24325",False,"test",0.0,0.3135084807872772,0.06554494053125381,0.0,0.0,0.0,0.0,0.6132029891014099,0.0,0.0,0.0
"TIMOB-24314",False,"test",0.0,0.0,0.0,0.0,0.0,0.637706995010376,0.0,0.0,0.0,0.0,0.326681524515152
"TIMOB-24299",False,"test",0.0,0.34364157915115356,0.0,0.0,0.037061918526887894,0.0,0.0,0.60890132188797,0.0,0.0,0.0
"TIMOB-24290",False,"test",0.0,0.0,0.0,0.0,0.0,0.9887735843658447,0.0,0.0,0.0,0.0,0.0
"TIMOB-24277",False,"test",0.0,0.15545040369033813,0.0,0.2395171821117401,0.0,0.0,0.0,0.5983552932739258,0.0,0.0,0.0
"TIMOB-24254",False,"test",0.0,0.5232818126678467,0.0,0.38622796535491943,0.0,0.0,0.0,0.08563052117824554,0.0,0.0,0.0
"TIMOB-24252",False,"test",0.0,0.6620660424232483,0.0,0.0,0.0,0.0,0.0,0.0,0.0,0.0,0.29243743419647217
"TIMOB-24246",False,"test",0.012991536408662796,0.8700805902481079,0.012991811148822308,0.012992003001272678,0.012991895899176598,0.012991712428629398,0.012991842813789845,0.01299259066581726,0.012991862371563911,0.012992104515433311,0.012992034666240215
"TIMOB-24241",False,"test",0.0,0.0,0.0,0.0,0.0,0.7652010321617126,0.0,0.21840879321098328,0.0,0.0,0.0
"TIMOB-24231",False,"test",0.0,0.0,0.0,0.0,0.2936820387840271,0.6690384745597839,0.0,0.0,0.0,0.0,0.0
"TIMOB-24226",False,"test",0.0,0.22969132661819458,0.0,0.18569481372833252,0.32025566697120667,0.02838832139968872,0.0,0.23364034295082092,0.0,0.0,0.0
"TIMOB-24218",True,"test",0.0,0.0,0.0,0.0,0.3655983805656433,0.30813005566596985,0.11909209191799164,0.19332875311374664,0.0,0.0,0.0
"TIMOB-24192",False,"test",0.0,0.5181145668029785,0.0,0.2076258808374405,0.0,0.0,0.0,0.2656953036785126,0.0,0.0,0.0
"TIMOB-24176",False,"test",0.0,0.0,0.0,0.5936135053634644,0.0,0.0,0.35899457335472107,0.044310495257377625,0.0,0.0,0.0
"TIMOB-24159",False,"test",0.07443030923604965,0.0,0.0,0.7571631073951721,0.0,0.0,0.0,0.023367442190647125,0.0,0.13777761161327362,0.0
"TIMOB-24149",False,"test",0.0,0.6994203925132751,0.0,0.0,0.0,0.0,0.0,0.0,0.0,0.2741757929325104,0.0
"TIMOB-24147",False,"test",0.0,0.0,0.0,0.0,0.0,0.0,0.0,0.9696800112724304,0.0,0.0,0.0
"TIMOB-24140",False,"test",0.0,0.4458005428314209,0.0,0.0,0.0,0.0,0.0,0.2206813097000122,0.0,0.0,0.31193631887435913
"TIMOB-24138",False,"test",0.0,0.48241934180259705,0.0,0.0,0.0,0.0,0.0,0.51449054479599,0.0,0.0,0.0
"TIMOB-24132",False,"test",0.0,0.8805704116821289,0.0,0.0,0.0,0.0,0.1103099063038826,0.0,0.0,0.0,0.0
"TIMOB-24128",False,"test",0.14924433827400208,0.0,0.0,0.0,0.0,0.5482774376869202,0.0,0.0,0.0,0.28631073236465454,0.0
"TIMOB-24127",False,"test",0.0,0.0,0.0,0.8002527356147766,0.0,0.10193631798028946,0.0,0.0,0.0,0.09559633582830429,0.0
"TIMOB-24124",False,"test",0.0,0.8917853236198425,0.0,0.0,0.10144650936126709,0.0,0.0,0.0,0.0,0.0,0.0
"TIMOB-24110",False,"test",0.0,0.3222222626209259,0.0,0.0,0.0,0.04686202481389046,0.0,0.6101182699203491,0.0,0.0,0.0
"TIMOB-24102",False,"test",0.0,0.04895707219839096,0.0,0.0,0.0,0.0,0.3419265151023865,0.5995298027992249,0.0,0.0,0.0
"TIMOB-24091",False,"test",0.0,0.0,0.0,0.0,0.0,0.7023798823356628,0.0,0.0,0.0,0.0,0.2862450182437897
"TIMOB-24086",False,"test",0.0,0.0,0.0,0.0,0.5241403579711914,0.0,0.08081768453121185,0.37588587403297424,0.0,0.0,0.0
"TIMOB-24058",False,"test",0.0,0.8054811954498291,0.0,0.0,0.0,0.0,0.0,0.18710526823997498,0.0,0.0,0.0
"TIMOB-24056",False,"test",0.0,0.0,0.0,0.0,0.0,0.6602403521537781,0.0,0.32194870710372925,0.0,0.0,0.0
"TIMOB-24040",False,"test",0.013682853430509567,0.020960677415132523,0.0,0.8521602749824524,0.0,0.0,0.0,0.0,0.10191524028778076,0.0,0.0
"TIMOB-24028",False,"test",0.0,0.022073976695537567,0.0,0.0,0.0,0.9284265041351318,0.0,0.0,0.0,0.0,0.03755347803235054
"TIMOB-24019",False,"test",0.0,0.5716063976287842,0.0,0.0,0.0,0.0,0.0,0.4093449115753174,0.0,0.0,0.0
"TIMOB-23991",False,"test",0.0,0.0,0.0,0.19831284880638123,0.0,0.0,0.0,0.0,0.7471122145652771,0.0,0.0
"TIMOB-23989",False,"test",0.0,0.9860107898712158,0.0,0.0,0.0,0.0,0.0,0.0,0.0,0.0,0.0
"TIMOB-23960",False,"test",0.0,0.0,0.0,0.0,0.0,0.518426775932312,0.0,0.4669179916381836,0.0,0.0,0.0
"TIMOB-23941",False,"test",0.0,0.039979349821805954,0.0,0.0,0.03478353098034859,0.8818990588188171,0.0,0.039174165576696396,0.0,0.0,0.0
"TIMOB-23940",False,"test",0.0,0.33780115842819214,0.0,0.0,0.0,0.11267457157373428,0.0,0.0,0.0,0.5293117761611938,0.0
"TIMOB-23938",False,"test",0.07516219466924667,0.0,0.0,0.4408200979232788,0.03058198094367981,0.15449820458889008,0.12058134377002716,0.0,0.0,0.14441348612308502,0.03200333192944527
"TIMOB-23923",False,"test",0.0,0.2717272937297821,0.0,0.0,0.0,0.0,0.0,0.523449718952179,0.0,0.0,0.1915690004825592
"TIMOB-23890",False,"test",0.0,0.734885036945343,0.0,0.0,0.0,0.2606092095375061,0.0,0.0,0.0,0.0,0.0
"TIMOB-23885",False,"test",0.0,0.29036787152290344,0.0,0.0,0.0,0.0,0.0,0.5079512596130371,0.0,0.1912440061569214,0.0
"TIMOB-23880",False,"test",0.0,0.7854688167572021,0.0,0.0,0.0,0.0,0.0,0.0,0.0,0.0,0.19908948242664337
"TIMOB-23878",False,"test",0.14407505095005035,0.0,0.0,0.0,0.0,0.8508543968200684,0.0,0.0,0.0,0.0,0.0
"TIMOB-23869",False,"test",0.0,0.29605650901794434,0.0,0.0,0.0,0.0,0.0,0.47426608204841614,0.0,0.2252071052789688,0.0
"TIMOB-23866",False,"test",0.0,0.33315491676330566,0.0,0.0,0.5478284358978271,0.0,0.03335719555616379,0.0,0.0,0.08172550797462463,0.0
"TIMOB-23840",False,"test",0.0,0.2610904574394226,0.0,0.0,0.0,0.42535993456840515,0.2957405149936676,0.0,0.0,0.0,0.0
"TIMOB-23837",False,"test",0.0,0.0,0.0,0.1358509361743927,0.0,0.8094704747200012,0.0,0.0,0.0,0.0,0.0
"TIMOB-23816",False,"test",0.0,0.0,0.0,0.0,0.0,0.7622103095054626,0.0,0.0,0.0,0.0,0.23312672972679138
"TIMOB-23797",False,"test",0.0,0.0,0.0,0.22814278304576874,0.0,0.0,0.27961108088493347,0.4642413258552551,0.0,0.0,0.0
"TIMOB-23768",False,"test",0.0,0.36839911341667175,0.0,0.0,0.35216569900512695,0.27185365557670593,0.0,0.0,0.0,0.0,0.0
"TIMOB-23764",False,"test",0.0,0.04602546989917755,0.0,0.0,0.0,0.9434714317321777,0.0,0.0,0.0,0.0,0.0
"TIMOB-23753",False,"test",0.0,0.0,0.04286845028400421,0.0,0.0,0.0,0.0,0.0,0.0,0.2459074854850769,0.7080041766166687
"TIMOB-23748",False,"test",0.0,0.09194992482662201,0.0,0.0,0.6039460301399231,0.29195350408554077,0.0,0.0,0.0,0.0,0.0
"TIMOB-23745",False,"test",0.10691656917333603,0.0,0.5807985663414001,0.0,0.0,0.0,0.0,0.0,0.0,0.0,0.30186423659324646
"TIMOB-23728",False,"test",0.2081308811903,0.5130324363708496,0.0,0.0,0.0,0.24245376884937286,0.0,0.0,0.0,0.0,0.0
"TIMOB-23716",False,"test",0.0,0.0,0.0,0.0,0.0,0.0,0.0,0.9890370965003967,0.0,0.0,0.0
"TIMOB-23714",False,"test",0.0,0.7325670123100281,0.0,0.0,0.25833195447921753,0.0,0.0,0.0,0.0,0.0,0.0
"TIMOB-23709",False,"test",0.0,0.0,0.0,0.0,0.0,0.4076995551586151,0.46107661724090576,0.0,0.1115541160106659,0.0,0.0
"TIMOB-23696",False,"test",0.0,0.6162461638450623,0.0,0.34065020084381104,0.0,0.0,0.0,0.0,0.0,0.0,0.0
"TIMOB-23693",False,"test",0.0,0.9920849800109863,0.0,0.0,0.0,0.0,0.0,0.0,0.0,0.0,0.0
"TIMOB-23687",False,"test",0.0,0.6707034707069397,0.0,0.0,0.0,0.0,0.20360255241394043,0.0,0.0,0.10650268942117691,0.0
"TIMOB-23658",False,"test",0.0,0.7297171950340271,0.0,0.0,0.0,0.0,0.0,0.24929535388946533,0.0,0.0,0.0
"TIMOB-23620",False,"test",0.0,0.0,0.0,0.0,0.0,0.7558881044387817,0.16802924871444702,0.06597607582807541,0.0,0.0,0.0
"TIMOB-23614",False,"test",0.0,0.0,0.0,0.0,0.0,0.17785502970218658,0.18308445811271667,0.2581244111061096,0.06538300961256027,0.313549280166626,0.0
"TIMOB-23612",True,"test",0.0,0.0,0.0,0.0,0.0,0.0,0.0,0.0,0.0,0.5953072309494019,0.32273927330970764
"TIMOB-23610",False,"test",0.0,0.0,0.0,0.0,0.0,0.7596272826194763,0.0,0.0,0.0,0.0,0.19939468801021576
"TIMOB-23607",False,"test",0.0,0.3930004835128784,0.0,0.0,0.0,0.0,0.0,0.5990535020828247,0.0,0.0,0.0
"TIMOB-23606",False,"test",0.0,0.0,0.0,0.0,0.0,0.8826828598976135,0.0,0.0,0.09510008245706558,0.0,0.0
"TIMOB-23604",False,"test",0.0,0.0,0.0,0.0,0.0,0.6638231873512268,0.3180800974369049,0.0,0.0,0.0,0.0
"TIMOB-23603",False,"test",0.0,0.0,0.0,0.0,0.0,0.9286723732948303,0.0,0.05334564298391342,0.0,0.0,0.0
"TIMOB-23597",False,"test",0.0,0.0,0.06174645572900772,0.0,0.0,0.9203150272369385,0.0,0.0,0.0,0.0,0.0
"TIMOB-23589",False,"test",0.0,0.0,0.0,0.0,0.0,0.9303057193756104,0.0,0.051707420498132706,0.0,0.0,0.0
"TIMOB-23586",False,"test",0.0,0.0,0.0,0.0,0.0,0.9788548946380615,0.0,0.0,0.0,0.0,0.0
"TIMOB-23580",False,"test",0.0,0.0,0.0,0.0,0.3608638048171997,0.0,0.0,0.6186612248420715,0.0,0.0,0.0
"TIMOB-23573",False,"test",0.018184548243880272,0.018185511231422424,0.018183553591370583,0.01818380318582058,0.018184654414653778,0.40640953183174133,0.018185241147875786,0.018184030428528786,0.018183618783950806,0.01818450354039669,0.42993098497390747
"TIMOB-23569",False,"test",0.0,0.0,0.0,0.0,0.0,0.973251461982727,0.0,0.0,0.0,0.0,0.0
"TIMOB-23563",False,"test",0.0,0.09634966403245926,0.0,0.0,0.0,0.6764664649963379,0.1590636670589447,0.0,0.06547800451517105,0.0,0.0
"TIMOB-23559",False,"test",0.0,0.048970628529787064,0.0,0.0,0.0,0.9399635195732117,0.0,0.0,0.0,0.0,0.0
"TIMOB-23546",False,"test",0.0,0.0,0.0,0.0,0.0,0.0,0.0,0.9922900199890137,0.0,0.0,0.0
"TIMOB-23525",False,"test",0.0,0.0,0.0,0.0,0.0,0.8486723899841309,0.0,0.12208271771669388,0.0,0.0,0.0
"TIMOB-23521",False,"test",0.0,0.36669787764549255,0.0,0.0,0.0,0.5540770292282104,0.0,0.05648360028862953,0.0,0.0,0.0
"TIMOB-23517",False,"test",0.0,0.0,0.0,0.0,0.0,0.12580691277980804,0.0,0.47497543692588806,0.0,0.36888545751571655,0.0
"TIMOB-23514",False,"test",0.0,0.41815242171287537,0.0,0.0,0.0,0.0,0.0,0.0,0.0,0.5408914089202881,0.0
"TIMOB-23511",False,"test",0.0,0.35547322034835815,0.0,0.0,0.0,0.2761004567146301,0.0,0.35293975472450256,0.0,0.0,0.0
"TIMOB-23510",False,"test",0.0,0.0,0.0,0.0,0.0,0.666386604309082,0.0,0.2854576110839844,0.0,0.0,0.0
"TIMOB-23503",False,"test",0.0,0.5831084847450256,0.0,0.16775059700012207,0.0,0.0,0.0,0.24417170882225037,0.0,0.0,0.0
"TIMOB-23484",False,"test",0.0,0.0,0.22339719533920288,0.0,0.07456503063440323,0.4980617165565491,0.08774465322494507,0.0,0.10591956228017807,0.0,0.0
"TIMOB-23481",False,"test",0.9090349078178406,0.0,0.0,0.0,0.0,0.0,0.0,0.0,0.0,0.0,0.0
"TIMOB-23479",True,"test",0.0,0.4202825427055359,0.0,0.0,0.0,0.0,0.0,0.5371965765953064,0.0,0.034824736416339874,0.0
"TIMOB-23476",False,"test",0.0,0.1829608529806137,0.0,0.0,0.0,0.284993052482605,0.0,0.2929844260215759,0.0,0.23460733890533447,0.0
"TIMOB-23468",False,"test",0.0,0.0,0.0,0.1981230527162552,0.0,0.3163222074508667,0.25118476152420044,0.22630980610847473,0.0,0.0,0.0
"TIMOB-23461",False,"test",0.0,0.9569846391677856,0.0,0.0,0.0,0.0,0.0,0.03303438052535057,0.0,0.0,0.0
"TIMOB-23455",False,"test",0.0,0.9464675784111023,0.0,0.0,0.0,0.0,0.0,0.0,0.0,0.0,0.0
"TIMOB-23453",False,"test",0.0,0.0,0.0,0.0,0.0,0.0,0.5390865206718445,0.43930134177207947,0.0,0.0,0.0
"TIMOB-23427",False,"test",0.0,0.48695504665374756,0.0,0.0,0.0,0.0,0.0,0.5052378177642822,0.0,0.0,0.0
"TIMOB-23416",False,"test",0.0,0.0,0.0,0.0,0.0,0.41650187969207764,0.0,0.3378831744194031,0.0,0.0,0.23291176557540894
"TIMOB-23415",False,"test",0.0,0.0,0.0,0.0,0.0,0.0,0.6004064679145813,0.36238953471183777,0.0,0.0,0.0
"TIMOB-23414",False,"test",0.0,0.0,0.0,0.0,0.0,0.4091333746910095,0.43767350912094116,0.0,0.0,0.0,0.14978456497192383
"TIMOB-23411",False,"test",0.0,0.0,0.0,0.0,0.0,0.0,0.0,0.7801674604415894,0.1882307082414627,0.0,0.0
"TIMOB-23406",False,"test",0.0,0.052641142159700394,0.0,0.0,0.0,0.08031588792800903,0.0,0.5672476887702942,0.10183116048574448,0.19257625937461853,0.0
"TIMOB-23404",False,"test",0.0,0.0,0.0,0.0,0.0,0.2756413221359253,0.0,0.0,0.0,0.1866355836391449,0.522314727306366
"TIMOB-23398",False,"test",0.0,0.0,0.0,0.0,0.40079423785209656,0.5894321203231812,0.0,0.0,0.0,0.0,0.0
"TIMOB-23392",False,"test",0.0,0.04672412574291229,0.0,0.0,0.76250159740448,0.18178397417068481,0.0,0.0,0.0,0.0,0.0
"TIMOB-23388",False,"test",0.011367411352694035,0.01136696245521307,0.011366893537342548,0.5080097913742065,0.011367100290954113,0.3896864354610443,0.011367108672857285,0.011367284692823887,0.011367343366146088,0.01136679109185934,0.011366871185600758
"TIMOB-23383",False,"test",0.0,0.0,0.0,0.0,0.0,0.4830382168292999,0.0,0.3555707037448883,0.0,0.15069074928760529,0.0
"TIMOB-23382",False,"test",0.2317696511745453,0.0,0.0,0.0,0.0,0.7487281560897827,0.0,0.0,0.0,0.0,0.0
"TIMOB-23381",False,"test",0.0,0.0,0.08497176319360733,0.0,0.0,0.5954968333244324,0.0,0.2447800487279892,0.0,0.0,0.061989255249500275
"TIMOB-23377",True,"test",0.0,0.0,0.0,0.0,0.0,0.0,0.0,0.9890447854995728,0.0,0.0,0.0
"TIMOB-23370",True,"test",0.0,0.04906649887561798,0.0,0.0,0.0,0.8658753633499146,0.0,0.06719540059566498,0.0,0.0,0.0
"TIMOB-23363",False,"test",0.0,0.5642035007476807,0.0,0.0,0.1650424599647522,0.0,0.0,0.2654401361942291,0.0,0.0,0.0
"TIMOB-23357",False,"test",0.0,0.043025482445955276,0.0,0.0,0.0,0.0,0.0,0.0,0.0,0.0,0.9513678550720215
"TIMOB-23352",False,"test",0.0,0.1965366005897522,0.03890421614050865,0.0,0.0,0.0,0.0,0.7543123364448547,0.0,0.0,0.0
"TIMOB-23332",False,"test",0.0,0.0,0.0,0.0,0.9350231289863586,0.0,0.0,0.0,0.0,0.0,0.0
"TIMOB-23331",False,"test",0.0,0.0,0.0,0.0,0.0,0.0,0.0,0.7729642987251282,0.0,0.0,0.14469870924949646
"TIMOB-23305",False,"test",0.0,0.14041699469089508,0.0,0.06621783971786499,0.0,0.0,0.0,0.7824925780296326,0.0,0.0,0.0
"TIMOB-23302",False,"test",0.0,0.0,0.0,0.0,0.0,0.6787318587303162,0.0,0.07291267812252045,0.09330853074789047,0.05628121271729469,0.08714307844638824
"TIMOB-23296",False,"test",0.0,0.5200362205505371,0.0,0.0,0.0,0.4214695394039154,0.0,0.0,0.0,0.0,0.0
"TIMOB-23279",False,"test",0.1345188170671463,0.0,0.0,0.0,0.8433600664138794,0.0,0.0,0.0,0.0,0.0,0.0
"TIMOB-23274",False,"test",0.0,0.5179759860038757,0.0,0.05699212849140167,0.0,0.0,0.07911920547485352,0.3426121771335602,0.0,0.0,0.0
"TIMOB-23273",False,"test",0.0,0.0,0.0,0.27536875009536743,0.0,0.0,0.0,0.0,0.0,0.4646020531654358,0.24306994676589966
"TIMOB-23267",False,"test",0.0,0.6417627334594727,0.0,0.0,0.0,0.0,0.0,0.3289998471736908,0.0,0.0,0.0
"TIMOB-23261",False,"test",0.0,0.240437850356102,0.0,0.0,0.0,0.1144215390086174,0.15163230895996094,0.0,0.0,0.48881110548973083,0.0
"TIMOB-23251",False,"test",0.0,0.0,0.0,0.0,0.0,0.9636235237121582,0.0,0.0,0.0,0.0,0.0
"TIMOB-23241",False,"test",0.0,0.0,0.0,0.0,0.0,0.968612790107727,0.0,0.0,0.0,0.0,0.0
"TIMOB-23237",False,"test",0.0,0.07331522554159164,0.0,0.0,0.4021044671535492,0.0,0.40081140398979187,0.0624532550573349,0.0,0.05848342552781105,0.0
"TIMOB-23205",False,"test",0.0,0.49588319659233093,0.0,0.0,0.0,0.18466946482658386,0.0,0.3090435564517975,0.0,0.0,0.0
"TIMOB-23193",False,"test",0.0,0.23155543208122253,0.0,0.0,0.0,0.749818742275238,0.0,0.0,0.0,0.0,0.0
"TIMOB-23186",False,"test",0.0,0.0,0.0,0.0,0.22208638489246368,0.7656619548797607,0.0,0.0,0.0,0.0,0.0
"TIMOB-23181",False,"test",0.0,0.0,0.0,0.0,0.6363436579704285,0.1979951560497284,0.0,0.0,0.0,0.0,0.16071103513240814
"TIMOB-23175",False,"test",0.0,0.1555313766002655,0.0,0.0,0.0,0.832020103931427,0.0,0.0,0.0,0.0,0.0
"TIMOB-23171",False,"test",0.010770205408334732,0.0418366864323616,0.0,0.0,0.0,0.8509761095046997,0.05440347641706467,0.0,0.0,0.0,0.04111531749367714
"TIMOB-23170",False,"test",0.0,0.011189189739525318,0.0,0.0,0.5558902025222778,0.23961783945560455,0.0,0.18910850584506989,0.0,0.0,0.0
"TIMOB-23165",False,"test",0.0,0.0,0.0,0.45069757103919983,0.0,0.0,0.49584001302719116,0.0,0.0,0.0,0.04925122484564781
"TIMOB-23164",False,"test",0.0,0.0,0.0,0.0,0.41532233357429504,0.0,0.0,0.5474339127540588,0.0,0.0,0.0
"TIMOB-23159",False,"test",0.0,0.0,0.0,0.0,0.0,0.9520540237426758,0.0,0.0,0.0,0.0,0.0
"TIMOB-23158",False,"test",0.0,0.5865449905395508,0.0,0.0,0.0,0.30695971846580505,0.0,0.09993656724691391,0.0,0.0,0.0
"TIMOB-23148",False,"test",0.0,0.0,0.0,0.0,0.0,0.3556373715400696,0.6012919545173645,0.0,0.0,0.0,0.0
"TIMOB-23145",True,"test",0.20213089883327484,0.0,0.0,0.0,0.0,0.0,0.0,0.13210950791835785,0.12230674177408218,0.2028478980064392,0.32873186469078064
"TIMOB-23143",False,"test",0.0,0.0,0.09556183964014053,0.0,0.868827760219574,0.0,0.0,0.0,0.0,0.0,0.0
"TIMOB-23132",False,"test",0.010105069726705551,0.8989484310150146,0.010105033405125141,0.010104930959641933,0.010105952620506287,0.010105248540639877,0.010105064138770103,0.010105235502123833,0.010105164721608162,0.010105050168931484,0.010104864835739136
"TIMOB-23127",False,"test",0.0,0.0,0.0,0.216733917593956,0.0,0.0,0.1385958045721054,0.6345457434654236,0.0,0.0,0.0
"TIMOB-23125",False,"test",0.0,0.0,0.0,0.21968470513820648,0.0,0.0,0.0,0.7709024548530579,0.0,0.0,0.0
"TIMOB-20621",False,"test",0.0,0.17533396184444427,0.0,0.0,0.0,0.0,0.0,0.7856888175010681,0.0,0.0,0.0
"TIMOB-20619",False,"test",0.0,0.34699153900146484,0.0,0.045079346746206284,0.19074741005897522,0.0,0.0,0.34486162662506104,0.0,0.0,0.07149545103311539
"TIMOB-20608",False,"test",0.0,0.0,0.0,0.0,0.0,0.0,0.20482653379440308,0.6460451483726501,0.0,0.0,0.1270703226327896
"TIMOB-20607",False,"test",0.0,0.0,0.0,0.0,0.0,0.2474643886089325,0.0,0.40578964352607727,0.0,0.3012513816356659,0.0
"TIMOB-20601",False,"test",0.0,0.03252093121409416,0.0,0.0,0.0795297920703888,0.0,0.0,0.6368666291236877,0.0,0.0,0.24483002722263336
"TIMOB-20589",False,"test",0.0,0.0,0.0,0.0,0.0,0.0,0.0,0.9545057415962219,0.0,0.0,0.0
"TIMOB-20583",False,"test",0.01795920357108116,0.0,0.0,0.8978554606437683,0.0,0.0,0.0,0.048139624297618866,0.032947178930044174,0.0,0.0
"TIMOB-20581",False,"test",0.0,0.6144892573356628,0.0,0.20287762582302094,0.17416951060295105,0.0,0.0,0.0,0.0,0.0,0.0
"TIMOB-20547",False,"test",0.0,0.0,0.0,0.0,0.0,0.5049688220024109,0.0,0.46074536442756653,0.0,0.0,0.0
"TIMOB-20519",False,"test",0.0,0.0,0.0,0.0,0.0,0.9740198850631714,0.0,0.0,0.0,0.0,0.0
"TIMOB-20505",False,"test",0.12036406248807907,0.0,0.0,0.17019717395305634,0.0,0.0,0.0,0.12323670834302902,0.0886119157075882,0.47548922896385193,0.0
"TIMOB-20451",False,"test",0.0,0.0,0.0,0.0,0.5225110650062561,0.0,0.09225761145353317,0.376118004322052,0.0,0.0,0.0
"TIMOB-20434",False,"test",0.05407063290476799,0.043472446501255035,0.0,0.6337668299674988,0.0,0.12286578118801117,0.0,0.03596767783164978,0.10149461776018143,0.0,0.0
"TIMOB-20424",False,"test",0.0,0.0,0.0,0.0,0.0939813107252121,0.0,0.0,0.889960765838623,0.0,0.0,0.0
"TIMOB-20376",True,"test",0.0339619480073452,0.09935552626848221,0.0,0.0,0.038761429488658905,0.4281602203845978,0.2183873951435089,0.0,0.0,0.0,0.18087995052337646
"TIMOB-20375",False,"test",0.0,0.0,0.0,0.0,0.0,0.9173099994659424,0.0,0.0,0.0,0.0,0.0
"TIMOB-20367",False,"test",0.0,0.5069006681442261,0.0,0.0,0.0,0.0,0.0,0.0,0.0,0.45585179328918457,0.0
"TIMOB-20350",False,"test",0.16514866054058075,0.0,0.31371498107910156,0.0,0.0,0.5003373026847839,0.0,0.0,0.0,0.0,0.0
"TIMOB-20300",False,"test",0.5058819055557251,0.0,0.0,0.0,0.0,0.0,0.0,0.46378251910209656,0.0,0.0,0.0
"TIMOB-20299",False,"test",0.0,0.0,0.0,0.0,0.22866344451904297,0.42175012826919556,0.0,0.0,0.0,0.11744387447834015,0.23009179532527924
"TIMOB-20294",False,"test",0.0,0.0,0.0,0.0,0.0,0.8307679295539856,0.0,0.0,0.13512346148490906,0.0,0.0
"TIMOB-20263",False,"test",0.0,0.0,0.2867194712162018,0.0,0.0,0.3589625060558319,0.0,0.3292328715324402,0.0,0.0,0.0
"TIMOB-20256",False,"test",0.0,0.4192405939102173,0.14373400807380676,0.0,0.0,0.42216911911964417,0.0,0.0,0.0,0.0,0.0
"TIMOB-20252",False,"test",0.0,0.13654792308807373,0.0,0.0,0.19244858622550964,0.6636543273925781,0.0,0.0,0.0,0.0,0.0
"TIMOB-20241",False,"test",0.0,0.0,0.0,0.0,0.0,0.9170389175415039,0.0,0.0,0.0,0.0,0.0
"TIMOB-20236",True,"test",0.0,0.2738513946533203,0.0,0.0,0.049890708178281784,0.0,0.0,0.5014981031417847,0.0,0.17096570134162903,0.0
"TIMOB-20233",False,"test",0.0,0.0,0.0,0.0,0.0,0.9814234375953674,0.0,0.0,0.0,0.0,0.0
"TIMOB-20231",False,"test",0.0,0.9269647002220154,0.0,0.0,0.0,0.0,0.0,0.0,0.0,0.051988471299409866,0.0
"TIMOB-20217",False,"test",0.0,0.5719372034072876,0.0,0.07082140445709229,0.1906231939792633,0.0,0.0,0.10674895346164703,0.0,0.05759083479642868,0.0
"TIMOB-20205",False,"test",0.0,0.9724429845809937,0.0,0.0,0.0,0.0,0.0,0.0,0.0,0.0,0.0
"TIMOB-20195",False,"test",0.0,0.5553901195526123,0.0,0.0,0.0,0.0,0.0,0.31563761830329895,0.0,0.11741336435079575,0.0
"TIMOB-20191",False,"test",0.0,0.9621022939682007,0.0,0.0,0.0,0.0,0.0,0.0,0.0,0.0,0.0
"TIMOB-20190",False,"test",0.0,0.0,0.0,0.0,0.736128032207489,0.0,0.0,0.0,0.0,0.23350167274475098,0.0
"TIMOB-20189",False,"test",0.0,0.0,0.0,0.0,0.0,0.07008713483810425,0.0,0.0,0.0,0.7059498429298401,0.21094459295272827
"TIMOB-20187",False,"test",0.0,0.0,0.0,0.0,0.0,0.0,0.0,0.9818087220191956,0.0,0.0,0.0
"TIMOB-20176",False,"test",0.0,0.0,0.0,0.011759470216929913,0.0,0.061886049807071686,0.0,0.918261706829071,0.0,0.0,0.0
"TIMOB-20174",False,"test",0.0,0.0,0.0,0.0,0.02819732017815113,0.0,0.0,0.9155123233795166,0.0,0.050051696598529816,0.0
"TIMOB-20173",False,"test",0.0,0.0,0.0,0.0,0.0,0.0,0.6475124955177307,0.0,0.0,0.0,0.3209775388240814
"TIMOB-20163",False,"test",0.0914769247174263,0.0,0.0,0.0,0.28345221281051636,0.6068580746650696,0.0,0.0,0.0,0.0,0.0
"TIMOB-20159",False,"test",0.0,0.0,0.0,0.0,0.6619691848754883,0.32502472400665283,0.0,0.0,0.0,0.0,0.0
"TIMOB-20139",False,"test",0.0,0.0,0.0,0.0,0.790876567363739,0.0,0.0,0.18085840344429016,0.0,0.0,0.0
"TIMOB-20098",False,"test",0.0,0.0,0.0,0.0,0.0,0.9393541812896729,0.0,0.0,0.0,0.0,0.0
"TIMOB-20097",False,"test",0.0,0.7332281470298767,0.0,0.0,0.0,0.08346046507358551,0.0,0.0,0.0,0.16638918220996857,0.0
"TIMOB-20096",False,"test",0.0,0.0,0.0,0.0,0.6275625824928284,0.3550175726413727,0.0,0.0,0.0,0.0,0.0
"TIMOB-20090",False,"test",0.0,0.6449229121208191,0.0,0.0,0.0,0.0,0.0,0.0,0.31608420610427856,0.0,0.0
"TIMOB-20089",False,"test",0.0,0.0,0.0,0.9967504739761353,0.0,0.0,0.0,0.0,0.0,0.0,0.0
"TIMOB-20079",False,"test",0.0,0.0,0.0,0.0,0.0,0.0,0.0,0.9545301795005798,0.0,0.0,0.0
"TIMOB-20072",False,"test",0.0,0.551577627658844,0.0,0.0,0.0,0.0,0.0,0.18781858682632446,0.0,0.1093192845582962,0.1461874395608902
"TIMOB-20064",False,"test",0.0,0.04503414407372475,0.1739896684885025,0.037606414407491684,0.0,0.35463273525238037,0.17199623584747314,0.14993488788604736,0.0,0.0,0.06304311007261276
"TIMOB-20049",False,"test",0.0,0.0,0.0,0.0,0.6699027419090271,0.3133941888809204,0.0,0.0,0.0,0.0,0.0
"TIMOB-19967",False,"test",0.0,0.0,0.0,0.0,0.0,0.05282250791788101,0.051345814019441605,0.01892418973147869,0.47801825404167175,0.03746386244893074,0.3609696626663208
"TIMOB-19943",False,"test",0.0,0.0,0.0,0.0,0.0,0.04965565726161003,0.5838040113449097,0.35892289876937866,0.0,0.0,0.0
"TIMOB-19867",False,"test",0.0,0.0,0.0,0.0,0.9674883484840393,0.0,0.0,0.0,0.0,0.0,0.0
"TIMOB-19853",False,"test",0.018183959648013115,0.01818559132516384,0.018184589222073555,0.01818476989865303,0.01818442903459072,0.01818627491593361,0.818149745464325,0.018185188993811607,0.018185002729296684,0.018185364082455635,0.018185092136263847
"TIMOB-19837",False,"test",0.2933160960674286,0.0,0.0,0.0,0.0,0.4782566428184509,0.0,0.0,0.0,0.17988063395023346,0.0
"TIMOB-19828",False,"test",0.0,0.0,0.0,0.0,0.0,0.780832827091217,0.17604254186153412,0.0,0.0,0.0,0.0
"TIMOB-19817",False,"test",0.0,0.1462360918521881,0.0,0.0,0.0,0.1353769451379776,0.0,0.6590043902397156,0.0,0.0,0.04932691901922226
"TIMOB-19791",False,"test",0.0,0.0,0.10184471309185028,0.0,0.0,0.3514401316642761,0.08955354988574982,0.0,0.43658447265625,0.0,0.0
"TIMOB-19733",True,"test",0.0,0.7014665007591248,0.0,0.0,0.0,0.0,0.0,0.2814624607563019,0.0,0.0,0.0
"TIMOB-19704",False,"test",0.0,0.0,0.3437839150428772,0.0,0.0,0.6190013885498047,0.0,0.0,0.0,0.0,0.0
"TIMOB-19700",False,"test",0.0,0.35529831051826477,0.0,0.0,0.0,0.6174187064170837,0.0,0.0,0.0,0.0,0.0
"TIMOB-19685",False,"test",0.0,0.0,0.0,0.0,0.0,0.9855594635009766,0.0,0.0,0.0,0.0,0.0
"TIMOB-19672",False,"test",0.0,0.0,0.0,0.0,0.042047783732414246,0.6526837348937988,0.0,0.0,0.0,0.15563933551311493,0.14287805557250977
"TIMOB-19660",False,"test",0.0,0.0,0.0,0.9868934154510498,0.0,0.0,0.0,0.0,0.0,0.0,0.0
"TIMOB-19657",False,"test",0.0,0.0,0.0,0.0,0.0,0.9430711269378662,0.0,0.0,0.0,0.0,0.0
"TIMOB-19655",False,"test",0.0,0.0,0.8005872964859009,0.0,0.0,0.1678534299135208,0.0,0.0,0.0,0.0,0.0
"TIMOB-19644",False,"test",0.0,0.0,0.0,0.0,0.0,0.5235792994499207,0.0,0.0,0.42524924874305725,0.0,0.0
"TIMOB-19618",False,"test",0.0,0.45218273997306824,0.0,0.0,0.0,0.020160237327218056,0.10294228047132492,0.4212132692337036,0.0,0.0,0.0
"TIMOB-19575",False,"test",0.0,0.0,0.20576584339141846,0.0,0.0,0.7198361754417419,0.0,0.0,0.0,0.0,0.0
"TIMOB-19566",False,"test",0.9333726763725281,0.0,0.0,0.05297527462244034,0.0,0.0,0.0,0.0,0.0,0.0,0.0
"TIMOB-19562",False,"test",0.0,0.0,0.0,0.16939803957939148,0.05257068946957588,0.0,0.0,0.2540738880634308,0.0,0.0,0.5118533372879028
"TIMOB-19522",False,"test",0.0,0.5680699944496155,0.0,0.0,0.0,0.0,0.0,0.24678534269332886,0.0,0.16780880093574524,0.0
"TIMOB-19508",False,"test",0.0,0.0,0.0,0.0,0.9850044846534729,0.0,0.0,0.0,0.0,0.0,0.0
"TIMOB-19497",False,"test",0.6969051957130432,0.030308568850159645,0.030309073626995087,0.030308298766613007,0.030308982357382774,0.030312512069940567,0.03030962496995926,0.030309146270155907,0.030309638008475304,0.030310332775115967,0.030308684334158897
"TIMOB-19494",False,"test",0.5120865106582642,0.02274673990905285,0.022747108712792397,0.283185213804245,0.022747047245502472,0.022749705240130424,0.02274809591472149,0.022747168317437172,0.022747524082660675,0.022748079150915146,0.022746821865439415
"TIMOB-19484",False,"test",0.022819487378001213,0.022817332297563553,0.02281797304749489,0.022816868498921394,0.7718164920806885,0.02282143011689186,0.022818660363554955,0.02281770296394825,0.022818919271230698,0.022817768156528473,0.022817369550466537
"TIMOB-19483",False,"test",0.04546527937054634,0.045458029955625534,0.045460294932127,0.04545756056904793,0.045459356158971786,0.5453956127166748,0.04546225070953369,0.04545997828245163,0.04546236991882324,0.045460376888513565,0.045458924025297165
"TIMOB-19482",True,"test",0.0,0.24339565634727478,0.0,0.0,0.0,0.7210107445716858,0.0,0.0,0.0,0.0,0.0
"TIMOB-19481",False,"test",0.011365056969225407,0.011364735662937164,0.011364988051354885,0.011364507488906384,0.011364837177097797,0.886352002620697,0.011365068145096302,0.011364754289388657,0.01136475708335638,0.011364540085196495,0.011364777572453022
"TIMOB-19470",False,"test",0.0,0.0,0.0,0.14360909163951874,0.0,0.8433849811553955,0.0,0.0,0.0,0.0,0.0
"TIMOB-19447",False,"test",0.0,0.1823832094669342,0.0,0.0,0.5005450248718262,0.3128837049007416,0.0,0.0,0.0,0.0,0.0
"TIMOB-19445",False,"test",0.0,0.0,0.0,0.0,0.0,0.9862210750579834,0.0,0.0,0.0,0.0,0.0
"TIMOB-19420",False,"test",0.0,0.0,0.0,0.0,0.0,0.7893725037574768,0.0,0.0,0.0,0.0,0.18856582045555115
"TIMOB-19416",False,"test",0.0,0.6695762276649475,0.0,0.012875699438154697,0.0,0.31034359335899353,0.0,0.0,0.0,0.0,0.0
"TIMOB-19414",False,"test",0.0,0.0,0.0,0.0,0.06074940785765648,0.04459520801901817,0.3486740291118622,0.0,0.0,0.5324060320854187,0.0
"TIMOB-19409",False,"test",0.0,0.16983184218406677,0.0,0.0,0.0,0.0,0.0,0.7824831008911133,0.0,0.0,0.03869093209505081
"TIMOB-19399",False,"test",0.0,0.0,0.5039700865745544,0.0,0.0,0.0,0.0,0.45046672224998474,0.0,0.0,0.0
"TIMOB-19385",False,"test",0.0,0.0,0.0,0.5388585329055786,0.0,0.42698296904563904,0.0,0.0,0.0,0.0,0.0
"TIMOB-19379",False,"test",0.0,0.0,0.0,0.04285668954253197,0.0,0.7125151753425598,0.0,0.0,0.1698177456855774,0.07278402894735336,0.0
"TIMOB-19377",False,"test",0.0,0.9884856939315796,0.0,0.0,0.0,0.0,0.0,0.0,0.0,0.0,0.0
"TIMOB-19368",False,"test",0.0,0.0,0.0,0.39837372303009033,0.0,0.0,0.5197733044624329,0.0,0.0,0.0,0.0
"TIMOB-19355",False,"test",0.7773140668869019,0.0,0.1745331585407257,0.0,0.0,0.0,0.0,0.0,0.0,0.0,0.0
"TIMOB-19347",False,"test",0.0,0.0,0.0,0.0,0.5815644264221191,0.0,0.0,0.0,0.0,0.0,0.4035460948944092
"TIMOB-19344",False,"test",0.0,0.0,0.0,0.0,0.0,0.41039133071899414,0.0,0.0,0.0,0.06885465979576111,0.5154359936714172
"TIMOB-19326",False,"test",0.0,0.0,0.0,0.0,0.0,0.47483769059181213,0.4406709671020508,0.0,0.0,0.0,0.0822371318936348
"TIMOB-19312",False,"test",0.011370198801159859,0.8862989544868469,0.011369380168616772,0.011370106600224972,0.011369754560291767,0.011370431631803513,0.011369512416422367,0.011370303109288216,0.011370482854545116,0.011371116153895855,0.01136977132409811
"TIMOB-19303",False,"test",0.0,0.0,0.0,0.0,0.18904928863048553,0.6017436385154724,0.0,0.10102918744087219,0.0,0.0,0.10422153025865555
"TIMOB-19294",False,"test",0.0,0.19568495452404022,0.0,0.34812965989112854,0.15566131472587585,0.0,0.0,0.2920341193675995,0.0,0.0,0.0
"TIMOB-19293",False,"test",0.08274874091148376,0.4103192687034607,0.06867998093366623,0.13537275791168213,0.0,0.026396047323942184,0.0,0.09244876354932785,0.0,0.05657119303941727,0.12602883577346802
"TIMOB-19271",False,"test",0.0,0.6356921792030334,0.0,0.0,0.0,0.21783727407455444,0.0,0.1230010837316513,0.0,0.0,0.0
"TIMOB-19270",False,"test",0.0,0.0,0.0,0.0,0.0,0.7684901356697083,0.0666467696428299,0.15441420674324036,0.0,0.0,0.0
"TIMOB-19267",False,"test",0.0,0.0,0.0,0.0,0.0,0.0,0.9545271396636963,0.0,0.0,0.0,0.0
"TIMOB-19266",False,"test",0.0,0.0,0.0,0.0,0.0,0.46690893173217773,0.27895647287368774,0.24455741047859192,0.0,0.0,0.0
"TIMOB-19265",False,"test",0.0,0.05828366056084633,0.0,0.0,0.0,0.9293158650398254,0.0,0.0,0.0,0.0,0.0
"TIMOB-19264",False,"test",0.0,0.0,0.0,0.0,0.0,0.7748543620109558,0.0,0.0,0.0,0.0,0.22165679931640625
"TIMOB-19234",False,"test",0.0,0.0,0.0,0.07618966698646545,0.2999785542488098,0.18543578684329987,0.0,0.0,0.0,0.4309808313846588,0.0
"TIMOB-19225",False,"test",0.0,0.7820957899093628,0.0,0.0,0.2103249430656433,0.0,0.0,0.0,0.0,0.0,0.0
"TIMOB-19218",False,"test",0.0,0.0,0.0,0.23643067479133606,0.0,0.7413865923881531,0.0,0.0,0.0,0.0,0.0
"TIMOB-19216",False,"test",0.0,0.0,0.35566404461860657,0.0,0.0,0.5087936520576477,0.0,0.11473891884088516,0.0,0.0,0.0
"TIMOB-19213",False,"test",0.0,0.7712501883506775,0.0,0.04062068089842796,0.1780119091272354,0.0,0.0,0.0,0.0,0.0,0.0
"TIMOB-19195",False,"test",0.0,0.2752426564693451,0.0,0.0,0.0,0.0,0.0,0.6701917052268982,0.0,0.0,0.0
"TIMOB-19193",False,"test",0.0,0.0,0.0,0.0,0.0,0.34059426188468933,0.0,0.6415836811065674,0.0,0.0,0.0
"TIMOB-19187",False,"test",0.0,0.0,0.0,0.0,0.0,0.0,0.0,0.0,0.9586666226387024,0.0,0.0
"TIMOB-19186",False,"test",0.0,0.20488029718399048,0.0,0.0,0.0,0.0,0.743879497051239,0.0,0.0,0.0,0.0
"TIMOB-19180",False,"test",0.0,0.0,0.04005630686879158,0.0,0.4441933035850525,0.4792770445346832,0.0,0.0,0.03027675859630108,0.0,0.0
"TIMOB-19177",False,"test",0.0,0.0,0.0,0.0,0.530826210975647,0.43356508016586304,0.0,0.0,0.0,0.0,0.0
"TIMOB-19175",False,"test",0.045780032873153687,0.50520920753479,0.0,0.0,0.0689377710223198,0.0,0.0,0.0,0.0,0.36283794045448303,0.0
"TIMOB-19156",False,"test",0.0,0.0,0.0,0.1445046067237854,0.0,0.1800093650817871,0.0,0.48429542779922485,0.0,0.1816827654838562,0.0
"TIMOB-19153",False,"test",0.3102807104587555,0.0,0.0,0.0,0.0,0.346904993057251,0.1770576685667038,0.0,0.0,0.0,0.1563551425933838
"TIMOB-19152",False,"test",0.0,0.0,0.0,0.0,0.47353246808052063,0.5110224485397339,0.0,0.0,0.0,0.0,0.0
"TIMOB-19151",False,"test",0.0,0.123710036277771,0.0,0.0,0.0,0.42419496178627014,0.0,0.0,0.0,0.3523896634578705,0.074185810983181
"TIMOB-19144",False,"test",0.0,0.42464950680732727,0.0,0.0,0.0,0.3695932626724243,0.0,0.0,0.0,0.18755649030208588,0.0
"TIMOB-19142",False,"test",0.0,0.9783506393432617,0.0,0.0,0.0,0.0,0.0,0.0,0.0,0.0,0.0
"TIMOB-19137",True,"test",0.0,0.7839090824127197,0.0,0.07696963846683502,0.0,0.0,0.0,0.0,0.0,0.0,0.13305845856666565
"TIMOB-19123",False,"test",0.0,0.0,0.0,0.0,0.5586102604866028,0.0,0.3099714517593384,0.11225106567144394,0.0,0.0,0.0
"TIMOB-19107",False,"test",0.0,0.0787547379732132,0.0,0.0,0.5572306513786316,0.21143515408039093,0.06659024208784103,0.08149942010641098,0.0,0.0,0.0
"TIMOB-19093",False,"test",0.0,0.9818019270896912,0.0,0.0,0.0,0.0,0.0,0.0,0.0,0.0,0.0
"TIMOB-19086",False,"test",0.0,0.4081107974052429,0.0,0.0,0.3295768201351166,0.25384026765823364,0.0,0.0,0.0,0.0,0.0
"TIMOB-19078",False,"test",0.0,0.7937365770339966,0.0,0.0,0.0,0.0,0.0,0.1934015303850174,0.0,0.0,0.0
"TIMOB-19057",False,"test",0.0,0.0,0.39886975288391113,0.0,0.0,0.582095205783844,0.0,0.0,0.0,0.0,0.0
"TIMOB-19042",False,"test",0.0,0.5862897634506226,0.0,0.0,0.0,0.0,0.0,0.4041917324066162,0.0,0.0,0.0
"TIMOB-19035",True,"test",0.0,0.0,0.0,0.0,0.0,0.0,0.0,0.0,0.0,0.9545300602912903,0.0
"TIMOB-19034",False,"test",0.0,0.3121664524078369,0.0,0.0,0.41306957602500916,0.0,0.0,0.2665834128856659,0.0,0.0,0.0
"TIMOB-19031",False,"test",0.55987149477005,0.0,0.0,0.0,0.0,0.30347853899002075,0.0,0.0,0.0,0.0,0.09831235557794571
"TIMOB-19025",False,"test",0.5158596038818359,0.0,0.0,0.0,0.0,0.39129942655563354,0.0809333398938179,0.0,0.0,0.0,0.0
"TIMOB-19021",False,"test",0.0,0.0,0.0,0.0,0.01395595632493496,0.0,0.0,0.8067587018013,0.0,0.17153653502464294,0.0
"TIMOB-18997",False,"test",0.0,0.0,0.0,0.0,0.6179032921791077,0.0,0.0,0.35801708698272705,0.0,0.0,0.0
"TIMOB-18980",False,"test",0.0,0.7482635378837585,0.0,0.0,0.0,0.0,0.0,0.24414688348770142,0.0,0.0,0.0
"TIMOB-18965",False,"test",0.010105276480317116,0.6315058469772339,0.010106269270181656,0.010105795226991177,0.2775397300720215,0.010106559842824936,0.01010599173605442,0.010106257162988186,0.010106803849339485,0.010105825960636139,0.010105635039508343
"TIMOB-18958",False,"test",0.0,0.6927241086959839,0.14640220999717712,0.0,0.0,0.14571060240268707,0.0,0.0,0.0,0.0,0.0
"TIMOB-18882",False,"test",0.0,0.0,0.0,0.0,0.22152061760425568,0.1763649433851242,0.5834183096885681,0.0,0.0,0.0,0.0
"TIMOB-18864",False,"test",0.0,0.7092275619506836,0.0,0.0,0.0,0.0,0.0,0.0,0.20883607864379883,0.0,0.0
"TIMOB-18856",False,"test",0.0,0.9840448498725891,0.0,0.0,0.0,0.0,0.0,0.0,0.0,0.0,0.0
"TIMOB-18853",False,"test",0.0,0.08973900228738785,0.0,0.012697022408246994,0.08902940899133682,0.0,0.04719081521034241,0.5835003852844238,0.0,0.17461131513118744,0.0
"TIMOB-18824",False,"test",0.0,0.0,0.0,0.7981986403465271,0.0,0.0,0.0,0.07255702465772629,0.0,0.12363939732313156,0.0
"TIMOB-18759",False,"test",0.5623968243598938,0.3893798887729645,0.0,0.0,0.0,0.0,0.0,0.0,0.0,0.0,0.0
"TIMOB-18757",False,"test",0.6146939992904663,0.07792910933494568,0.0,0.27693119645118713,0.0,0.0,0.0,0.0,0.0,0.0,0.0
"TIMOB-18743",False,"test",0.0,0.3066076338291168,0.0,0.0,0.0,0.0,0.057604748755693436,0.07906291633844376,0.5321957468986511,0.0,0.0
"TIMOB-18733",True,"test",0.0,0.0,0.0,0.0,0.9604462385177612,0.0,0.0,0.0,0.0,0.0,0.0
"TIMOB-18732",False,"test",0.0,0.0,0.0,0.0,0.9393782615661621,0.0,0.0,0.0,0.0,0.0,0.0
"TIMOB-18724",False,"test",0.0,0.0,0.0,0.0,0.2182236909866333,0.08912740647792816,0.0,0.6011737585067749,0.0,0.08358893543481827,0.0
"TIMOB-18713",False,"test",0.0,0.0,0.0,0.0,0.0,0.9430812001228333,0.0,0.0,0.0,0.0,0.0
"TIMOB-18712",False,"test",0.0,0.9633098244667053,0.0,0.026493612676858902,0.0,0.0,0.0,0.0,0.0,0.0,0.0
"TIMOB-18704",False,"test",0.0,0.0,0.0,0.0,0.9521235227584839,0.0,0.0,0.0,0.0,0.0,0.0
"TIMOB-18683",False,"test",0.0,0.9464942216873169,0.0,0.0,0.0,0.0,0.0,0.0,0.0,0.0,0.0
"TIMOB-18678",True,"test",0.0,0.19643719494342804,0.0,0.0,0.14615781605243683,0.0,0.0,0.31563565135002136,0.3162202537059784,0.0,0.0
"TIMOB-18674",True,"test",0.1647682636976242,0.0,0.0,0.0,0.04944296181201935,0.4288167357444763,0.0,0.35200390219688416,0.0,0.0,0.0
"TIMOB-18671",False,"test",0.24365723133087158,0.0,0.20681218802928925,0.0,0.0,0.0,0.2791271507740021,0.24269671738147736,0.0,0.0,0.0
"TIMOB-18633",False,"test",0.0,0.0,0.1626877635717392,0.0,0.0,0.7691140174865723,0.0,0.0,0.0,0.0,0.0
"TIMOB-18622",False,"test",0.0,0.7817361354827881,0.0,0.0,0.0,0.0,0.0,0.1700402945280075,0.0,0.0,0.0
"TIMOB-18584",False,"test",0.0,0.0,0.0,0.0,0.7025013566017151,0.27190300822257996,0.0,0.0,0.0,0.0,0.0
"TIMOB-18581",False,"test",0.0,0.45705750584602356,0.0,0.0,0.4102665185928345,0.0,0.0,0.0,0.0,0.0,0.1010325476527214
"TIMOB-18571",False,"test",0.0,0.0,0.0,0.0,0.0,0.9350507259368896,0.0,0.0,0.0,0.0,0.0
"TIMOB-18557",False,"test",0.0,0.36235299706459045,0.0,0.0,0.0,0.6312977075576782,0.0,0.0,0.0,0.0,0.0
"TIMOB-18553",False,"test",0.0,0.0,0.0,0.0,0.0,0.9604659676551819,0.0,0.0,0.0,0.0,0.0
"TIMOB-18543",False,"test",0.0,0.2533811330795288,0.0,0.13358527421951294,0.0,0.19690516591072083,0.40127986669540405,0.0,0.0,0.0,0.0
"TIMOB-18518",False,"test",0.0,0.0,0.0,0.0,0.0,0.39373278617858887,0.2661500573158264,0.05967113748192787,0.0,0.27193254232406616,0.0
"TIMOB-18457",False,"test",0.0,0.18691222369670868,0.0,0.0,0.0,0.5337156057357788,0.0,0.0,0.0,0.12673155963420868,0.13905256986618042
"TIMOB-18452",False,"test",0.022838134318590164,0.02283911406993866,0.022838400676846504,0.4789685308933258,0.022838719189167023,0.022838015109300613,0.022838333621621132,0.022838512435555458,0.022838611155748367,0.31548428535461426,0.022839315235614777
"TIMOB-18441",False,"test",0.0,0.0,0.0,0.0,0.0,0.6373742818832397,0.0,0.2370898276567459,0.0,0.1119908019900322,0.0
"TIMOB-18424",False,"test",0.0,0.0,0.0,0.0,0.0,0.8845536708831787,0.0,0.08263203501701355,0.0,0.0,0.0
"TIMOB-18417",False,"test",0.0,0.2348305732011795,0.0766882598400116,0.0,0.12460621446371078,0.16380898654460907,0.19018352031707764,0.0,0.0,0.20110231637954712,0.0
"TIMOB-18401",False,"test",0.0,0.3721309006214142,0.0,0.0,0.09015073627233505,0.44416871666908264,0.02056138589978218,0.028851553797721863,0.0,0.04250111058354378,0.0
"TIMOB-18395",False,"test",0.0,0.0,0.0,0.0,0.436306357383728,0.0,0.0,0.48925381898880005,0.0,0.0,0.0
"TIMOB-18368",False,"test",0.011367355473339558,0.011367671191692352,0.011366982944309711,0.011367547325789928,0.011368094943463802,0.8863242268562317,0.011367647908627987,0.011367900297045708,0.011367406696081161,0.011367551982402802,0.011367592960596085
"TIMOB-18328",False,"test",0.0,0.641977846622467,0.0,0.0,0.0,0.0,0.0,0.0,0.32763180136680603,0.0,0.0
"TIMOB-18326",False,"test",0.0,0.37936633825302124,0.0,0.0,0.19600118696689606,0.0,0.0,0.15831990540027618,0.0,0.2581081688404083,0.0
"TIMOB-18325",False,"test",0.014176097698509693,0.39295220375061035,0.0,0.0,0.0,0.3412606418132782,0.0,0.0,0.0,0.24561457335948944,0.0
"TIMOB-18322",True,"test",0.0,0.9521376490592957,0.0,0.0,0.0,0.0,0.0,0.0,0.0,0.0,0.0
"TIMOB-18320",False,"test",0.0,0.0,0.0,0.0,0.0,0.0,0.0,0.7096261382102966,0.26112329959869385,0.0,0.0
"TIMOB-18215",False,"test",0.06834104657173157,0.0,0.0,0.158407524228096,0.0,0.13590702414512634,0.0,0.6127828359603882,0.0,0.0,0.012678728438913822
"TIMOB-18138",True,"test",0.0,0.31352466344833374,0.0,0.0,0.0,0.6745894551277161,0.0,0.0,0.0,0.0,0.0
"TIMOB-18053",False,"test",0.0,0.8467596173286438,0.0,0.0,0.0,0.0,0.0,0.1455906480550766,0.0,0.0,0.0
"TIMOB-18050",False,"test",0.0,0.0,0.0,0.0,0.0,0.0,0.0,0.9778117537498474,0.0,0.0,0.0
"TIMOB-17987",False,"test",0.011377702467143536,0.011378268711268902,0.011377514339983463,0.011378195136785507,0.011377963237464428,0.011377469636499882,0.5760476589202881,0.01137791108340025,0.011377919465303421,0.3215516209602356,0.011377776972949505
"TIMOB-17986",False,"test",0.0,0.3001001179218292,0.0,0.0,0.0,0.0,0.0,0.6758264899253845,0.0,0.0,0.0
"TIMOB-17972",False,"test",0.03033653274178505,0.030331920832395554,0.030333317816257477,0.030331632122397423,0.030332738533616066,0.03033796139061451,0.0303345937281847,0.030333207920193672,0.03033454902470112,0.696661114692688,0.030332470312714577
"TIMOB-17928",False,"test",0.0,0.0,0.07423931360244751,0.0,0.0,0.08043304830789566,0.1804608851671219,0.6555737853050232,0.0,0.0,0.0
"TIMOB-17926",False,"test",0.010103791020810604,0.010103830136358738,0.010103740729391575,0.010104738175868988,0.010103791952133179,0.8989603519439697,0.010103678330779076,0.010104143060743809,0.010103827342391014,0.010103963315486908,0.010104109533131123
"TIMOB-17917",False,"test",0.6969050765037537,0.030308568850159645,0.030309073626995087,0.030308298766613007,0.030308982357382774,0.030312534421682358,0.03030962496995926,0.030309146270155907,0.030309638008475304,0.030310332775115967,0.030308684334158897
"TIMOB-17903",False,"test",0.4579261839389801,0.02274334989488125,0.02274324558675289,0.022742770612239838,0.022743208333849907,0.022745953872799873,0.02274363301694393,0.33737894892692566,0.022745391353964806,0.02274431474506855,0.022742971777915955
"TIMOB-17902",False,"test",0.03032006323337555,0.030317259952425957,0.03031817078590393,0.030317436903715134,0.030317796394228935,0.03032069280743599,0.030318958684802055,0.030318044126033783,0.6968157291412354,0.030318204313516617,0.03031761944293976
"TIMOB-17894",False,"test",0.0,0.06739551573991776,0.0,0.0,0.33119064569473267,0.1368314027786255,0.0,0.32407382130622864,0.08957881480455399,0.04586488753557205,0.0
"TIMOB-17891",True,"test",0.0,0.4788518249988556,0.0,0.0,0.0,0.42994487285614014,0.0,0.06674669682979584,0.0,0.0,0.0
"TIMOB-17840",False,"test",0.0,0.12279768288135529,0.0,0.0,0.0,0.645297110080719,0.0,0.20916445553302765,0.0,0.0,0.0
"TIMOB-17836",False,"test",0.0,0.0,0.37773436307907104,0.0,0.0,0.563578724861145,0.0,0.0,0.0,0.0,0.0
"TIMOB-17822",False,"test",0.6578395962715149,0.0,0.0,0.0,0.0,0.28367677330970764,0.0,0.0,0.0,0.0,0.0
"TIMOB-17808",False,"test",0.7868172526359558,0.0,0.0,0.0,0.0,0.1376788467168808,0.07249397784471512,0.0,0.0,0.0,0.0
"TIMOB-17805",False,"test",0.0,0.0,0.0,0.0,0.0,0.0,0.0,0.9696610569953918,0.0,0.0,0.0
"TIMOB-17804",False,"test",0.0,0.0,0.0,0.0,0.0,0.0,0.0,0.9696599841117859,0.0,0.0,0.0
"TIMOB-17626",False,"test",0.0,0.39937517046928406,0.0,0.0,0.0,0.0,0.0,0.2986195385456085,0.0,0.28850609064102173,0.0
"TIMOB-17612",False,"test",0.0,0.0,0.0,0.0,0.0,0.0,0.0,0.0,0.0,0.9586118459701538,0.0
"TIMOB-17567",False,"test",0.0,0.3126758635044098,0.0,0.0,0.0,0.0,0.08290724456310272,0.11751869320869446,0.0,0.4752836227416992,0.0
"TIMOB-17561",False,"test",0.0,0.35627004504203796,0.0,0.0,0.025600017979741096,0.0,0.0,0.48182448744773865,0.0,0.0,0.13394537568092346
"TIMOB-17404",False,"test",0.0,0.2350338101387024,0.0,0.19218482077121735,0.0860116258263588,0.0,0.0,0.4812283515930176,0.0,0.0,0.0
"TIMOB-17340",False,"test",0.0,0.1158459484577179,0.0,0.03185901418328285,0.47358816862106323,0.0,0.0,0.3749120235443115,0.0,0.0,0.0
"TIMOB-17334",False,"test",0.0,0.9296393394470215,0.0,0.0,0.0,0.0,0.0,0.0,0.0,0.0,0.0
"TIMOB-16789",False,"test",0.11991133540868759,0.4555668830871582,0.0,0.05363541468977928,0.0,0.35316354036331177,0.0,0.0,0.0,0.0,0.0
"TIMOB-16697",False,"test",0.0,0.054953403770923615,0.0,0.0,0.0,0.7100764513015747,0.0,0.0,0.0,0.2170087844133377,0.0
"TIMOB-16678",False,"test",0.06551122665405273,0.010864377953112125,0.0,0.0,0.1545131355524063,0.0676751434803009,0.0,0.1829216182231903,0.0,0.506798505783081,0.0
"TIMOB-16471",False,"test",0.0,0.5500652194023132,0.0,0.0,0.0,0.0,0.0,0.44698813557624817,0.0,0.0,0.0
"TIMOB-15976",False,"test",0.0,0.4799937903881073,0.0,0.0,0.0,0.0,0.0,0.4989800453186035,0.0,0.0,0.0
"TIMOB-15890",False,"test",0.0,0.6902948021888733,0.0,0.0,0.0,0.19025203585624695,0.0,0.08093367516994476,0.0,0.03075273334980011,0.0
"TIMOB-15800",False,"test",0.0,0.0,0.0,0.0,0.0,0.9138108491897583,0.0,0.0,0.0,0.0,0.07157451659440994
"TIMOB-15780",False,"test",0.1660376489162445,0.0,0.16459496319293976,0.0,0.0,0.0,0.0,0.5574229955673218,0.09744077175855637,0.0,0.0
"TIMOB-15703",False,"test",0.0,0.23470507562160492,0.0,0.0,0.5876257419586182,0.0,0.0,0.08391125500202179,0.0,0.08698301762342453,0.0
"TIMOB-15258",False,"test",0.0,0.5993669033050537,0.0,0.1534682810306549,0.14870290458202362,0.0,0.0,0.09476827830076218,0.0,0.0,0.0
"TIMOB-15249",True,"test",0.0,0.7270269393920898,0.0,0.0,0.0,0.0,0.0,0.2660852074623108,0.0,0.0,0.0
"TIMOB-14963",False,"test",0.0,0.0,0.0,0.2582198679447174,0.0,0.27133575081825256,0.4393506944179535,0.0,0.0,0.02570284716784954,0.0
"TIMOB-14876",False,"test",0.0,0.0,0.4943646490573883,0.0,0.0,0.4912779629230499,0.0,0.0,0.0,0.0,0.0
"TIMOB-14612",False,"test",0.0,0.2721227705478668,0.0,0.0,0.0,0.0,0.0,0.3764421343803406,0.0,0.3221345841884613,0.0
"TIMOB-14449",False,"test",0.0,0.09962141513824463,0.0,0.0,0.0629090666770935,0.6618879437446594,0.0,0.16508394479751587,0.0,0.0,0.0
"TIMOB-14246",False,"test",0.0,0.7036042213439941,0.0,0.0,0.2742352783679962,0.0,0.0,0.0,0.0,0.0,0.0
"TIMOB-13254",False,"test",0.0,0.0,0.0,0.0,0.0,0.9090707898139954,0.0,0.0,0.0,0.0,0.0
"TIMOB-12153",False,"test",0.0,0.3048451840877533,0.0,0.0,0.0,0.0,0.0,0.6887326836585999,0.0,0.0,0.0
"TIMOB-11188",False,"test",0.0,0.0,0.0,0.0,0.0,0.03986867144703865,0.0,0.20664629340171814,0.0,0.741136372089386,0.0
"TIMOB-11152",False,"test",0.0,0.0,0.0,0.0,0.0,0.6771168112754822,0.0,0.25275367498397827,0.0,0.0,0.056897249072790146
"TIMOB-9742",False,"test",0.0,0.0,0.0,0.0,0.0,0.7487709522247314,0.0,0.2357495129108429,0.0,0.0,0.0
"TIMOB-8867",False,"test",0.010104704648256302,0.010104631073772907,0.010104604996740818,0.010104247368872166,0.010104693472385406,0.8989536762237549,0.010104263201355934,0.010105026885867119,0.010104803368449211,0.010104771703481674,0.010104620829224586
"TIMOB-8428",False,"test",0.0,0.17005720734596252,0.0,0.0,0.36300766468048096,0.4546688497066498,0.0,0.0,0.0,0.0,0.0
"TIMOB-8302",False,"test",0.0,0.0,0.0,0.0,0.0,0.5733456611633301,0.0,0.3803611993789673,0.0,0.0,0.0
"TIMOB-8231",False,"test",0.0,0.0,0.0,0.0,0.0,0.2826918959617615,0.0,0.680065929889679,0.0,0.0,0.0
"TIMOB-7855",False,"test",0.0,0.3270668685436249,0.0,0.0,0.6501848697662354,0.0,0.0,0.0,0.0,0.0,0.0
"TIMOB-7560",False,"test",0.0,0.2899620234966278,0.0,0.16014248132705688,0.0,0.0,0.19445881247520447,0.18730920553207397,0.0,0.0,0.15148599445819855
"TIMOB-7368",False,"test",0.0,0.20079055428504944,0.0,0.0,0.0,0.6209620833396912,0.0,0.0,0.0,0.07780289649963379,0.0943765714764595
"TIMOB-6998",False,"test",0.0,0.10088694095611572,0.0,0.0,0.0,0.0662834495306015,0.0,0.0,0.0,0.0,0.8228582739830017
"TIMOB-6597",False,"test",0.0,0.0,0.5239255428314209,0.0,0.0,0.4468401372432709,0.0,0.0,0.0,0.0,0.0
"TIMOB-5812",False,"test",0.010105106979608536,0.010105382651090622,0.010105125606060028,0.01010496262460947,0.010105152614414692,0.8989471197128296,0.010105323046445847,0.010105575434863567,0.010105585679411888,0.010105266235768795,0.010105399414896965
"TIMOB-5436",False,"test",0.0,0.2579265832901001,0.0,0.0,0.0,0.0,0.0,0.42413684725761414,0.03328850120306015,0.28128981590270996,0.0
"TIMOB-4609",False,"test",0.0,0.0,0.12841372191905975,0.0,0.8169403076171875,0.0,0.0,0.0,0.0,0.0,0.0
"TIMOB-1682",False,"test",0.0,0.5989494323730469,0.0,0.0,0.0,0.0,0.0,0.0,0.32661867141723633,0.0,0.0
